time_cost:531998ms
ontime_proportion:0.820000
max_delay:7
avg_delay:0.840000
avg_flowtime:22.900000
object function value:1563.333333
0
0
0
0
0
1
2
8
14
17
20
0
0
0
0
0
0
0
0
1
3
0
0
0
0
0
0
0
0
0
0
0
0
0
0
0
0
12
18
19
23
0
0
0
2
3
4
13
25
28
34
0
0
3
4
6
7
13
21
24
26
0
0
0
0
0
0
0
0
2
4
0
0
0
0
0
3
13
21
23
26
0
0
0
0
0
0
0
0
1
2
0
0
0
0
1
3
6
12
13
21
0
0
0
0
0
0
0
0
0
1
0
5
8
11
12
13
14
19
22
25
0
0
0
0
0
0
13
19
22
27
0
0
0
0
0
1
11
17
20
22
0
0
0
0
0
0
0
0
2
5
0
5
8
11
13
14
16
22
25
28
0
0
0
0
0
0
1
4
6
8
0
0
0
0
0
0
0
0
1
4
0
0
0
0
0
0
0
1
3
6
0
0
0
0
0
0
18
29
32
35
5
8
11
14
15
17
19
26
29
32
3
8
11
12
14
17
18
23
27
29
0
5
6
8
9
11
12
19
20
30
6
11
14
17
18
19
21
26
29
33
9
14
17
19
20
25
27
31
34
37
8
13
15
16
18
19
21
26
28
31
3
10
13
16
17
18
23
32
35
38
10
16
19
22
24
25
27
32
36
37
5
11
14
16
17
19
21
24
27
29
8
13
16
20
21
22
24
32
35
38
11
17
19
20
23
25
26
32
34
35
4
9
12
13
15
16
18
25
28
29
8
14
17
18
20
21
23
27
30
31
3
6
8
12
13
14
16
19
21
24
10
17
19
21
22
23
25
30
32
34
11
16
18
20
21
23
25
30
33
35
8
12
14
18
19
20
22
28
33
36
5
8
10
12
13
15
17
22
25
27
5
10
12
14
16
17
18
24
26
27
8
14
17
18
20
21
23
30
32
33
3
6
9
10
11
13
15
18
21
22
1
4
6
9
10
11
20
28
30
35
4
9
10
13
14
16
17
22
23
25
17
20
22
24
25
26
28
32
34
36
1
8
11
12
14
15
17
23
26
27
10
15
18
20
22
23
25
29
32
33
5
10
11
15
16
18
19
24
26
31
0
6
8
9
11
12
14
22
24
25
5
11
14
17
19
21
22
28
31
34
1
5
8
9
11
12
14
19
22
24
39
