time_cost:301913ms
ontime_proportion:0.800000
max_delay:1310546186112241900000000000000000000000000000000000000000000000000000000000000000000000000000000000000000000000000000000000000000000000000000000000000000000000.000000
avg_delay:1.620000
avg_flowtime:26.220000
object function value:1874.000000
0
0
0
0
1
3
5
15
20
23
25
0
0
0
1
3
4
9
14
17
18
0
0
0
0
0
0
0
0
0
1
0
2
5
6
7
11
17
28
31
34
0
5
8
11
12
13
17
26
29
32
0
0
0
0
0
0
0
1
3
4
0
0
0
0
0
1
10
15
16
18
0
0
0
0
0
0
8
12
14
19
0
0
0
0
1
3
10
14
17
20
0
0
0
0
0
0
0
0
0
1
0
0
0
0
0
1
14
20
22
27
0
0
0
0
0
2
9
16
17
23
0
0
2
4
5
6
16
20
26
28
0
1
3
7
8
9
21
29
31
37
0
0
0
0
1
2
11
17
20
24
0
0
0
0
0
0
0
0
2
5
0
4
6
7
9
10
12
18
20
23
0
0
1
2
3
5
15
23
26
28
0
0
0
0
2
4
11
16
18
22
0
0
0
0
0
0
0
0
0
1
4
11
14
15
17
18
20
27
30
31
6
12
15
20
21
22
23
34
37
41
2
6
8
11
12
13
18
30
32
36
2
7
8
10
11
13
16
21
22
25
4
9
11
15
17
18
20
26
28
29
2
5
10
14
15
17
19
22
25
29
15
23
26
27
29
30
32
36
40
42
5
10
11
15
16
18
19
24
25
35
6
11
14
18
19
20
21
26
29
33
13
17
20
23
25
26
28
32
35
37
13
20
23
25
27
28
30
39
42
43
6
11
12
16
17
19
20
25
26
31
4
9
12
15
16
17
18
24
27
30
11
17
20
21
23
24
26
31
34
35
2
8
11
17
19
20
22
27
29
31
11
16
18
21
23
24
26
31
33
36
1
4
6
8
9
20
24
39
41
43
1
6
7
9
10
12
13
18
19
33
5
14
16
19
21
22
24
31
33
34
3
6
8
12
13
14
16
19
21
24
5
10
12
13
15
16
17
22
24
25
3
8
9
13
14
16
17
22
24
30
7
10
13
17
20
23
25
28
31
32
1
6
8
10
11
15
22
32
34
36
1
8
10
11
13
14
22
37
39
40
10
15
18
21
22
26
28
33
36
38
7
12
15
16
18
21
23
29
32
34
13
20
23
26
27
28
30
37
40
43
8
13
16
19
20
22
23
29
32
36
10
17
20
23
24
25
26
34
37
40
45
