time_cost:51497ms
ontime_proportion:0.580000
max_delay:37
avg_delay:7.660000
avg_flowtime:33.940000
object function value:4331.333333
0
0
0
0
0
0
0
16
20
23
59
0
0
2
4
5
7
15
19
21
58
0
0
1
3
4
6
8
12
13
37
0
0
0
0
0
0
0
1
2
21
6
11
14
41
42
43
44
49
52
63
0
0
0
0
0
0
0
0
0
0
0
0
0
0
0
1
7
11
12
40
0
0
0
0
0
0
1
5
7
24
0
0
0
1
3
5
13
17
21
24
0
0
0
0
1
2
16
22
25
61
0
0
0
0
0
0
15
21
25
28
0
0
1
4
5
6
16
21
23
26
0
0
0
0
0
0
1
4
6
38
0
3
5
6
7
9
10
14
16
17
0
0
0
0
0
0
0
0
2
5
0
0
0
0
0
0
1
6
7
25
0
0
0
0
0
0
0
0
0
1
0
0
0
3
6
8
15
19
23
26
0
0
0
0
0
0
0
0
0
7
0
0
0
0
0
0
0
0
0
5
0
5
8
11
12
13
14
19
22
42
10
17
20
23
24
25
27
32
35
38
8
12
13
16
18
20
22
26
27
30
9
14
18
21
23
24
25
30
31
34
3
6
8
9
10
12
13
16
18
19
0
4
5
7
8
10
12
16
17
30
5
10
13
16
17
18
19
24
27
31
4
8
10
34
35
37
38
41
43
44
11
15
20
52
53
55
57
61
63
64
7
12
15
46
47
48
49
54
57
60
0
4
6
18
19
21
23
27
29
35
5
8
10
13
14
16
17
20
22
47
11
17
22
25
26
27
29
34
37
40
11
16
18
23
25
26
27
32
33
36
3
7
9
12
13
15
16
20
22
23
4
8
10
15
16
18
19
23
25
57
14
20
21
50
52
53
55
60
61
65
3
7
8
32
33
35
37
41
42
45
3
6
8
10
11
13
14
17
19
20
12
17
21
55
56
58
60
64
66
67
7
11
15
43
44
46
48
52
53
56
5
10
13
39
40
41
42
47
50
53
4
8
9
14
15
17
19
23
24
28
6
13
16
19
20
21
23
28
31
34
6
9
11
36
37
39
40
43
45
54
9
14
19
22
23
24
26
31
34
37
8
13
16
19
21
22
23
28
29
32
2
5
7
8
9
11
12
15
17
27
1
7
9
29
30
32
34
38
40
48
5
9
11
33
34
36
38
42
44
49
68
