time_cost:55806ms
ontime_proportion:0.780000
max_delay:15
avg_delay:1.800000
avg_flowtime:26.600000
object function value:2086.666667
0
0
0
0
0
0
0
5
13
15
18
0
0
0
0
0
0
0
0
0
1
0
0
0
0
0
0
0
0
3
5
0
0
0
0
0
1
4
11
13
24
0
0
0
0
1
3
5
8
9
11
0
0
1
3
4
6
8
12
15
28
0
0
0
0
0
0
0
3
5
7
0
0
0
0
0
0
0
0
0
1
0
0
0
0
0
0
6
14
17
21
0
0
0
0
0
0
1
4
5
21
0
0
0
0
0
2
11
22
24
28
0
0
0
0
0
0
0
0
1
9
0
0
0
0
0
0
10
20
22
27
0
0
0
0
0
0
0
0
0
19
0
0
2
4
6
7
11
24
27
33
0
0
0
0
0
0
0
2
5
6
0
0
0
0
0
0
0
0
2
3
0
0
0
0
0
0
0
0
0
2
0
0
1
4
5
7
9
12
13
16
0
0
0
0
0
0
0
0
0
7
1
9
12
15
16
17
18
21
24
27
5
14
16
19
21
23
24
29
31
34
6
15
17
21
23
25
26
31
33
36
8
17
20
22
23
24
25
29
32
34
5
8
11
13
14
15
16
25
28
35
1
4
5
8
9
11
13
16
17
36
8
16
19
20
21
22
23
26
29
36
7
13
16
29
31
32
33
36
39
41
1
4
7
14
16
17
18
22
25
39
8
19
22
24
25
26
27
31
34
36
1
5
8
10
11
15
17
24
27
43
0
10
13
23
24
26
28
32
35
44
3
6
7
17
19
21
23
26
27
37
0
17
20
33
35
36
37
40
43
47
0
4
7
9
10
11
12
16
19
23
8
17
20
24
25
26
27
31
34
37
10
19
22
35
36
38
40
44
47
49
0
3
4
5
7
9
14
25
26
45
6
13
16
17
18
19
20
27
30
38
5
9
12
14
15
16
17
29
32
35
0
5
8
10
12
13
15
20
23
25
4
11
14
25
27
28
29
32
35
50
9
20
22
25
27
29
30
35
37
40
3
6
9
12
13
14
15
18
21
23
12
27
30
32
33
34
35
38
41
42
4
8
11
13
14
16
18
22
25
27
2
11
14
16
17
18
19
23
26
30
5
8
11
31
33
34
35
38
41
52
3
7
10
14
15
16
17
22
25
31
8
15
19
21
22
23
24
28
31
33
54
