time_cost:250360ms
ontime_proportion:0.720000
max_delay:1310546186112246000000000000000000000000000000000000000000000000000000000000000000000000000000000000000000000000000000000000000000000000000000000000000000000000.000000
avg_delay:4.580000
avg_flowtime:32.140000
object function value:2871.333333
0
0
0
0
2
4
6
13
22
24
49
0
0
0
0
0
0
0
0
0
1
0
0
3
4
5
6
7
11
14
20
0
0
0
0
0
0
0
0
1
4
0
0
0
0
0
0
0
0
1
3
0
0
0
0
0
0
0
1
4
6
0
0
0
0
0
1
11
19
23
51
0
0
0
0
0
0
0
0
0
0
0
0
0
0
0
0
0
1
3
6
0
0
0
0
0
0
1
8
10
22
0
0
0
5
7
8
10
15
18
37
0
0
0
0
0
0
0
0
2
47
0
3
4
7
8
10
12
15
16
24
0
0
0
0
0
0
0
0
0
0
0
4
7
11
12
14
16
20
23
26
0
0
0
0
0
0
10
16
18
21
0
0
0
0
0
0
0
0
0
0
0
0
0
0
0
1
14
27
30
51
0
0
0
0
0
0
15
22
25
27
0
1
2
5
6
8
10
13
14
23
2
5
6
10
11
13
15
18
19
29
11
18
20
23
25
27
28
33
35
38
8
14
16
38
40
42
44
47
48
53
6
14
16
36
38
40
42
45
46
59
1
5
8
13
14
16
18
22
25
28
4
7
10
17
19
20
21
24
27
43
0
3
4
8
10
12
14
17
18
55
6
13
16
23
25
26
28
33
36
39
4
8
11
21
22
24
26
30
33
40
9
16
19
45
47
48
49
52
55
61
5
9
11
14
15
16
17
21
23
27
6
11
14
30
32
33
34
37
40
57
3
6
7
12
13
15
17
20
21
25
3
10
13
14
16
17
18
23
26
27
3
9
12
15
19
21
23
28
31
47
12
21
22
49
51
53
55
58
59
63
6
12
14
21
23
25
27
30
32
45
5
10
13
17
18
20
21
24
27
30
1
5
8
15
16
18
20
24
27
32
5
11
14
18
20
21
23
28
31
43
9
14
15
41
43
45
47
50
51
65
2
6
9
16
17
19
21
25
28
33
8
14
16
28
30
32
34
37
39
41
5
8
11
12
13
14
15
18
21
25
2
6
9
20
21
22
23
27
29
34
13
21
24
26
27
28
29
33
36
38
6
16
19
31
33
34
36
41
44
57
3
7
10
19
20
22
24
27
28
35
8
15
18
35
37
38
40
45
48
55
8
14
17
33
35
37
39
42
44
53
67
