time_cost:58058ms
ontime_proportion:0.680000
max_delay:26
avg_delay:4.100000
avg_flowtime:28.040000
object function value:3134.666667
0
0
0
0
0
1
2
3
8
11
28
0
0
0
0
0
0
0
0
0
15
0
0
0
0
0
0
0
3
4
29
0
0
0
0
0
0
0
0
2
8
0
0
0
0
0
0
0
0
0
1
0
0
0
0
0
0
0
0
1
4
0
0
0
0
0
0
0
0
0
2
0
0
0
0
0
1
13
19
23
27
0
0
0
0
0
0
2
6
7
26
0
0
0
0
0
1
16
22
25
28
0
0
0
0
0
0
12
17
19
34
0
0
0
0
0
0
0
0
0
17
0
0
0
0
0
0
0
0
0
3
0
0
0
1
2
4
12
17
20
36
0
0
0
0
0
0
0
0
0
5
0
0
0
0
0
1
8
12
14
20
0
0
0
0
0
0
0
0
1
4
0
0
1
6
7
9
13
19
20
37
0
0
0
0
0
0
0
0
0
0
0
0
1
2
3
5
6
10
12
21
8
13
16
19
20
21
23
28
31
34
0
5
11
24
25
26
27
32
35
38
6
11
13
16
17
18
20
25
26
29
4
9
11
19
20
22
24
28
30
31
8
14
19
22
23
24
26
33
36
39
9
14
17
21
22
23
25
30
33
36
6
11
14
32
33
34
35
40
43
46
4
8
9
12
13
15
17
21
23
42
0
4
6
30
31
33
34
38
40
47
3
7
8
10
11
13
15
19
23
48
8
13
17
20
21
22
24
29
30
33
10
16
18
33
34
36
37
41
43
49
4
10
13
22
23
24
25
30
33
50
3
8
11
14
15
16
17
22
25
43
9
14
17
20
21
27
29
34
37
40
13
18
20
23
24
25
27
32
33
36
4
9
10
13
14
15
17
22
23
26
14
19
22
39
40
42
44
48
50
53
7
12
14
17
18
19
21
26
27
30
14
21
23
26
28
29
30
35
38
41
2
6
8
9
10
12
14
20
26
51
4
8
10
13
14
16
18
22
25
52
8
13
17
23
24
25
27
32
35
38
1
4
6
7
8
10
11
14
16
27
11
16
20
24
25
27
29
34
37
41
13
18
21
40
41
42
43
48
51
54
18
23
24
44
46
47
49
54
55
56
4
8
10
11
12
14
16
20
22
25
8
12
14
23
24
26
28
32
34
35
12
17
20
41
42
43
44
49
52
55
58
