time_cost:49919ms
ontime_proportion:0.780000
max_delay:20
avg_delay:2.080000
avg_flowtime:27.060000
object function value:2102.000000
0
0
0
0
0
0
0
0
2
3
7
0
0
0
0
0
0
0
0
0
3
0
0
1
7
9
10
12
17
18
20
0
0
2
4
5
7
8
11
13
15
0
0
0
0
0
0
0
0
0
0
0
0
0
0
1
2
16
21
24
27
0
0
0
0
0
0
0
3
4
18
0
0
0
1
2
4
5
8
10
16
0
0
0
0
0
0
0
1
2
5
0
0
0
2
3
5
6
10
12
25
0
0
0
0
0
1
10
15
18
21
0
0
0
0
1
3
4
7
9
22
0
3
5
6
7
9
10
14
16
17
0
0
0
0
0
0
0
0
1
3
0
4
6
24
25
27
28
32
34
35
0
0
0
0
0
2
7
10
12
26
0
0
0
0
0
0
0
1
8
11
0
0
0
0
0
0
16
20
23
26
0
0
0
0
0
0
14
19
22
26
0
0
0
0
0
0
16
20
23
36
4
9
14
17
18
19
21
26
29
32
1
5
6
10
11
13
15
19
20
38
5
9
11
12
13
15
16
20
22
40
7
13
16
30
31
32
33
38
41
44
0
3
5
9
10
12
13
16
19
29
7
12
13
18
20
22
24
28
29
32
3
7
9
11
12
14
16
20
22
23
9
14
15
27
29
30
32
37
38
41
5
11
12
15
17
18
19
24
25
28
9
12
15
31
32
34
35
38
40
45
10
14
16
34
35
37
39
43
44
46
3
8
9
12
14
15
17
22
25
30
2
7
13
16
17
18
20
25
28
31
3
7
9
13
14
16
19
23
28
47
8
13
16
20
21
22
24
29
32
35
11
16
17
32
34
35
37
42
43
48
3
7
10
13
15
17
19
23
26
29
1
6
7
10
11
12
17
22
23
26
4
9
12
15
16
17
20
25
29
33
14
19
20
23
24
25
27
32
33
36
7
12
13
16
18
20
22
26
27
34
12
16
19
37
38
40
41
44
46
50
14
19
20
23
25
26
27
33
34
37
13
17
20
39
40
42
44
48
50
51
11
16
17
20
22
24
26
30
31
36
7
12
16
19
20
21
23
28
31
34
1
5
7
14
15
19
21
25
27
52
14
18
21
43
44
46
47
50
52
53
9
15
19
22
23
24
26
31
35
38
11
18
22
25
26
27
29
34
37
40
54
