time_cost:289294ms
ontime_proportion:0.760000
max_delay:1310546186112243800000000000000000000000000000000000000000000000000000000000000000000000000000000000000000000000000000000000000000000000000000000000000000000000.000000
avg_delay:2.460000
avg_flowtime:27.000000
object function value:2300.000000
0
0
0
0
0
0
0
20
24
28
31
0
0
0
0
0
0
17
21
22
25
17
21
22
40
42
43
45
50
51
52
0
0
0
0
0
2
20
25
29
33
0
0
0
0
1
3
5
9
10
19
0
0
0
0
0
0
0
0
1
4
0
0
0
0
0
0
0
4
6
7
0
0
0
0
0
0
0
0
0
0
0
0
0
0
0
0
22
26
31
34
0
0
0
0
0
0
4
9
12
20
6
11
12
15
17
18
20
25
32
35
0
3
5
6
7
9
10
13
15
21
0
0
0
0
0
0
0
0
0
1
0
0
0
0
0
0
0
0
0
3
0
0
1
34
36
37
39
44
45
46
0
0
0
0
0
1
23
28
29
32
0
0
0
0
0
0
0
0
0
4
0
0
0
0
0
0
0
0
0
1
0
0
0
2
3
5
7
11
12
17
0
0
1
4
6
7
9
14
18
22
1
6
9
12
13
14
15
20
23
27
9
14
16
19
20
21
24
29
32
35
12
17
25
28
29
30
32
37
38
41
9
14
16
20
22
24
25
30
32
37
1
5
6
9
11
13
15
19
20
27
8
13
14
32
34
35
37
42
43
44
9
13
20
23
25
27
29
33
37
40
9
14
17
20
21
22
24
29
35
38
2
6
7
9
10
12
14
18
19
23
3
8
9
12
14
15
16
21
22
27
5
9
12
15
18
22
24
28
29
36
11
16
18
38
40
41
43
48
49
50
2
7
9
11
12
15
16
19
21
25
6
11
15
18
19
20
25
30
35
39
0
5
13
16
20
21
23
28
31
34
13
17
19
25
27
29
31
35
36
42
5
9
11
16
17
19
21
25
27
36
0
5
8
18
19
20
21
26
29
37
5
9
11
14
15
17
19
23
25
28
5
9
11
13
14
16
18
22
24
26
3
7
9
10
11
13
15
19
21
24
1
5
7
8
9
11
13
17
19
22
13
18
19
42
44
45
47
52
53
54
19
24
26
29
31
32
33
38
39
42
2
6
8
15
16
18
20
24
26
31
9
13
15
18
21
23
25
29
32
38
9
14
15
18
20
21
22
27
28
31
4
10
12
29
31
32
34
39
40
48
7
12
13
16
17
19
25
30
34
37
11
16
26
29
30
31
33
38
41
44
56
