time_cost:333997ms
ontime_proportion:0.880000
max_delay:1310546186112241100000000000000000000000000000000000000000000000000000000000000000000000000000000000000000000000000000000000000000000000000000000000000000000000.000000
avg_delay:0.580000
avg_flowtime:23.440000
object function value:981.333333
0
0
0
0
0
0
1
3
8
10
15
0
0
0
0
0
0
0
0
2
6
0
0
0
0
0
1
10
17
19
21
0
0
0
0
0
0
0
0
0
0
0
0
0
0
0
0
0
0
0
3
0
0
0
5
6
7
12
16
18
22
0
0
0
0
0
0
0
0
2
5
0
0
0
0
1
2
11
23
26
29
0
0
0
0
0
0
12
21
23
25
0
0
0
0
0
0
0
0
2
3
0
0
0
0
0
0
0
0
3
7
0
0
1
2
4
5
10
16
18
19
0
1
2
4
5
7
10
15
19
24
0
0
0
0
0
0
0
0
3
12
0
0
0
0
0
0
0
0
0
1
0
0
0
0
0
0
0
0
0
0
0
0
0
0
0
0
0
0
0
2
0
0
0
0
0
0
13
18
21
25
0
3
5
7
8
9
13
19
21
23
0
3
5
8
9
10
18
23
25
27
7
13
16
20
21
22
24
29
32
35
5
10
13
16
17
18
19
24
27
31
5
11
14
18
19
20
22
27
30
33
1
5
8
21
23
24
26
30
33
38
5
10
13
16
17
18
20
25
28
31
4
7
10
11
12
14
16
21
24
26
3
7
10
11
13
14
16
20
23
36
0
4
7
19
21
22
24
28
31
33
5
10
11
13
14
16
17
22
23
27
2
7
9
13
15
16
17
28
31
32
14
18
21
29
31
32
34
38
41
42
10
14
17
19
21
22
24
29
32
33
6
13
14
17
18
20
21
26
31
34
8
13
16
17
20
21
22
32
34
35
0
8
10
11
13
14
16
23
25
27
5
10
13
17
18
19
20
25
28
32
0
4
7
11
13
23
25
30
33
35
8
16
18
23
25
26
28
33
35
37
1
6
7
9
10
12
13
18
19
23
5
10
13
18
19
20
21
26
29
35
7
13
16
21
22
24
26
31
34
37
1
5
8
9
11
12
15
19
22
23
0
3
5
8
9
10
18
21
23
28
1
5
8
9
11
12
14
18
21
25
3
8
11
14
15
16
17
22
25
28
0
3
5
10
12
13
15
30
32
36
11
16
19
21
23
24
26
32
35
37
10
14
17
23
25
26
28
32
35
40
7
11
16
17
19
20
22
27
30
31
10
14
16
19
20
21
23
27
29
32
44
