time_cost:49649ms
ontime_proportion:0.680000
max_delay:36
avg_delay:3.500000
avg_flowtime:31.160000
object function value:3238.666667
0
0
0
0
5
7
9
11
15
17
31
0
0
0
0
0
0
0
0
0
1
0
0
3
4
5
6
7
11
14
19
0
0
0
0
0
0
0
0
1
4
0
0
0
0
0
0
0
0
1
3
0
0
0
0
0
0
0
1
4
6
0
0
0
0
0
1
8
14
17
38
0
0
0
0
0
0
0
0
0
0
0
0
0
0
0
0
0
1
3
6
0
0
0
0
0
0
8
14
16
24
0
0
0
1
3
4
7
12
15
20
0
0
0
0
0
0
0
0
2
26
0
3
4
7
8
10
12
15
16
19
0
0
0
0
0
0
0
0
0
0
0
4
7
15
16
18
20
24
27
30
0
0
0
0
0
0
10
18
20
24
0
0
0
0
0
0
0
0
0
0
0
0
0
0
0
1
12
23
26
39
0
0
0
0
0
0
17
28
31
33
0
1
2
5
6
8
10
13
14
18
2
5
6
20
21
23
25
28
29
43
9
17
19
22
24
26
27
32
34
37
1
4
5
8
10
12
14
17
18
40
6
12
13
33
35
37
39
42
43
44
8
16
19
42
43
45
47
51
54
56
4
10
13
35
37
38
39
42
45
54
8
14
15
46
48
50
52
55
56
57
2
11
14
27
29
30
32
37
40
42
4
8
11
16
17
19
21
25
28
48
13
21
24
49
51
52
53
56
59
61
5
9
11
12
13
14
15
19
21
23
6
11
14
31
33
34
35
38
41
59
17
24
25
53
54
56
58
61
62
65
2
5
9
10
11
12
13
16
19
22
3
8
11
14
16
17
19
25
28
46
2
5
6
13
15
17
19
22
23
28
5
10
12
17
19
21
23
26
28
44
5
9
12
16
17
19
20
26
29
41
1
5
8
21
22
24
26
30
33
37
6
13
16
29
31
32
34
39
42
48
9
17
18
51
53
55
57
60
61
63
2
6
9
11
12
14
16
20
23
25
5
8
10
12
14
16
18
21
23
25
4
7
10
11
13
15
16
19
22
23
2
6
8
17
18
20
21
25
27
66
13
23
26
28
29
30
31
35
38
40
7
14
17
33
35
36
38
43
46
52
3
6
7
10
11
13
15
18
19
22
8
16
19
35
37
38
40
45
48
54
12
19
21
37
39
41
43
46
48
50
67
