time_cost:249674ms
ontime_proportion:0.860000
max_delay:16
avg_delay:1.100000
avg_flowtime:25.900000
object function value:1263.333333
0
0
0
0
0
0
0
0
4
5
9
0
0
0
0
0
0
9
15
19
21
0
0
0
0
0
0
14
19
22
24
0
3
6
8
9
10
12
15
18
22
0
0
0
0
1
2
17
29
32
35
0
0
2
5
7
8
14
19
22
25
0
0
0
0
0
0
0
0
0
2
0
0
0
0
0
0
0
0
0
1
0
0
0
0
0
0
0
0
0
0
0
0
0
6
12
14
15
22
24
30
0
0
0
0
0
1
6
11
14
26
0
0
0
0
0
0
0
0
0
1
0
0
0
0
0
0
15
20
24
26
0
0
1
2
4
6
15
21
23
26
0
0
0
0
0
0
0
1
4
6
0
0
0
0
0
0
0
0
1
3
0
0
0
1
2
4
6
11
13
24
0
2
3
4
5
10
12
17
19
20
0
0
3
5
6
8
10
15
20
22
0
0
0
0
0
0
0
8
11
23
4
8
11
16
17
18
20
23
26
30
0
4
6
7
8
10
12
16
18
21
5
11
14
20
21
22
24
27
30
42
3
11
14
16
19
21
23
28
31
33
12
17
18
20
24
26
28
33
34
36
11
18
20
34
36
37
39
43
45
48
2
6
8
12
13
17
19
25
27
41
7
14
15
17
18
20
22
27
28
30
8
13
16
28
30
31
33
37
39
44
9
16
17
18
22
24
26
31
32
33
2
5
8
14
15
16
18
21
24
31
3
6
9
13
14
15
17
22
25
38
10
18
20
23
24
25
26
31
33
36
1
6
8
11
12
14
16
20
22
27
4
7
10
15
16
17
19
22
25
36
4
9
11
18
19
21
22
27
29
39
0
3
6
9
10
11
15
24
27
40
4
9
11
19
20
22
23
28
30
43
9
14
17
19
22
24
26
31
34
37
1
6
7
8
10
12
14
20
23
24
4
10
12
13
17
19
20
25
26
28
7
13
15
16
20
23
25
30
31
32
5
10
13
15
16
20
22
27
30
32
6
11
14
17
19
22
24
29
32
35
7
14
16
32
34
35
37
41
43
46
4
7
10
17
18
19
21
24
27
37
9
14
23
25
26
28
30
35
38
40
1
4
7
10
11
12
14
17
20
25
14
19
20
21
24
26
27
32
33
36
8
14
16
18
21
24
26
31
32
34
50
