time_cost:273017ms
ontime_proportion:0.700000
max_delay:37
avg_delay:5.380000
avg_flowtime:30.140000
object function value:3004.666667
0
0
0
0
0
0
0
0
0
0
0
0
0
0
0
0
0
0
0
2
4
0
0
0
0
0
0
9
21
24
26
0
3
6
12
13
15
17
21
24
28
0
0
0
0
0
0
9
22
25
63
0
0
0
0
0
1
8
19
22
61
0
0
0
0
0
0
13
30
33
36
0
0
0
0
0
0
0
0
1
2
0
0
0
0
0
0
0
0
0
1
0
0
0
0
0
0
0
0
1
5
0
2
8
10
12
14
15
31
34
37
0
0
0
1
2
3
4
10
13
14
0
0
0
0
0
0
0
0
3
9
0
0
0
0
0
0
12
28
31
36
0
3
6
9
10
12
14
18
21
25
0
0
0
0
0
0
0
0
0
0
0
3
5
7
9
11
13
16
18
40
0
0
0
0
0
0
1
6
8
10
0
0
0
0
0
0
0
0
1
3
0
0
0
0
0
0
0
14
17
25
0
4
6
7
8
9
10
14
16
22
7
16
19
21
23
25
26
30
33
35
2
12
14
20
22
24
26
29
31
34
6
11
12
36
38
40
42
45
46
47
5
9
11
13
14
15
16
20
22
26
4
8
11
15
16
18
20
24
27
31
4
7
8
19
21
23
25
28
29
40
5
9
11
18
19
21
22
26
29
46
0
11
14
15
16
17
18
21
24
29
9
16
17
44
46
48
50
53
54
55
4
7
8
17
18
20
22
25
26
32
1
5
7
8
9
10
11
15
17
21
3
7
10
12
13
14
15
18
21
22
1
4
7
29
31
32
33
36
39
53
11
27
30
32
33
34
35
39
42
44
4
8
10
11
12
13
14
18
20
23
2
5
6
10
11
13
15
18
19
24
8
17
19
22
24
26
27
32
34
37
7
14
16
23
25
27
29
33
35
44
4
8
10
14
15
16
17
21
23
27
5
10
13
16
18
19
21
26
29
32
10
19
22
30
32
34
36
39
41
46
7
13
14
38
40
42
44
47
48
57
7
13
16
51
53
54
55
58
61
65
10
19
22
25
27
29
30
35
37
40
4
10
13
34
36
37
38
41
44
49
8
15
18
27
29
30
32
37
40
42
8
14
15
42
44
46
48
51
52
59
3
11
14
18
20
22
24
29
32
38
0
6
9
16
17
19
21
25
28
33
67
