time_cost:350684ms
ontime_proportion:0.720000
max_delay:15
avg_delay:1.980000
avg_flowtime:28.820000
object function value:2760.666667
0
0
0
0
1
3
4
15
22
24
27
0
0
1
3
4
5
20
23
25
27
0
0
0
0
0
0
16
21
23
25
0
0
1
5
7
8
26
33
37
40
0
0
0
0
0
1
4
9
13
21
0
0
0
0
0
0
0
0
1
6
0
7
10
13
14
15
16
21
24
27
0
0
0
0
0
0
26
31
33
34
0
4
7
10
11
12
14
19
22
28
0
0
0
0
0
0
0
0
3
4
0
0
0
0
1
2
15
20
22
23
0
0
3
5
6
8
10
13
16
25
0
1
4
7
8
9
33
38
41
44
0
0
0
0
0
0
0
0
0
0
0
0
1
4
5
6
8
15
17
30
0
0
0
0
1
2
31
36
39
43
0
0
0
3
5
6
18
24
26
38
0
0
0
0
0
1
9
22
25
26
0
4
6
7
9
10
11
16
18
19
0
0
0
0
0
0
0
0
0
1
14
17
19
21
26
27
34
39
42
44
7
11
14
15
17
18
20
25
28
37
5
10
11
13
14
16
17
23
24
29
4
12
15
19
21
22
24
28
31
32
5
10
12
15
17
18
20
25
27
42
0
10
13
20
21
23
25
28
31
40
1
6
8
9
11
12
13
18
20
21
10
15
16
23
24
26
29
34
36
39
8
14
15
17
22
24
28
33
35
38
2
8
12
16
20
22
24
29
30
35
8
15
18
19
22
25
27
31
34
35
9
12
14
16
17
18
20
24
26
28
4
7
9
12
13
14
28
31
33
36
1
6
8
11
13
14
16
21
23
36
6
12
15
21
23
24
26
30
33
34
7
12
14
18
22
23
28
32
34
37
1
4
7
8
9
11
17
20
23
24
3
8
9
14
20
22
23
28
29
33
11
14
17
19
25
26
31
34
37
39
6
11
12
15
18
20
23
28
29
32
0
9
13
17
19
20
22
26
29
30
4
9
11
13
15
16
21
26
28
29
1
4
7
9
10
12
14
18
21
31
10
15
18
27
28
29
31
36
39
42
8
17
20
23
25
26
28
32
35
39
11
16
17
22
23
25
31
36
38
41
5
8
10
19
20
21
23
26
28
34
3
8
9
11
12
14
15
20
21
26
0
5
8
11
12
13
23
29
32
36
12
17
19
31
33
34
35
40
42
44
46
