time_cost:50919ms
ontime_proportion:0.420000
max_delay:74
avg_delay:21.440000
avg_flowtime:51.760000
object function value:6525.333333
0
0
2
3
4
5
6
7
11
12
15
0
0
0
0
0
0
13
18
20
24
0
0
0
1
2
4
9
17
20
77
0
0
0
2
3
5
7
12
14
76
0
0
3
59
60
62
63
67
70
83
0
0
0
0
0
0
0
0
0
1
0
0
0
0
0
0
1
5
8
17
0
0
3
57
59
61
62
65
66
78
0
0
0
0
0
0
0
0
0
11
0
0
0
0
1
3
14
21
24
95
0
0
0
0
0
0
0
0
1
86
2
3
4
51
53
55
56
59
60
64
0
0
0
0
0
0
0
0
2
37
0
0
0
0
0
0
0
0
1
26
0
0
0
0
0
0
2
8
11
28
0
0
0
0
0
0
3
6
8
66
0
0
0
0
0
0
0
0
2
5
0
0
0
0
0
1
12
17
20
94
0
0
0
0
0
0
0
0
1
3
13
19
21
22
24
25
27
30
32
33
5
9
10
13
15
16
17
21
22
44
5
8
9
32
34
36
37
40
41
42
10
15
16
80
82
83
84
88
89
92
0
4
5
31
32
33
34
38
39
40
1
5
6
48
50
51
52
56
57
60
9
13
14
84
86
87
88
92
93
96
0
5
7
35
36
38
40
45
47
82
9
15
17
18
22
24
26
29
31
35
5
9
13
29
31
33
34
38
41
46
8
13
16
19
20
22
24
29
32
35
4
7
8
9
11
13
14
17
18
21
5
12
14
38
39
41
43
48
50
98
1
5
6
16
17
18
19
23
24
50
2
6
9
24
25
27
28
32
35
36
0
4
7
8
9
11
12
16
19
25
6
11
13
62
64
66
67
70
71
72
9
14
17
20
22
24
26
31
34
37
5
9
12
18
19
21
22
26
29
99
5
9
12
23
25
27
28
32
35
100
5
14
17
55
57
59
60
64
67
70
5
12
15
39
40
42
43
47
50
101
0
5
6
53
55
57
59
63
64
68
0
4
5
6
7
8
9
13
14
20
9
14
17
74
76
78
79
83
86
88
12
16
19
20
23
26
28
31
33
37
5
10
12
19
20
22
24
29
31
34
0
4
5
7
8
9
10
14
15
41
13
20
23
26
27
29
31
36
39
42
9
17
20
23
24
26
28
33
36
39
13
20
21
90
92
93
94
98
99
102
104
