time_cost:52293ms
ontime_proportion:0.660000
max_delay:32
avg_delay:4.400000
avg_flowtime:29.300000
object function value:3376.666667
0
0
0
0
3
5
6
9
20
23
33
0
0
0
1
2
3
5
11
14
17
0
0
0
0
2
3
12
23
26
28
0
3
6
7
8
9
10
20
23
27
0
0
0
0
0
0
0
0
0
0
0
0
0
0
0
0
12
21
22
47
0
0
0
0
0
0
0
0
2
4
0
0
0
0
0
0
0
0
3
5
0
0
0
0
0
0
0
0
0
5
0
0
0
0
0
0
0
0
1
2
0
9
12
23
24
26
28
32
35
49
0
0
0
0
0
0
0
0
0
5
0
0
0
2
4
5
6
9
12
27
0
0
0
0
0
0
12
17
23
26
0
0
0
0
0
0
0
0
2
8
0
0
0
0
0
1
3
6
7
15
0
0
0
0
1
2
9
15
18
20
0
0
0
0
1
3
5
8
9
21
0
0
0
0
0
0
0
4
6
7
0
0
1
4
5
7
13
22
23
54
1
5
8
10
11
13
15
19
22
24
8
13
16
22
23
24
25
28
31
32
0
3
6
10
11
12
13
26
29
37
5
9
11
12
13
14
15
19
21
31
7
12
15
23
25
26
28
33
36
38
8
15
17
20
22
24
25
30
32
35
9
16
21
25
27
28
30
35
38
41
4
9
12
18
20
21
23
28
31
35
6
13
16
18
19
20
21
25
28
30
12
19
22
28
29
30
31
35
38
40
8
16
18
24
26
28
29
34
36
40
7
14
16
22
24
27
28
33
35
38
9
18
19
52
54
56
58
61
62
63
6
12
15
38
40
41
42
45
48
50
1
6
9
32
34
35
36
39
42
55
9
19
20
45
47
49
51
54
55
59
0
3
6
29
31
32
33
36
39
41
0
3
4
17
18
20
22
25
26
34
1
7
9
11
12
13
14
18
20
40
3
11
13
16
18
20
21
26
28
31
6
12
15
43
45
46
47
50
53
57
2
6
8
9
10
11
12
20
22
61
3
6
7
13
15
17
19
22
23
25
4
7
8
22
23
25
27
30
31
35
4
8
11
12
13
15
16
22
25
29
1
4
5
18
20
22
24
27
28
36
4
10
13
15
17
18
20
25
28
30
3
7
10
11
12
13
14
17
20
21
1
5
7
8
9
10
11
15
17
20
9
16
19
21
22
23
24
31
34
36
65
