time_cost:543439ms
ontime_proportion:0.760000
max_delay:16
avg_delay:2.120000
avg_flowtime:25.100000
object function value:2236.666667
0
0
0
0
5
7
8
11
16
18
19
0
0
1
3
4
5
12
15
21
23
0
0
0
0
0
0
5
10
12
13
0
0
1
3
5
6
8
14
16
17
0
0
0
0
0
1
3
8
11
17
0
0
0
0
0
0
0
0
1
6
0
7
12
15
16
17
18
23
26
31
0
0
0
0
0
0
28
36
38
39
0
6
9
13
14
15
17
22
25
28
0
0
0
0
0
0
0
0
3
4
0
0
0
0
1
2
25
30
32
33
0
0
3
5
6
8
10
13
16
18
0
1
4
8
9
10
27
32
35
41
0
0
0
0
0
0
0
0
0
0
0
0
1
4
5
6
8
13
15
22
0
0
0
0
1
2
6
11
17
20
0
0
0
1
3
4
7
12
14
15
0
0
0
0
0
1
8
20
23
24
0
4
6
7
9
10
11
16
18
21
0
0
0
0
0
0
0
0
0
1
10
13
15
17
18
19
21
24
26
28
16
20
23
24
26
27
29
33
36
37
23
28
29
31
32
34
35
40
41
43
8
15
18
20
22
23
25
29
32
39
6
13
16
23
25
26
28
33
35
36
0
3
6
7
8
10
12
18
21
33
1
6
8
9
11
12
20
26
28
29
7
12
13
16
17
19
24
29
33
40
12
17
19
24
25
27
28
33
34
37
2
7
8
10
11
13
14
19
20
30
8
18
21
22
24
25
27
31
34
35
4
8
10
12
14
15
20
23
25
27
8
14
16
19
20
21
27
30
33
39
1
6
8
11
13
14
16
21
23
27
4
10
14
16
18
19
21
25
28
32
24
27
29
32
34
35
37
40
42
45
1
4
7
12
14
17
24
29
32
34
3
8
9
11
12
14
15
20
21
26
17
20
23
25
27
28
32
35
37
39
19
26
27
29
30
32
33
38
39
42
20
25
28
29
31
32
34
38
41
42
23
28
30
31
33
34
35
41
43
44
1
4
7
9
10
12
14
17
20
23
3
8
11
14
15
16
18
23
31
35
4
10
15
18
20
21
23
27
30
34
11
16
19
25
27
29
30
35
36
38
5
11
13
21
22
23
25
28
30
36
4
9
10
15
16
18
19
24
25
27
0
5
8
11
13
14
16
21
24
27
13
18
22
25
28
30
31
36
38
41
46
