time_cost:55362ms
ontime_proportion:0.520000
max_delay:68
avg_delay:16.640000
avg_flowtime:47.440000
object function value:5381.333333
0
0
0
0
0
0
0
0
0
0
4
0
0
0
0
0
0
19
23
25
26
0
0
0
0
0
0
0
0
0
1
0
0
0
0
0
0
0
0
3
62
0
0
0
0
0
2
7
11
14
65
0
0
0
0
0
0
11
15
17
69
0
0
0
0
1
3
4
7
8
47
0
0
0
0
0
0
0
0
1
6
0
0
0
0
0
0
0
0
1
3
0
0
0
0
0
0
1
5
6
72
0
0
0
0
0
0
0
2
5
8
0
0
0
0
0
0
2
5
8
10
0
0
1
2
4
5
11
16
18
22
0
0
0
3
4
6
17
23
26
29
0
0
0
2
3
5
9
15
17
61
0
0
0
0
0
0
0
0
0
0
0
0
0
0
0
1
11
15
16
60
0
0
0
0
0
0
0
9
12
86
0
0
0
4
5
7
9
15
16
82
0
0
2
5
6
8
15
20
24
87
0
10
13
33
35
37
38
42
45
67
8
14
16
17
19
20
22
25
27
28
12
17
20
23
24
26
28
33
36
39
7
11
14
30
31
33
34
38
41
46
3
8
10
49
50
51
52
56
57
58
2
7
9
11
12
14
16
21
23
75
1
5
6
12
14
15
16
20
21
88
1
4
5
27
29
31
32
35
36
37
5
8
9
21
23
25
26
29
30
31
4
8
9
14
16
17
18
22
23
70
8
14
17
20
21
23
25
30
33
36
1
5
6
16
18
19
20
24
25
39
5
10
12
26
27
29
31
36
38
45
8
13
14
43
45
47
48
51
52
53
15
19
22
78
80
82
83
87
90
92
5
8
11
23
24
26
28
31
34
36
5
9
11
51
53
55
56
59
60
63
2
7
9
35
36
38
40
45
47
50
8
14
15
56
58
59
60
64
65
73
7
12
15
18
19
21
23
28
31
34
5
9
10
18
20
22
24
28
29
90
1
5
6
7
8
9
10
14
15
41
8
12
15
42
43
45
47
50
53
55
4
9
12
24
26
28
30
34
35
76
11
16
18
84
86
87
88
92
93
96
7
11
14
80
82
84
85
89
92
94
0
5
7
9
10
12
14
19
21
29
14
17
19
20
22
23
25
28
30
31
11
16
19
22
28
30
32
37
40
43
5
9
10
20
21
22
23
27
28
59
98
