time_cost:56613ms
ontime_proportion:0.460000
max_delay:62
avg_delay:13.960000
avg_flowtime:43.800000
object function value:5860.000000
0
0
0
0
6
7
9
11
14
17
22
0
0
0
0
0
0
1
5
8
23
0
0
0
0
0
0
0
0
0
1
0
0
0
0
0
1
2
6
7
18
0
0
1
7
9
11
13
17
18
27
0
0
0
0
0
0
1
5
8
26
0
0
0
0
0
1
12
15
17
18
0
0
0
0
0
0
0
0
0
20
0
0
2
3
5
6
12
17
19
26
0
0
0
0
0
0
0
0
0
2
0
0
0
0
0
0
0
0
0
1
0
0
0
0
0
0
0
0
0
0
0
0
0
0
0
0
0
0
0
3
0
0
0
0
0
0
0
0
0
9
0
0
0
0
0
0
1
6
8
36
0
0
0
0
0
0
0
3
4
31
0
0
0
4
6
8
9
13
16
39
0
0
0
0
0
1
6
11
13
42
0
0
0
0
0
0
0
0
0
0
0
0
0
0
0
0
0
1
4
10
4
8
11
25
26
28
29
33
36
43
3
7
10
14
16
18
19
23
26
44
5
10
12
41
42
44
46
51
53
55
11
16
19
22
23
25
27
32
35
38
4
9
12
29
31
33
34
37
38
46
10
16
18
20
22
23
25
28
30
31
5
10
12
33
35
37
38
41
42
48
3
6
9
11
12
14
16
19
22
35
7
13
16
19
20
22
24
29
32
35
7
11
14
50
52
54
55
59
62
64
2
8
10
37
38
40
42
47
49
61
6
11
14
59
60
62
64
67
70
73
0
4
5
38
39
40
41
45
46
60
3
7
11
16
18
19
20
24
25
69
8
14
16
68
69
70
71
75
76
79
6
10
13
56
57
59
61
64
67
75
10
14
17
71
72
73
74
78
79
80
7
12
13
72
73
74
75
79
80
81
11
16
19
22
24
25
27
30
32
33
0
3
6
74
75
77
79
82
85
87
0
3
4
52
54
56
57
60
61
62
8
13
15
57
59
61
63
67
68
85
7
10
13
54
55
57
59
62
65
84
8
13
15
66
68
70
72
76
77
88
3
8
10
13
14
16
18
23
25
91
9
15
18
78
79
81
82
86
89
90
12
18
19
82
84
86
87
90
91
92
8
14
15
76
78
79
80
84
85
94
12
18
20
24
26
27
29
32
34
35
3
8
10
12
13
15
17
22
24
96
97
