time_cost:271037ms
ontime_proportion:0.800000
max_delay:1310546186112242500000000000000000000000000000000000000000000000000000000000000000000000000000000000000000000000000000000000000000000000000000000000000000000000.000000
avg_delay:1.600000
avg_flowtime:24.960000
object function value:1832.000000
0
0
0
0
0
1
3
16
21
22
25
0
0
0
0
0
0
0
0
0
3
0
0
0
0
0
0
0
0
0
1
0
0
0
0
0
0
1
6
9
16
0
0
0
0
0
0
0
0
0
0
0
0
0
1
2
3
16
21
23
26
0
2
4
7
8
10
11
16
18
22
0
0
0
0
0
0
0
0
0
3
0
0
0
0
0
0
19
24
26
39
0
0
1
2
3
5
13
19
21
23
0
0
0
0
0
1
11
16
18
19
0
0
0
0
0
0
17
25
28
31
0
0
0
0
0
0
1
4
7
11
0
2
4
7
8
9
18
23
25
28
0
0
0
0
0
0
0
0
2
3
0
0
0
0
1
2
12
17
19
22
0
0
0
2
3
5
11
15
17
23
0
1
4
6
7
8
10
13
16
20
0
0
0
1
2
3
5
10
13
19
0
4
6
9
10
12
13
18
20
27
8
13
16
17
21
23
26
31
32
33
3
6
9
12
13
14
16
19
22
26
3
8
9
10
12
14
17
22
23
30
4
10
12
17
18
20
22
27
29
37
1
5
7
24
26
27
29
33
35
41
9
14
17
20
21
22
24
29
32
38
0
5
6
7
8
10
19
24
26
27
8
13
15
16
17
19
21
26
27
28
12
17
21
24
25
26
27
32
34
37
6
11
13
16
17
18
23
28
30
33
4
7
10
14
15
16
18
21
24
28
2
6
8
10
11
13
18
22
24
34
13
18
21
24
25
28
30
35
38
41
5
8
11
18
19
20
22
25
28
35
13
18
19
22
23
25
27
32
33
35
8
14
16
29
31
32
34
38
40
43
7
12
15
17
19
21
23
28
30
32
8
13
14
16
17
19
21
27
28
30
3
8
9
12
13
15
21
26
27
29
3
8
10
15
16
18
22
27
29
36
4
9
12
14
15
17
19
24
27
29
6
11
12
13
15
17
22
27
29
34
5
9
11
13
14
16
19
23
25
33
18
22
24
31
33
34
36
40
42
45
9
14
16
19
20
21
27
32
35
38
13
18
19
21
24
26
28
33
34
36
8
13
16
18
19
21
24
29
32
34
14
19
20
21
23
25
27
32
33
36
14
20
23
25
26
29
31
36
39
41
6
11
13
21
22
24
25
30
32
38
47
