time_cost:49540ms
ontime_proportion:0.780000
max_delay:19
avg_delay:2.180000
avg_flowtime:26.320000
object function value:2077.333333
0
0
1
3
4
5
7
11
15
18
20
0
0
0
0
0
0
1
5
7
12
0
0
0
0
0
0
0
0
4
8
0
2
3
6
8
9
24
29
31
34
0
0
0
0
0
0
12
16
19
21
0
1
2
5
6
7
13
18
23
27
0
0
0
0
0
0
9
15
18
21
0
0
1
4
5
6
9
14
16
20
0
0
0
0
1
3
9
13
21
27
0
0
1
4
6
8
10
14
15
18
0
0
0
2
4
5
10
15
16
19
0
0
0
0
0
0
0
0
0
0
0
0
0
0
0
0
0
0
0
1
0
0
0
0
0
0
0
0
0
2
0
0
0
0
0
1
6
12
16
19
0
3
6
9
10
11
12
17
20
24
0
0
0
0
0
0
0
0
0
1
0
0
0
0
0
1
8
13
15
34
0
3
6
9
10
11
24
29
33
36
16
19
20
23
24
25
27
32
34
37
4
9
12
17
18
19
21
26
29
32
8
13
14
17
19
20
24
30
33
37
3
7
9
10
11
13
15
19
21
22
0
3
5
7
9
11
25
28
32
36
6
11
12
14
16
17
28
33
34
39
15
21
22
25
27
29
31
35
36
39
0
5
9
12
13
14
16
21
24
28
5
10
12
31
32
34
35
39
41
42
1
6
7
10
12
13
14
19
20
23
4
9
12
15
16
17
19
24
27
31
0
4
5
8
10
15
17
21
26
29
5
10
13
16
17
18
28
33
37
40
4
8
10
27
28
30
32
36
38
41
4
8
9
12
18
22
29
33
35
41
5
12
13
16
17
18
20
25
26
29
13
22
25
30
31
32
33
38
41
44
3
6
8
13
14
16
17
20
22
25
10
15
16
19
20
21
23
28
29
32
5
10
11
14
15
16
19
26
30
33
11
16
23
26
27
28
32
37
38
41
0
3
5
6
7
9
18
21
23
26
19
23
25
29
30
32
34
38
40
43
1
5
7
8
13
24
33
37
41
45
19
24
27
30
32
33
35
40
43
46
0
5
8
11
12
13
15
20
23
26
3
7
9
11
12
14
15
19
21
23
20
26
28
31
32
34
36
41
42
45
7
12
15
19
20
23
29
34
39
46
7
11
12
16
17
19
21
25
26
28
19
25
26
32
34
35
37
42
44
47
49
