time_cost:49350ms
ontime_proportion:0.620000
max_delay:41
avg_delay:5.340000
avg_flowtime:32.340000
object function value:3878.000000
0
0
0
1
43
45
46
47
50
53
64
10
17
19
58
60
62
64
67
68
69
0
0
0
0
0
0
0
2
8
31
0
0
0
0
0
0
0
0
1
2
0
0
2
16
18
19
20
23
26
29
0
5
7
10
12
14
15
20
22
27
0
0
0
0
0
0
0
0
0
0
0
2
4
5
6
7
8
12
14
18
0
0
0
0
0
0
0
0
0
1
0
0
0
0
0
0
0
0
0
3
0
0
0
0
0
0
0
1
4
6
0
0
0
0
0
0
11
18
22
24
0
0
0
0
0
0
0
0
1
8
0
0
0
0
0
0
0
0
0
2
0
0
0
0
1
3
5
11
13
25
0
0
0
0
0
0
0
0
0
1
7
13
17
20
22
24
25
30
32
35
0
0
0
1
2
3
7
14
17
22
0
0
0
0
0
0
0
0
1
50
0
0
0
0
0
0
0
3
6
22
13
22
25
27
28
29
30
33
36
37
2
9
12
13
14
15
16
19
22
23
4
7
10
14
16
17
18
21
24
27
4
7
10
11
12
13
14
17
20
21
12
22
24
63
64
65
66
70
72
73
13
19
23
26
27
28
29
32
35
36
5
10
12
45
46
47
48
52
54
60
6
13
16
18
19
20
21
25
28
30
6
12
15
17
19
20
22
28
31
33
3
6
8
14
16
18
20
23
25
28
2
6
9
11
12
14
16
20
23
57
2
5
6
25
27
29
31
34
35
41
1
4
7
34
36
37
38
41
44
46
4
7
10
36
38
39
40
43
46
48
0
3
4
7
8
10
12
15
16
19
2
5
6
10
11
13
15
18
19
38
4
10
11
52
54
56
58
61
62
71
8
14
20
22
23
24
25
30
33
35
9
15
18
19
20
21
22
25
28
30
10
16
17
61
63
65
67
70
71
74
4
11
13
16
18
20
21
26
28
31
5
10
13
15
17
18
19
23
26
28
2
5
7
31
32
34
36
39
40
56
9
17
20
23
25
27
28
33
35
38
5
8
11
20
22
23
24
27
30
32
0
8
11
54
56
57
58
61
64
66
7
13
16
20
21
22
23
26
29
35
1
4
5
12
14
16
18
21
22
23
1
4
5
39
41
43
45
48
49
76
5
12
14
18
20
22
23
28
30
33
78
