time_cost:517340ms
ontime_proportion:0.800000
max_delay:14
avg_delay:1.560000
avg_flowtime:25.020000
object function value:1834.000000
0
0
0
0
1
3
4
11
16
19
22
0
0
0
1
3
4
6
11
14
20
0
0
0
0
0
0
0
0
0
1
0
2
5
7
10
12
23
30
33
35
0
6
9
13
14
15
21
30
33
36
0
0
0
0
0
0
0
1
3
4
0
0
0
0
0
1
14
19
22
25
0
0
0
0
0
0
14
22
25
30
0
0
0
0
1
3
10
13
16
17
0
0
0
0
0
0
0
0
0
1
0
0
0
0
0
1
13
17
20
24
0
0
0
0
0
2
3
9
12
16
0
0
2
4
5
6
18
21
26
28
0
1
3
6
7
8
20
28
30
33
0
0
0
0
1
2
11
20
23
26
0
0
0
0
0
0
0
0
2
5
0
4
6
7
9
10
13
19
21
24
0
0
1
2
3
5
14
21
24
28
0
0
0
0
2
5
16
21
23
27
0
0
0
0
0
0
0
0
0
1
17
24
27
28
30
31
33
38
41
42
13
19
22
25
26
27
28
37
40
43
10
14
16
19
20
25
27
36
38
41
2
7
8
10
11
13
14
19
20
22
5
10
12
13
15
16
18
24
26
27
7
10
13
15
16
18
20
23
26
29
10
16
19
20
22
23
25
33
36
37
0
5
6
9
10
12
13
20
21
26
2
7
10
14
15
16
17
22
25
28
10
14
17
18
20
24
26
30
33
34
8
12
15
16
18
19
21
27
30
31
5
10
11
14
15
17
18
23
24
31
4
9
12
15
16
17
18
27
30
34
4
8
11
12
14
15
17
21
24
25
9
14
16
20
22
23
25
30
32
33
6
11
13
15
18
19
21
26
28
31
10
17
19
21
22
23
26
36
38
40
8
13
14
20
21
23
24
29
30
34
16
26
28
29
31
32
34
39
41
42
3
6
8
11
12
13
15
18
20
23
9
15
17
18
20
21
22
30
32
35
4
9
10
13
18
21
22
27
28
32
1
4
7
8
9
11
13
16
19
21
1
4
6
8
9
10
12
15
18
20
8
19
21
22
24
25
27
35
37
38
2
5
8
12
15
18
23
32
35
36
7
11
14
17
19
20
22
26
29
32
5
12
15
18
19
20
23
33
36
39
3
8
12
16
17
18
19
24
27
31
0
6
9
12
13
14
15
24
27
30
44
