time_cost:251156ms
ontime_proportion:0.540000
max_delay:67
avg_delay:16.580000
avg_flowtime:42.800000
object function value:5026.666667
0
0
0
0
1
2
4
8
12
15
26
0
0
1
2
3
4
5
10
12
22
0
0
0
0
0
2
16
23
26
79
0
0
0
0
0
0
0
2
5
8
0
0
0
0
0
0
0
2
5
7
0
0
0
0
1
3
8
13
14
75
0
0
0
0
0
1
7
11
12
23
0
0
2
5
6
8
21
31
34
37
0
0
0
0
0
0
0
0
0
5
0
0
0
0
1
5
22
32
35
38
0
0
1
3
4
5
6
10
11
17
0
0
0
0
0
0
0
0
1
71
0
0
2
4
5
7
9
14
16
19
0
0
0
0
0
0
0
0
2
95
0
0
0
0
0
1
8
13
15
18
0
0
0
0
0
0
0
0
0
89
0
0
0
0
0
0
23
30
33
39
0
0
0
0
0
2
26
31
33
41
0
0
0
0
0
0
0
2
3
73
0
0
0
2
3
5
8
14
17
20
3
8
10
16
17
19
21
26
28
33
10
14
16
39
41
43
45
49
50
69
6
12
14
16
18
19
21
24
26
27
9
13
14
37
39
40
41
45
46
65
1
4
7
11
12
14
16
19
22
25
4
8
11
15
16
18
19
23
26
28
16
24
27
30
31
33
35
40
43
46
4
10
13
67
69
71
72
76
79
87
0
4
7
10
11
13
14
18
21
35
6
11
13
14
16
17
19
22
24
25
4
8
9
12
13
14
15
19
20
24
5
9
10
57
59
61
63
67
68
93
12
16
18
53
55
56
57
61
62
85
12
16
17
45
47
49
51
55
56
81
20
29
32
35
37
38
40
43
45
46
4
10
12
20
22
23
24
28
29
49
21
29
33
37
39
40
42
45
47
48
20
27
32
33
35
36
38
41
43
44
11
15
17
43
45
47
49
53
54
59
12
16
19
51
53
55
56
60
63
83
2
6
9
41
43
45
46
50
53
91
2
5
8
13
14
16
18
21
24
34
3
8
10
18
19
21
23
28
30
36
8
12
13
31
33
35
37
41
42
61
15
20
23
26
27
29
31
36
39
42
16
25
30
33
34
37
39
44
47
50
1
4
5
8
10
12
13
17
19
63
8
12
15
29
31
33
34
38
41
55
3
7
10
14
15
17
18
22
25
27
2
9
12
47
49
51
52
56
59
77
97
