time_cost:259982ms
ontime_proportion:0.720000
max_delay:1310546186112242700000000000000000000000000000000000000000000000000000000000000000000000000000000000000000000000000000000000000000000000000000000000000000000000.000000
avg_delay:3.280000
avg_flowtime:26.380000
object function value:2679.333333
0
0
0
0
0
0
0
0
0
1
4
0
0
0
0
1
3
12
17
19
24
0
0
0
0
3
5
14
21
24
26
0
0
0
0
0
0
0
0
0
0
0
0
0
7
9
10
13
17
19
40
0
0
0
1
4
7
18
23
25
28
0
0
0
0
0
0
0
0
0
3
0
0
0
0
0
0
0
5
6
11
0
0
0
3
6
8
31
36
39
42
0
0
0
1
2
4
13
18
21
23
0
0
3
5
6
8
13
18
19
21
0
0
0
4
5
6
12
15
18
22
0
0
0
2
3
4
6
9
12
20
0
0
2
5
6
8
9
14
16
21
0
0
0
0
0
0
0
0
3
6
0
0
0
0
0
0
17
22
23
25
0
0
1
3
4
6
17
22
23
25
0
0
0
0
0
2
15
22
26
27
0
1
3
12
14
15
29
33
35
42
0
0
0
1
2
4
8
12
14
19
19
24
26
29
30
31
32
37
42
45
3
10
13
18
19
20
22
27
30
33
21
28
30
33
34
35
36
41
44
47
8
13
14
15
16
18
20
25
26
30
4
8
10
11
12
14
25
29
31
35
14
19
22
28
30
31
33
39
41
48
0
5
6
7
8
10
12
17
18
20
16
21
22
24
25
27
29
34
36
38
3
7
9
10
11
13
15
19
21
23
5
11
14
16
18
20
22
27
30
32
9
15
17
36
38
39
41
45
47
50
4
9
11
15
17
19
26
31
33
39
9
14
17
19
22
24
31
36
39
41
9
14
15
16
21
23
27
32
36
37
24
30
32
35
36
37
38
43
45
48
5
13
16
18
20
22
26
31
34
36
8
13
15
18
20
22
23
30
32
36
4
9
11
16
17
19
20
25
27
32
3
8
10
14
15
17
24
29
31
38
8
12
14
18
19
21
23
27
29
33
4
8
10
26
28
29
31
35
37
46
1
6
7
8
10
12
14
19
20
21
8
14
16
19
20
22
24
29
30
32
7
12
13
14
15
17
19
24
27
29
10
18
21
24
25
26
29
34
37
40
4
10
12
17
18
20
21
26
28
34
17
21
24
30
32
33
35
39
41
44
0
3
6
9
10
11
13
16
19
25
3
8
9
10
11
13
15
20
21
22
20
25
28
31
32
33
35
40
44
47
52
