time_cost:48777ms
ontime_proportion:0.600000
max_delay:36
avg_delay:7.400000
avg_flowtime:36.240000
object function value:4208.000000
0
0
0
0
0
0
0
0
0
5
50
0
0
0
0
0
0
0
1
3
8
0
0
0
1
2
3
11
18
21
23
0
0
0
0
0
0
0
0
0
2
0
0
0
2
4
5
7
12
15
18
0
0
0
2
3
5
7
12
13
28
0
0
0
0
0
0
6
13
16
24
0
0
0
35
37
38
39
42
45
62
0
0
0
0
2
4
10
16
17
54
0
0
0
0
0
0
12
22
25
64
0
0
0
31
33
35
37
40
41
45
0
0
0
0
0
0
0
0
2
5
0
0
1
34
35
37
39
43
46
60
0
0
0
0
2
4
13
18
22
45
0
1
2
6
7
9
11
14
15
37
0
0
2
5
9
11
13
21
24
27
0
0
0
3
5
6
7
10
13
19
0
0
0
0
0
0
12
21
23
29
0
0
0
0
0
0
12
29
32
56
0
0
0
0
0
0
0
2
5
6
4
10
14
16
17
19
20
23
26
27
7
13
16
44
45
47
49
52
53
61
5
15
17
20
22
24
25
30
32
35
9
13
14
47
49
51
53
56
57
58
10
17
20
35
37
39
41
44
46
49
9
27
30
32
33
34
35
39
42
44
9
16
19
31
32
33
34
37
40
41
0
4
6
7
8
9
10
14
16
27
4
7
8
11
12
15
17
20
21
43
1
16
19
26
27
28
29
32
35
39
0
12
15
17
18
19
20
26
29
34
10
27
30
33
34
35
36
40
43
45
3
7
9
13
14
15
16
20
22
49
4
13
16
40
41
43
45
49
52
57
2
5
8
15
17
18
19
23
26
66
4
7
10
11
14
15
16
21
24
28
1
4
5
21
23
25
27
30
31
38
0
3
4
17
19
21
23
26
27
29
7
15
18
20
21
22
23
30
33
35
2
8
11
22
24
25
27
32
35
37
0
3
6
7
8
9
10
18
21
40
1
5
7
12
13
14
15
19
21
23
5
9
12
14
15
17
19
23
26
33
4
9
12
14
16
17
19
24
27
29
5
10
13
20
22
23
25
30
33
42
3
6
7
8
10
12
14
17
18
25
3
6
9
10
11
12
13
21
24
44
8
15
18
32
34
35
37
42
45
47
1
5
8
10
11
13
15
19
22
24
6
9
10
41
43
45
47
50
51
52
68
