time_cost:516555ms
ontime_proportion:0.780000
max_delay:19
avg_delay:2.660000
avg_flowtime:27.720000
object function value:2124.000000
0
0
0
0
0
0
0
0
0
0
1
0
0
0
0
1
2
8
17
19
23
0
0
0
0
0
1
23
36
38
39
0
0
2
4
5
7
9
12
15
19
0
2
4
5
7
8
10
18
20
21
0
0
0
0
0
0
0
2
5
9
0
1
4
6
8
9
23
34
37
38
0
0
3
6
7
9
11
16
22
34
0
0
0
0
0
0
0
0
0
2
0
0
1
3
4
6
7
12
14
28
0
0
2
5
6
7
15
31
34
37
0
0
2
5
6
8
10
13
16
21
0
4
6
7
9
11
12
21
24
27
0
0
0
0
1
2
8
13
16
17
0
0
0
0
0
0
0
0
0
0
15
28
31
34
35
36
37
42
45
48
0
2
5
8
9
10
12
17
20
25
0
0
0
0
0
0
25
42
45
46
0
0
0
0
0
1
6
15
17
19
0
0
0
0
0
0
0
0
0
0
0
8
11
14
15
16
18
24
27
36
1
6
9
12
13
14
15
20
24
27
0
5
8
11
12
13
14
19
22
25
6
11
13
14
16
18
20
25
27
29
6
11
13
16
17
18
20
23
25
32
12
22
24
29
30
31
33
38
40
43
20
33
36
37
38
40
42
45
48
49
9
16
18
23
24
25
27
34
36
42
5
13
16
17
19
21
23
40
43
44
2
10
13
17
18
19
21
27
30
40
5
8
11
13
14
16
18
21
24
26
2
7
9
10
12
13
14
20
23
25
13
25
28
30
31
33
35
39
42
45
10
15
17
19
20
23
25
28
30
32
12
25
28
31
32
33
35
40
43
46
4
9
12
13
15
16
18
23
26
27
2
6
9
10
12
13
15
20
23
24
1
4
6
8
9
10
12
16
19
21
4
9
10
15
16
18
19
24
25
33
2
5
8
11
13
20
22
30
33
38
5
10
13
20
21
22
24
29
32
41
19
31
34
35
36
38
40
43
46
47
9
15
18
19
21
22
24
28
31
32
5
13
16
22
23
27
29
37
40
44
1
4
7
18
19
21
23
26
29
39
7
13
15
17
18
19
21
24
26
28
10
18
21
22
24
25
27
36
39
40
3
6
8
12
13
14
16
19
21
27
4
8
11
13
15
16
18
22
25
28
0
5
6
10
11
13
14
19
20
24
50
