time_cost:272399ms
ontime_proportion:0.680000
max_delay:1310546186112245600000000000000000000000000000000000000000000000000000000000000000000000000000000000000000000000000000000000000000000000000000000000000000000000.000000
avg_delay:4.400000
avg_flowtime:29.700000
object function value:3190.000000
0
12
20
23
43
45
46
47
50
53
55
0
0
1
6
7
9
11
14
15
20
0
0
0
0
0
0
0
0
1
5
0
0
0
0
2
3
16
28
31
33
0
0
0
0
0
1
3
6
7
12
0
0
0
0
0
0
0
0
0
1
0
0
0
0
0
0
0
0
0
0
0
0
0
0
0
0
0
15
18
20
0
0
0
0
0
0
5
10
13
15
0
0
0
23
25
27
29
32
33
47
5
13
16
18
20
21
23
31
34
36
0
0
0
0
0
0
0
0
2
5
0
0
0
3
5
7
17
25
27
45
0
0
0
0
0
2
9
19
22
23
0
0
0
0
0
0
2
5
6
17
0
0
3
7
8
11
13
17
20
25
0
0
0
0
0
0
0
0
0
0
0
0
0
0
0
0
0
0
0
1
0
0
0
0
0
0
0
0
0
2
0
0
0
2
4
5
20
34
37
41
15
22
25
27
29
30
32
37
40
45
10
23
25
28
30
32
33
38
40
44
2
6
8
10
12
14
20
30
32
39
15
25
28
30
32
33
35
40
43
47
0
4
6
8
9
10
11
15
17
21
2
7
10
15
16
18
20
24
27
36
2
6
9
28
30
31
32
35
38
53
2
6
9
13
14
16
18
22
25
31
5
9
11
14
15
16
17
21
23
26
6
13
14
39
41
43
45
48
49
61
4
8
11
16
17
19
21
25
28
34
2
7
9
32
34
36
38
41
42
49
6
13
15
20
22
24
25
30
32
42
8
14
15
51
53
55
57
60
61
63
6
10
13
37
39
40
41
44
47
57
15
26
28
31
33
35
36
41
43
46
0
4
7
11
12
14
16
20
23
30
6
11
14
17
18
19
20
28
31
32
4
8
10
19
20
21
22
26
28
35
4
9
11
14
16
18
20
28
30
33
8
13
18
41
43
44
45
48
51
59
0
4
6
9
10
11
12
16
18
22
0
4
7
10
11
13
15
19
22
27
9
16
19
20
21
23
24
32
35
38
4
11
13
16
18
20
21
26
28
35
5
11
13
18
20
22
23
31
36
40
14
20
22
24
26
28
30
35
39
43
8
18
20
23
25
27
28
33
35
38
3
10
13
14
15
16
17
22
25
26
0
3
6
7
8
9
10
13
16
21
65
