time_cost:560236ms
ontime_proportion:0.880000
max_delay:9
avg_delay:0.620000
avg_flowtime:22.980000
object function value:966.000000
0
0
0
0
0
2
3
22
26
29
37
0
0
0
0
0
0
0
2
5
14
0
0
0
0
0
0
0
0
2
6
0
0
0
0
0
0
6
12
14
18
0
0
0
0
0
0
0
1
3
8
0
0
0
2
3
4
6
9
13
17
0
0
0
0
0
0
0
0
0
5
0
0
0
0
0
0
0
0
0
4
0
0
0
0
0
0
0
3
5
7
0
0
0
0
0
0
0
0
0
1
0
0
0
0
0
0
22
26
28
33
0
0
0
0
0
0
13
19
22
24
0
3
6
11
15
16
18
21
24
27
0
0
0
0
0
0
0
0
0
2
0
0
0
0
0
0
0
1
4
9
0
0
0
0
0
0
20
23
26
28
0
0
0
3
4
5
10
18
21
25
0
0
0
0
0
0
0
0
1
3
0
0
2
6
7
9
11
15
17
20
0
0
0
0
0
0
0
5
6
26
2
7
9
12
13
15
17
23
25
30
4
9
10
12
13
15
17
22
23
25
12
17
20
23
24
26
27
32
34
37
5
11
12
16
18
20
21
26
27
31
9
12
15
19
20
21
23
26
29
31
10
16
19
21
22
25
27
32
35
37
3
8
9
10
11
13
15
20
21
23
1
6
7
12
17
19
20
25
26
33
14
19
20
24
26
28
30
35
36
39
10
16
18
22
27
29
31
36
38
40
0
3
6
10
11
12
14
17
20
24
4
9
12
15
16
17
19
24
27
30
0
5
6
7
9
11
12
17
18
19
10
15
17
23
25
27
29
34
37
40
7
12
13
14
15
17
21
26
28
29
1
4
7
13
14
15
17
20
23
26
9
14
16
19
20
21
22
27
29
32
5
10
12
15
16
18
19
24
26
29
12
17
20
24
25
26
28
34
37
40
7
12
15
17
18
20
23
28
31
33
9
14
17
20
21
23
25
30
33
35
4
9
10
14
15
18
20
25
26
28
0
5
8
11
12
13
15
20
23
28
2
6
8
21
23
24
26
30
32
35
2
7
14
18
21
22
25
32
35
38
9
14
17
19
20
22
24
29
32
34
5
10
11
13
14
16
18
23
24
26
8
13
16
18
19
24
26
31
34
36
5
10
12
16
17
19
20
27
29
32
13
18
19
21
23
25
26
31
32
35
41
