time_cost:249556ms
ontime_proportion:0.620000
max_delay:38
avg_delay:6.080000
avg_flowtime:35.260000
object function value:3975.333333
0
0
0
0
0
0
0
0
0
0
1
0
0
0
0
0
0
0
0
0
6
0
0
0
0
0
0
0
2
3
8
0
0
0
0
0
0
0
0
0
2
0
0
0
2
4
5
18
23
24
27
0
0
1
4
6
7
12
17
20
24
0
0
0
0
0
0
8
13
15
34
0
0
0
0
0
1
18
22
23
56
0
0
0
0
1
3
9
13
15
49
0
0
0
0
0
0
0
0
1
3
0
0
0
0
0
0
15
18
20
52
0
0
0
1
2
4
6
10
12
22
0
0
2
5
6
7
18
23
31
62
0
0
0
0
0
0
0
0
2
5
0
1
3
4
5
7
23
30
32
67
0
3
5
6
7
9
10
14
16
23
0
0
0
0
0
0
6
11
14
32
0
1
4
7
8
9
14
20
25
28
0
0
0
0
0
0
0
0
0
0
0
0
0
0
0
1
16
21
22
25
2
8
10
15
16
18
19
23
25
29
11
16
18
50
52
53
55
60
61
64
6
12
14
26
28
29
31
36
37
44
5
11
13
25
26
30
32
36
38
66
1
4
6
7
8
10
11
14
16
33
0
4
6
8
9
11
12
16
18
31
4
8
10
21
22
24
25
29
31
58
2
6
7
16
17
19
21
25
26
43
3
6
8
9
10
12
22
28
30
60
13
18
21
24
25
26
28
33
36
39
8
14
17
22
24
25
26
31
33
36
6
11
14
24
25
26
27
32
35
55
4
9
12
17
18
19
20
25
28
39
9
14
15
35
37
38
40
45
46
47
11
16
19
22
23
24
26
31
32
35
4
8
10
14
15
17
19
23
25
61
14
18
19
23
25
28
30
34
35
39
10
15
16
19
21
23
25
29
32
35
5
9
11
13
14
16
18
22
24
38
0
10
13
20
21
22
23
28
31
59
8
12
14
30
31
33
34
37
39
57
3
7
8
12
13
15
17
21
22
28
7
14
17
20
22
23
24
29
30
33
11
15
17
21
23
27
29
33
34
37
3
8
11
18
19
20
21
26
29
46
3
7
9
11
12
14
15
19
21
37
7
13
17
40
42
43
45
50
51
53
14
19
20
23
24
25
27
32
33
36
2
6
8
10
11
13
15
19
22
63
1
5
7
19
20
22
23
27
29
42
68
