time_cost:260334ms
ontime_proportion:0.680000
max_delay:1310546186112246600000000000000000000000000000000000000000000000000000000000000000000000000000000000000000000000000000000000000000000000000000000000000000000000.000000
avg_delay:5.500000
avg_flowtime:32.580000
object function value:3286.000000
0
0
0
0
0
0
0
0
0
3
6
0
0
0
0
0
0
0
1
3
5
0
0
0
1
2
3
11
21
24
26
0
0
0
0
0
0
0
0
0
2
0
0
0
2
5
7
12
22
25
44
0
0
0
0
1
3
5
8
11
20
0
0
0
0
0
0
10
18
21
40
0
0
0
32
34
35
36
39
42
44
0
0
0
1
3
5
7
11
12
42
0
0
0
0
0
0
6
15
18
50
0
0
0
36
38
40
42
45
46
66
0
0
0
0
0
0
0
0
2
4
0
0
1
3
4
6
8
12
15
21
0
0
0
0
2
4
11
18
20
35
0
1
2
5
6
8
10
13
14
22
0
0
5
8
10
12
13
19
21
24
0
0
0
38
40
41
42
45
48
64
0
0
0
0
0
0
11
21
23
26
0
0
0
0
0
0
1
6
9
12
0
0
0
0
0
0
0
2
5
8
4
9
14
15
16
17
18
21
25
26
2
7
8
13
14
16
18
21
22
28
8
17
19
22
24
26
27
32
34
37
8
12
14
46
48
50
52
55
56
58
8
17
19
28
30
32
34
37
39
42
13
25
28
30
31
32
33
37
40
42
5
9
12
13
14
15
16
19
22
23
0
4
6
8
9
10
11
15
17
19
4
8
10
15
16
18
20
23
24
34
5
12
15
17
18
19
20
24
27
30
5
9
13
14
15
16
17
27
30
37
13
28
31
33
34
35
36
40
43
45
3
7
9
10
11
12
13
17
19
25
2
6
9
14
15
17
19
23
26
29
2
5
8
16
18
19
20
24
27
62
7
12
15
16
17
18
19
22
25
27
1
4
5
40
42
44
46
49
50
56
0
3
4
23
25
27
29
32
33
54
9
24
27
29
30
31
32
36
39
41
6
12
15
31
33
34
36
41
44
46
0
3
6
7
8
9
10
13
16
18
1
5
7
9
10
11
12
16
18
26
5
9
12
18
19
21
23
27
30
35
7
14
17
24
26
27
29
34
37
50
5
10
13
19
21
22
24
29
32
38
3
6
7
30
32
34
36
39
40
52
3
8
11
12
13
14
15
18
21
22
6
15
18
33
35
36
38
43
46
48
1
5
8
11
12
14
16
20
23
27
9
16
17
48
50
52
54
57
58
60
68
