time_cost:51817ms
ontime_proportion:0.860000
max_delay:12
avg_delay:1.020000
avg_flowtime:24.660000
object function value:1222.000000
0
0
0
0
1
4
5
7
13
15
18
0
0
0
0
0
0
6
11
14
15
0
0
0
0
0
0
0
0
0
3
0
0
0
0
0
0
0
0
1
5
0
0
0
0
0
0
0
0
0
3
0
0
0
0
0
0
0
0
0
4
0
0
0
0
1
2
10
13
15
19
0
0
0
0
0
1
10
15
18
22
0
0
0
2
3
4
8
14
17
20
0
0
0
0
0
0
4
9
12
15
0
3
5
8
9
10
17
23
25
28
0
0
0
0
0
0
2
6
9
17
0
0
0
0
0
0
15
21
24
25
0
0
0
0
1
6
20
28
30
32
0
0
0
0
0
1
12
20
22
26
0
0
0
1
2
4
5
12
13
16
0
0
1
6
7
9
11
20
21
23
0
0
1
3
4
7
22
32
35
37
0
0
0
0
0
0
0
0
0
0
0
0
0
0
1
2
9
15
18
29
1
7
10
11
12
14
19
25
28
29
2
6
9
10
12
16
19
29
32
33
3
7
10
11
13
14
18
26
29
31
6
10
13
20
22
23
25
29
32
33
10
15
18
22
24
25
27
31
34
36
13
18
21
24
26
27
29
33
36
38
5
10
13
19
20
21
22
28
31
35
2
5
8
12
14
17
22
30
32
35
7
14
15
17
18
20
21
26
27
30
5
10
11
13
14
16
17
22
23
25
6
13
15
16
18
19
21
26
28
31
5
8
10
12
13
14
16
19
21
23
10
18
21
26
27
28
29
34
37
40
1
4
6
8
9
10
12
18
20
22
0
4
7
8
10
11
13
17
20
23
1
11
14
15
16
18
20
23
26
27
8
15
18
19
21
22
24
28
31
35
2
11
14
18
19
21
23
28
31
34
15
23
26
27
29
30
32
36
40
41
3
6
8
10
11
12
14
21
23
25
12
20
23
27
28
29
30
35
38
41
1
6
7
9
10
12
13
18
19
21
0
5
6
10
15
18
22
32
33
36
14
24
26
27
29
30
32
37
39
40
17
26
28
29
31
32
33
38
40
42
4
8
11
13
15
16
18
22
25
42
0
3
6
7
8
10
13
23
26
32
6
9
11
14
15
16
18
21
23
31
10
17
20
21
23
24
26
31
34
37
8
14
17
28
29
30
31
36
39
44
45
