time_cost:49623ms
ontime_proportion:0.620000
max_delay:38
avg_delay:5.820000
avg_flowtime:33.360000
object function value:3912.000000
0
0
0
0
0
0
0
0
0
0
1
0
0
0
0
0
0
0
0
0
6
0
0
0
0
0
0
0
2
3
8
0
0
0
0
0
0
0
0
0
2
0
0
0
2
4
5
20
25
26
33
0
0
1
4
6
7
12
17
18
21
0
0
0
0
0
0
19
25
27
56
0
0
0
0
0
1
3
7
8
13
0
0
0
0
1
3
5
9
10
17
0
0
0
0
0
0
0
0
1
3
0
0
0
0
0
0
23
26
29
62
0
0
0
1
2
4
17
21
24
53
0
0
2
5
6
7
8
13
16
19
0
0
0
0
0
0
0
0
2
5
0
1
3
4
5
7
8
12
14
20
0
3
5
6
7
9
11
15
17
59
0
0
0
0
0
0
11
16
19
63
0
1
4
7
8
9
17
22
25
28
0
0
0
0
0
0
0
0
0
0
0
0
0
0
0
1
21
26
28
32
2
6
8
12
13
15
16
20
22
48
8
13
14
43
45
46
48
53
54
64
4
9
10
14
16
17
19
24
25
39
19
23
25
55
56
58
60
64
66
67
1
4
6
21
22
24
25
28
30
45
0
4
6
7
8
10
11
15
17
18
2
6
8
9
10
12
13
17
19
47
2
6
7
10
11
13
15
19
20
28
4
7
9
22
23
25
26
29
31
54
14
19
22
25
27
29
31
36
39
42
8
13
14
18
20
21
22
27
28
31
3
8
11
25
26
27
28
33
36
41
14
19
22
52
53
54
55
60
63
66
9
14
15
34
36
37
39
44
45
57
9
14
16
19
20
21
23
28
29
33
4
8
10
11
12
14
16
20
22
33
9
15
18
21
26
28
30
34
35
39
13
17
19
23
25
27
29
33
34
37
5
9
11
24
25
27
29
33
35
37
0
10
15
46
47
48
49
54
57
60
6
9
11
23
24
26
27
30
32
36
3
7
8
26
27
29
31
35
36
38
7
12
13
16
18
19
20
25
26
29
16
20
21
25
28
30
32
36
37
41
6
11
14
32
33
34
35
40
43
49
3
7
9
16
17
19
20
24
26
27
6
11
12
29
31
32
34
39
40
50
9
14
15
18
19
20
22
27
28
31
7
11
13
31
32
34
36
40
42
61
1
5
7
8
9
11
12
16
18
42
68
