time_cost:331940ms
ontime_proportion:0.640000
max_delay:1310546186112246000000000000000000000000000000000000000000000000000000000000000000000000000000000000000000000000000000000000000000000000000000000000000000000000.000000
avg_delay:3.880000
avg_flowtime:30.560000
object function value:3618.666667
0
0
0
0
0
0
1
10
15
18
25
0
0
0
1
2
6
12
19
22
27
0
4
6
7
9
10
17
26
28
59
0
0
0
0
1
2
10
13
15
24
0
0
0
0
0
0
1
8
9
11
0
0
0
0
0
0
0
3
5
8
0
0
0
0
0
0
0
0
3
6
0
0
0
0
0
0
0
0
1
3
0
1
4
7
8
9
13
18
21
24
0
0
3
8
10
11
15
24
27
31
0
0
0
3
4
5
14
21
24
28
0
0
0
1
3
4
6
11
13
27
0
0
2
5
6
7
15
21
23
28
0
0
2
5
6
7
15
21
24
27
0
0
0
0
0
2
12
18
21
22
0
0
0
0
0
0
0
4
7
10
0
0
0
0
0
1
17
22
25
29
0
0
0
0
0
0
0
0
0
2
0
0
0
0
0
0
14
20
21
26
0
0
0
1
3
4
10
14
17
18
7
12
13
15
16
18
19
24
25
29
5
10
12
21
23
27
29
35
37
63
5
10
11
13
14
16
19
28
29
32
7
12
13
19
20
23
24
29
30
34
4
9
11
25
27
28
29
34
36
41
9
15
18
21
22
23
24
29
32
35
0
5
7
17
19
20
22
27
29
37
0
6
8
23
25
26
28
33
35
49
4
7
9
12
13
14
18
24
27
31
2
7
9
15
17
18
19
24
26
35
14
20
22
25
26
28
30
35
37
39
7
12
15
18
19
21
23
29
32
35
4
9
11
31
33
34
36
41
43
55
12
17
20
23
24
25
27
32
35
38
7
11
14
16
17
19
21
24
27
30
1
4
6
9
10
11
13
17
19
25
6
11
14
17
18
19
21
26
30
33
1
6
8
9
11
12
17
25
27
61
11
14
17
20
21
29
31
34
38
39
0
5
7
13
15
16
17
22
24
39
10
15
18
21
22
24
26
31
34
37
5
10
12
29
31
32
34
39
41
51
9
14
16
43
45
46
47
52
54
57
14
18
20
22
23
24
26
29
31
33
14
19
22
24
25
26
28
31
33
35
2
7
9
11
13
14
16
21
24
53
2
7
9
19
21
22
23
28
30
45
11
16
19
22
24
25
27
31
34
36
10
13
15
17
18
22
24
29
31
34
5
10
12
33
35
36
37
42
44
47
65
