time_cost:269383ms
ontime_proportion:0.640000
max_delay:1310546186112246600000000000000000000000000000000000000000000000000000000000000000000000000000000000000000000000000000000000000000000000000000000000000000000000.000000
avg_delay:6.260000
avg_flowtime:32.820000
object function value:3694.000000
0
0
0
0
0
0
0
9
13
17
19
0
0
0
0
0
0
1
6
8
15
0
0
0
1
2
4
6
9
10
23
0
0
0
4
6
8
20
32
33
56
0
0
0
0
0
2
14
19
20
44
0
0
0
0
1
2
4
12
15
27
0
0
0
0
0
0
0
1
4
6
0
0
0
0
0
0
11
19
22
24
0
0
0
0
0
0
0
0
1
11
0
4
6
7
8
9
10
14
16
24
0
0
0
2
3
5
7
11
14
21
0
0
0
0
0
0
5
9
11
20
17
26
29
31
32
33
34
38
41
43
0
0
0
0
0
0
0
0
1
6
0
0
0
3
4
6
8
11
12
22
0
0
2
4
6
7
14
24
27
29
0
0
0
0
1
2
8
12
16
48
0
0
2
5
7
10
20
34
36
39
0
0
0
0
0
0
0
0
1
6
0
0
1
46
48
50
52
55
56
58
4
8
10
16
17
18
19
23
25
35
9
17
20
22
23
24
25
29
32
34
5
10
13
16
18
20
21
26
28
31
11
16
19
20
21
22
23
30
33
34
2
5
6
10
11
13
15
18
19
30
9
14
17
19
20
21
22
26
29
32
5
10
13
26
28
29
30
33
36
52
0
3
4
8
9
11
13
16
17
25
13
22
24
27
29
31
32
37
39
42
7
12
15
17
19
22
24
29
32
36
0
5
8
11
13
14
16
21
24
42
8
15
16
37
39
41
43
46
47
62
18
22
23
54
56
58
60
63
64
66
2
5
8
9
10
11
12
17
20
31
0
3
5
15
17
19
21
24
26
38
0
4
6
9
10
11
12
16
18
28
0
6
9
14
15
17
19
23
26
31
14
27
30
32
34
35
37
42
45
47
5
9
12
18
19
21
23
27
30
41
3
8
9
39
41
43
45
48
49
50
6
11
14
32
34
35
36
39
42
64
18
28
31
33
35
36
37
41
44
46
4
8
9
17
18
20
22
25
26
34
12
19
22
23
24
25
26
31
34
35
2
5
8
10
11
12
13
16
19
26
0
8
11
13
15
16
18
23
26
40
5
8
9
42
44
46
48
51
52
60
8
16
19
21
23
24
26
33
36
44
4
9
11
19
20
21
22
26
28
36
2
6
8
13
14
15
16
20
22
29
68
