time_cost:53168ms
ontime_proportion:0.780000
max_delay:11
avg_delay:1.040000
avg_flowtime:24.500000
object function value:2016.666667
0
0
0
0
2
3
5
9
14
17
19
0
0
0
0
0
0
1
6
7
12
0
0
0
0
0
0
8
13
15
18
0
0
0
0
0
2
5
10
12
17
0
0
0
0
0
0
4
7
10
14
0
1
2
4
5
7
13
18
19
23
0
4
5
7
8
10
12
17
20
25
0
0
0
0
0
1
10
16
22
26
0
0
1
3
4
6
17
22
24
27
0
0
0
0
0
0
17
21
24
26
0
0
0
0
0
0
0
0
1
3
0
0
0
0
0
0
0
0
0
0
0
0
1
4
5
7
16
21
25
28
0
0
0
0
0
0
3
6
9
13
0
0
1
5
6
8
15
21
25
29
0
0
0
0
0
2
4
9
10
14
0
0
0
0
0
0
0
0
1
6
0
5
8
11
12
13
15
20
23
26
0
3
4
6
7
9
17
22
25
28
0
0
0
0
0
0
0
0
0
1
6
12
13
15
16
18
20
25
26
29
0
5
6
7
9
11
12
17
18
24
5
10
11
15
17
19
20
25
26
27
7
13
17
20
21
22
23
28
30
33
3
6
11
13
14
15
20
23
27
30
5
10
13
17
18
19
21
26
29
32
6
10
12
15
17
18
20
24
28
33
3
8
11
18
19
20
22
27
30
33
6
11
15
17
18
20
22
27
32
34
10
15
16
19
21
23
24
30
31
34
7
13
16
21
22
23
25
30
33
36
2
6
8
11
13
14
19
23
27
31
15
20
22
25
26
27
28
33
37
40
15
19
21
22
23
25
27
31
36
37
12
17
19
23
25
27
28
33
35
38
11
16
19
21
23
25
27
32
33
35
10
16
19
22
23
25
27
32
33
36
11
14
17
19
20
21
23
29
34
36
10
15
16
23
24
26
28
33
34
37
14
19
21
25
26
28
29
34
36
40
10
15
18
20
21
23
25
30
35
37
2
7
10
12
13
15
19
24
27
30
14
19
22
24
25
27
29
34
37
39
6
11
14
22
23
24
26
31
34
38
18
23
24
29
31
33
34
39
40
41
0
5
6
9
11
13
26
33
36
39
15
18
22
24
27
28
30
33
37
39
5
11
13
16
18
20
23
28
29
31
0
5
6
8
9
11
31
36
38
40
18
23
26
31
32
34
36
41
42
43
44
