time_cost:249931ms
ontime_proportion:0.700000
max_delay:41
avg_delay:5.400000
avg_flowtime:34.300000
object function value:3143.333333
0
0
0
0
0
1
3
5
8
9
18
0
0
0
0
0
0
0
0
0
2
0
0
0
0
0
0
1
4
7
20
0
0
0
0
0
0
0
15
18
69
0
0
0
0
0
0
0
0
4
6
0
0
0
0
0
0
0
0
0
1
0
0
2
7
9
10
11
17
20
67
0
2
5
14
16
17
18
21
24
41
0
0
0
0
0
0
0
1
2
6
0
0
0
0
0
1
11
16
18
27
0
0
0
0
0
1
2
6
8
9
0
0
1
49
51
53
55
58
59
63
0
2
4
5
6
7
8
12
14
24
0
0
2
4
6
8
14
18
24
39
0
0
0
1
2
4
12
17
19
51
0
0
0
0
0
2
14
19
22
26
0
0
0
0
0
0
0
2
3
47
0
0
1
2
4
6
15
18
20
65
0
6
12
14
15
16
17
22
26
28
0
0
0
0
0
0
14
21
25
43
9
14
16
20
24
26
27
32
34
37
6
10
12
15
17
19
21
24
26
45
5
9
11
12
13
14
15
19
21
26
9
14
17
25
27
28
30
35
38
41
0
3
5
7
9
11
14
21
23
32
4
9
12
13
14
15
16
19
22
23
2
5
6
10
11
13
15
18
19
25
5
8
9
21
22
24
26
29
30
36
7
12
15
21
23
24
26
31
34
37
3
6
7
29
31
33
35
38
39
53
5
11
14
18
20
21
23
28
31
35
5
9
11
16
17
18
19
23
25
27
10
17
20
24
26
28
29
34
36
41
5
9
12
17
18
20
22
26
29
34
2
5
6
19
20
22
24
27
28
35
0
3
4
11
12
14
16
19
20
31
7
15
18
20
21
22
23
27
30
32
6
12
15
17
18
19
20
23
26
29
2
5
8
39
41
42
43
46
49
61
7
14
17
19
20
21
22
26
29
31
8
11
14
20
21
23
24
27
31
34
4
7
9
11
13
15
17
20
22
30
0
4
9
22
24
25
26
29
32
43
9
15
19
22
24
26
27
32
34
39
6
13
15
18
20
22
23
28
30
33
0
7
11
37
39
40
41
44
47
55
3
10
13
14
15
16
17
20
23
24
3
7
10
13
14
16
18
22
25
28
0
3
4
45
47
49
51
54
55
57
0
3
6
32
34
35
36
39
42
59
71
