time_cost:53590ms
ontime_proportion:0.760000
max_delay:21
avg_delay:2.260000
avg_flowtime:26.820000
object function value:2294.000000
0
0
0
0
4
6
8
14
19
21
23
0
0
0
0
0
0
22
28
30
33
0
0
0
0
0
0
0
3
6
9
0
0
0
0
0
1
26
31
32
33
0
0
0
0
0
0
0
0
0
0
0
0
0
1
2
4
8
15
16
17
0
0
0
0
0
0
0
0
0
1
0
2
5
7
8
9
11
14
17
25
0
0
0
0
0
1
9
20
22
25
0
0
0
1
2
4
11
16
19
21
0
0
0
0
0
0
0
0
0
24
0
0
0
0
0
0
0
0
3
6
0
0
0
0
0
0
0
0
0
0
0
0
2
5
6
8
9
14
18
42
0
0
0
0
0
0
0
0
2
27
0
0
0
0
0
0
0
1
4
7
0
0
0
0
0
0
0
0
0
2
0
0
1
2
4
6
12
19
20
21
0
7
10
12
13
15
17
22
26
28
0
0
0
0
0
0
0
0
0
3
7
13
15
37
39
40
42
46
48
51
5
9
11
12
13
15
18
22
24
36
4
10
12
15
16
17
19
25
27
30
3
9
12
19
20
22
24
28
30
48
6
15
18
20
21
23
27
32
37
39
3
6
9
11
12
13
15
18
21
28
1
5
7
8
9
11
13
17
19
20
6
11
16
19
20
21
23
28
31
35
6
11
14
17
18
20
22
27
30
32
2
6
8
9
10
12
14
18
20
23
5
9
11
18
19
21
23
27
29
39
5
9
11
15
17
18
20
24
26
29
2
8
11
21
23
24
26
30
32
44
1
6
8
13
14
16
17
22
24
43
2
7
9
17
18
20
21
26
28
31
6
11
13
35
36
38
39
44
46
53
7
12
16
19
20
21
27
32
34
37
14
25
28
30
31
33
35
40
43
45
9
14
15
16
17
19
24
29
30
32
17
24
25
26
28
30
31
36
37
38
9
13
15
32
34
35
37
41
43
49
13
16
19
34
35
36
38
41
44
46
3
7
9
14
15
17
19
23
25
26
7
14
19
22
23
24
25
30
32
35
21
26
27
28
30
32
33
38
39
40
0
5
7
10
11
13
27
32
34
47
22
27
28
30
32
34
35
40
41
42
1
5
16
40
42
43
45
49
51
54
3
11
14
16
17
19
22
28
31
34
16
21
23
26
27
28
29
34
36
39
56
