time_cost:49540ms
ontime_proportion:0.700000
max_delay:31
avg_delay:4.020000
avg_flowtime:33.480000
object function value:3116.000000
0
0
0
0
0
0
0
12
15
20
28
0
0
0
2
3
5
12
17
21
25
0
1
3
7
8
10
27
31
35
59
0
0
0
3
5
7
9
13
14
22
0
0
0
0
0
0
0
0
0
2
0
0
0
0
0
0
23
28
34
37
0
0
0
0
0
0
0
0
1
4
0
0
0
0
0
0
0
0
2
6
0
0
0
0
0
0
1
6
9
22
0
0
0
0
0
1
15
20
23
43
0
0
0
0
0
0
0
3
4
7
0
0
1
32
34
35
37
42
43
51
0
0
0
0
1
3
9
14
19
39
0
0
0
0
2
3
9
14
17
20
0
3
5
6
7
9
25
30
34
54
0
0
0
0
0
0
25
30
33
36
15
19
26
29
31
33
35
39
40
43
0
0
0
1
2
4
6
11
14
25
0
0
2
4
6
7
18
23
26
29
0
0
0
0
4
6
13
17
22
25
14
19
23
26
27
28
30
35
36
39
4
10
13
24
25
27
29
33
35
58
5
9
11
15
16
18
19
23
25
41
0
5
8
13
14
15
16
21
24
29
6
12
15
18
19
20
22
27
30
33
8
13
16
36
37
38
39
44
47
50
5
10
12
18
22
25
27
31
33
55
5
8
10
11
12
14
15
18
20
21
10
15
21
24
25
26
28
33
34
37
5
10
12
27
28
30
31
35
37
45
0
5
6
9
10
11
13
18
19
22
8
12
14
17
19
23
25
29
30
33
2
7
9
19
20
22
23
26
28
40
8
13
16
35
36
38
39
43
45
46
0
7
10
13
14
15
20
25
31
34
3
8
11
14
15
16
17
22
25
60
5
10
13
17
18
19
20
25
28
31
0
5
11
20
21
22
23
28
31
49
9
13
17
20
22
24
26
30
31
35
6
11
13
28
29
31
33
37
39
42
4
8
10
12
13
15
16
20
22
23
8
13
16
30
31
32
33
38
41
47
5
9
10
16
17
19
21
25
26
34
15
20
23
27
28
29
31
36
37
40
11
16
18
37
39
40
42
47
48
56
2
6
7
10
11
13
15
19
20
26
10
15
17
20
21
22
24
29
30
33
2
6
8
9
10
12
19
23
26
48
10
15
20
23
24
25
27
32
38
41
1
5
7
8
11
13
23
28
33
53
61
