time_cost:269558ms
ontime_proportion:0.780000
max_delay:1310546186112243100000000000000000000000000000000000000000000000000000000000000000000000000000000000000000000000000000000000000000000000000000000000000000000000.000000
avg_delay:1.800000
avg_flowtime:28.780000
object function value:2159.333333
0
0
0
0
0
0
0
2
6
8
19
0
0
1
4
6
7
10
15
17
20
0
0
0
0
0
2
12
16
21
25
0
0
0
0
0
2
3
7
9
17
0
0
0
0
1
3
6
11
12
24
0
0
0
0
0
1
12
17
22
25
9
13
18
21
23
24
26
31
35
38
0
0
0
0
0
0
2
6
8
10
8
12
15
18
19
20
22
27
33
36
0
0
1
4
6
8
20
24
26
31
0
0
0
0
0
0
0
0
1
5
0
0
0
1
2
4
8
12
13
28
0
0
0
6
8
9
11
16
18
46
0
0
1
4
5
6
15
20
21
24
0
0
2
3
4
6
7
10
12
25
0
0
0
0
0
0
0
0
0
2
0
0
0
0
0
0
0
0
0
1
0
0
0
0
0
0
15
20
21
48
0
0
0
0
1
2
20
25
29
32
0
0
0
0
0
0
0
0
0
4
14
19
26
29
30
31
33
38
39
42
8
13
14
38
40
41
43
48
49
50
1
5
7
18
19
21
22
26
28
32
5
9
11
14
15
17
19
23
25
29
4
9
10
14
16
18
20
24
25
29
5
10
12
20
21
23
24
27
29
34
4
9
12
16
17
18
19
24
27
35
7
11
13
19
21
23
25
29
30
33
5
10
12
15
18
20
21
26
27
30
14
19
24
28
30
31
32
37
38
41
11
15
18
23
25
27
29
33
34
37
0
4
5
8
10
12
14
18
19
27
6
12
15
18
20
21
22
27
30
34
5
9
10
15
16
18
20
24
25
33
4
8
9
12
14
16
18
22
23
35
1
5
7
11
12
14
16
20
22
31
3
7
9
23
24
26
28
32
34
45
10
14
15
21
24
26
28
32
33
39
12
17
23
26
28
29
30
35
36
39
0
4
5
8
9
11
13
17
20
36
9
14
15
18
20
22
24
29
30
33
5
8
10
13
14
16
17
20
22
27
2
7
9
21
22
24
25
28
30
44
9
14
17
20
21
22
24
29
32
35
0
4
6
12
13
15
17
21
23
30
10
15
16
40
42
43
45
50
51
52
15
20
21
42
44
45
47
52
53
54
8
12
14
17
19
21
23
27
31
41
0
4
5
9
10
12
14
18
19
26
1
5
7
22
23
25
26
30
32
37
56
