time_cost:255545ms
ontime_proportion:0.500000
max_delay:72
avg_delay:15.520000
avg_flowtime:44.880000
object function value:5496.000000
0
0
0
2
5
6
8
15
21
24
28
0
0
0
0
1
2
13
20
22
25
0
0
0
0
0
0
0
0
1
3
0
0
0
0
0
2
3
7
10
13
0
0
0
0
0
0
1
10
12
24
0
0
1
35
37
39
40
43
44
72
0
0
0
0
0
0
0
0
2
3
0
0
0
0
0
0
0
0
2
66
0
0
0
0
0
0
0
0
3
58
0
0
0
0
0
0
0
0
3
6
0
0
0
0
0
0
9
14
17
74
0
0
0
2
3
5
7
12
14
19
0
0
1
4
5
7
9
14
16
23
0
0
0
0
0
1
17
24
27
30
0
0
0
44
46
48
50
54
55
84
0
0
0
5
7
8
9
13
14
50
0
0
0
0
0
0
0
0
3
52
0
0
0
0
1
3
6
11
14
26
0
0
0
0
2
4
15
21
24
27
0
4
7
48
50
52
53
57
60
68
6
12
13
28
30
31
32
36
37
54
12
16
17
80
82
84
85
88
89
92
4
9
11
18
19
21
23
28
30
37
5
9
12
15
16
18
19
23
26
32
0
4
7
9
10
12
13
17
20
31
1
5
8
10
11
13
14
18
21
25
8
13
16
19
20
22
24
29
32
35
1
5
6
7
8
9
10
14
15
17
9
14
15
62
64
66
68
72
73
94
6
11
13
70
72
74
75
78
79
98
10
16
19
22
23
25
27
32
35
38
2
6
9
12
13
15
16
20
23
27
13
17
18
82
84
86
87
90
91
96
4
8
11
46
48
50
51
55
58
90
3
6
7
38
40
42
43
46
47
78
0
12
14
15
17
18
20
23
25
27
12
17
20
24
25
27
29
34
37
40
8
16
19
23
24
26
28
33
36
39
8
13
16
40
42
44
45
49
52
86
1
4
7
11
12
14
16
19
22
30
4
9
12
64
66
68
69
73
76
100
4
8
9
56
58
59
60
64
65
88
5
10
12
16
17
19
21
26
28
34
13
18
21
25
26
28
30
35
38
41
15
19
22
23
25
26
28
31
33
34
8
15
18
21
22
24
26
31
34
37
3
8
10
14
15
17
19
24
26
33
1
4
5
42
44
46
47
50
51
76
5
8
9
20
22
24
25
28
29
60
1
5
6
8
9
10
11
15
16
22
102
