time_cost:51725ms
ontime_proportion:0.740000
max_delay:22
avg_delay:2.160000
avg_flowtime:28.240000
object function value:2541.333333
0
0
0
0
0
0
0
18
22
25
28
0
0
0
0
0
0
25
28
33
37
0
3
4
7
9
10
12
17
18
19
0
0
0
0
0
1
19
24
31
35
0
0
0
0
1
3
12
16
18
48
0
0
0
0
0
0
0
0
1
4
0
0
0
0
0
0
7
11
15
27
0
0
0
0
0
0
0
0
0
0
0
0
0
0
0
0
23
27
34
37
0
0
0
0
0
0
1
6
12
25
6
10
11
16
18
19
20
25
26
29
0
3
5
6
7
9
14
17
19
33
0
0
0
0
0
0
0
0
0
2
0
0
0
0
0
0
0
0
0
13
0
0
1
4
6
7
9
14
15
17
0
0
0
0
0
2
27
32
36
39
0
0
0
0
0
0
0
0
0
3
0
0
0
0
0
0
0
0
0
1
0
0
0
1
2
4
11
15
18
45
0
0
1
4
6
7
12
17
20
23
10
15
19
35
36
37
38
43
46
49
13
18
22
25
26
27
29
34
37
40
9
14
16
19
20
22
24
29
31
34
2
7
8
14
16
17
18
23
24
27
6
10
12
16
18
20
22
26
27
32
2
8
12
28
30
31
33
38
39
41
0
4
5
8
10
12
17
21
22
25
3
11
14
17
19
20
22
27
30
33
2
6
7
11
12
14
16
20
21
23
3
8
9
12
14
15
16
21
22
25
8
12
15
20
22
24
26
30
31
34
11
16
17
38
40
41
43
48
49
50
2
5
7
15
16
18
27
30
34
47
8
13
16
19
21
22
25
30
35
38
0
5
8
11
12
13
15
20
23
27
7
11
14
18
20
22
24
28
29
39
5
9
11
12
13
15
17
21
23
24
10
15
18
40
41
42
43
48
51
54
5
9
11
14
15
17
19
23
25
26
5
9
11
16
17
19
21
25
27
32
3
7
9
10
11
13
15
19
21
22
11
15
17
34
35
37
39
43
45
46
9
14
17
36
38
39
41
46
47
52
6
11
12
18
20
21
22
27
28
31
2
6
8
9
10
12
14
18
20
21
2
6
11
14
16
18
20
24
25
30
7
12
14
20
22
23
24
29
30
33
6
11
13
30
32
33
35
40
41
43
17
22
28
31
32
33
35
40
41
44
14
19
23
26
27
28
30
35
38
41
55
