time_cost:47517ms
ontime_proportion:0.700000
max_delay:10
avg_delay:1.440000
avg_flowtime:32.460000
object function value:3082.000000
0
0
0
0
0
1
3
5
8
9
14
0
0
0
0
0
0
0
0
0
2
0
0
0
0
0
0
1
4
5
16
0
0
0
0
0
0
0
1
4
7
0
0
0
0
0
0
0
0
4
6
0
0
0
0
0
0
0
0
0
1
0
0
2
4
6
7
8
11
14
17
0
2
5
10
12
13
14
17
20
23
0
0
0
0
0
0
0
1
2
15
0
0
0
0
0
1
3
6
8
10
0
0
0
0
0
1
2
6
8
27
0
0
1
2
4
6
8
11
12
25
0
2
4
6
7
8
9
13
15
28
0
0
2
4
6
8
10
13
15
17
0
0
0
1
2
4
6
9
10
34
0
0
0
0
0
2
16
22
25
28
0
0
0
0
0
0
0
2
3
29
0
0
1
19
21
23
25
28
29
36
0
3
6
8
9
10
17
23
26
28
0
0
0
0
0
0
9
15
19
24
9
14
16
19
21
23
24
29
31
34
1
4
8
12
14
16
18
21
23
28
5
9
11
12
13
14
15
19
21
22
4
9
12
14
16
17
19
24
27
32
0
3
5
7
9
11
13
16
18
20
6
9
12
16
17
18
19
22
25
36
2
5
6
13
14
16
18
21
22
42
5
8
9
33
34
36
38
41
42
45
9
14
17
22
24
25
27
32
35
37
3
6
7
31
33
35
37
40
41
43
9
18
22
26
28
29
31
36
39
41
5
12
14
38
39
40
41
45
47
48
11
18
20
23
25
27
28
33
35
38
5
10
13
39
40
42
44
48
51
53
2
5
6
9
10
12
14
17
19
47
0
5
9
46
47
49
51
54
55
58
6
14
17
19
21
22
23
27
30
32
7
14
17
19
20
21
22
25
28
39
2
5
8
40
42
43
44
47
50
59
7
15
18
20
21
22
23
28
31
33
16
21
24
34
35
36
37
40
43
45
14
21
23
30
32
34
36
39
41
43
0
6
12
49
51
52
53
56
59
61
14
20
22
25
27
29
30
35
37
40
4
12
14
17
19
21
22
27
29
32
4
9
12
51
53
54
55
58
61
63
9
17
20
35
36
37
38
41
44
46
3
7
10
21
22
24
26
30
33
65
0
3
4
54
56
58
60
63
64
66
0
6
10
56
58
59
60
63
66
68
70
