time_cost:256783ms
ontime_proportion:0.700000
max_delay:38
avg_delay:5.380000
avg_flowtime:31.900000
object function value:3063.333333
0
0
0
1
2
3
5
11
14
16
42
0
0
0
0
0
0
0
0
0
5
0
1
2
6
8
10
19
23
29
32
0
0
0
0
1
2
15
20
26
32
0
0
0
0
0
0
1
4
6
7
0
0
0
0
0
0
0
0
2
4
0
0
0
0
0
0
0
0
1
4
0
0
1
10
12
13
19
24
25
59
0
0
0
0
0
0
23
28
29
32
0
0
2
4
6
8
17
21
23
26
0
0
0
1
2
4
5
9
11
23
0
0
0
0
0
0
0
0
0
3
0
0
0
0
0
0
0
1
4
9
0
0
0
0
0
1
7
10
12
26
0
0
0
0
0
0
0
1
10
13
0
4
6
8
9
11
13
17
19
39
0
0
0
0
0
0
0
3
5
6
0
0
0
0
0
0
0
0
0
0
0
0
0
0
0
2
19
24
25
66
0
0
0
0
0
0
0
0
0
64
8
13
15
33
34
36
37
40
42
58
0
5
6
15
17
18
20
25
26
50
7
11
13
29
30
32
34
38
40
57
3
6
8
12
13
15
16
19
21
27
11
16
18
43
44
46
47
50
52
63
2
7
8
36
38
39
41
46
47
48
4
8
10
14
15
17
19
23
25
28
8
13
17
20
21
22
24
29
33
36
7
12
15
18
19
20
22
27
30
33
6
11
12
40
42
43
45
50
51
52
14
19
21
24
27
31
32
37
38
41
5
9
11
18
19
21
22
26
28
34
3
8
10
21
25
29
31
35
37
62
9
14
15
19
21
22
23
28
29
34
10
15
16
19
20
22
24
29
32
35
3
7
8
17
18
20
22
26
27
35
12
18
19
22
23
25
27
32
37
40
10
15
18
21
22
23
25
30
32
36
7
12
15
32
33
34
35
40
43
55
1
6
9
19
20
21
22
27
30
54
14
19
22
25
27
30
32
37
40
43
6
10
11
14
16
18
20
24
25
28
8
13
14
17
19
20
21
26
27
30
9
15
18
21
22
24
26
31
34
37
3
8
9
30
32
33
35
40
41
46
14
19
20
23
24
26
28
33
34
37
4
8
10
22
23
28
30
34
36
61
3
7
8
20
21
23
25
29
30
56
7
12
13
24
26
27
29
34
35
44
3
7
9
13
14
16
18
22
24
38
68
