time_cost:279643ms
ontime_proportion:0.640000
max_delay:1310546186112244000000000000000000000000000000000000000000000000000000000000000000000000000000000000000000000000000000000000000000000000000000000000000000000000.000000
avg_delay:4.940000
avg_flowtime:29.240000
object function value:3574.666667
0
0
0
0
0
1
2
8
13
16
37
0
0
0
0
0
0
0
0
0
3
0
0
0
0
0
0
0
3
4
10
0
0
0
0
0
0
0
0
2
26
0
0
0
0
0
0
0
0
0
0
0
0
0
0
0
0
0
0
1
5
0
0
0
0
0
0
0
0
0
2
0
0
0
0
0
1
11
17
20
23
0
0
0
0
0
0
2
6
7
27
0
0
0
0
0
1
17
22
25
28
0
0
0
0
0
0
8
13
15
25
0
0
0
0
0
0
0
0
0
12
0
0
0
0
0
0
0
0
0
15
0
0
0
2
3
5
9
16
18
34
0
0
0
0
0
0
0
0
0
1
0
0
0
0
0
1
9
14
16
33
0
0
0
0
0
0
0
0
1
4
0
0
1
7
8
10
17
21
25
51
0
0
0
0
0
0
0
0
0
1
0
0
1
6
7
9
13
18
20
38
13
19
22
25
26
28
30
35
38
41
0
5
8
20
21
22
23
28
31
47
6
11
13
16
17
18
20
25
26
29
8
12
15
23
24
26
28
32
34
45
12
18
21
24
25
27
29
34
37
40
1
6
9
12
13
14
16
21
24
27
3
8
11
29
30
31
32
37
40
52
5
12
13
21
22
24
26
30
31
40
0
4
6
8
9
11
12
16
18
31
3
7
8
11
12
14
16
20
21
30
6
11
12
15
16
17
19
24
27
30
1
5
7
9
10
12
16
21
24
46
4
9
12
17
18
19
20
25
28
32
11
16
19
41
42
43
44
49
52
55
9
15
18
21
22
23
25
30
33
36
4
9
10
13
14
16
18
23
24
27
11
16
18
21
22
23
25
30
31
34
5
12
15
22
23
25
27
31
33
49
12
17
22
25
26
27
29
34
35
38
14
20
21
24
26
29
30
35
36
39
2
6
8
24
25
27
29
33
35
53
4
8
10
14
15
17
18
22
24
43
6
11
14
17
18
19
21
26
29
32
1
4
6
19
20
22
23
26
28
44
7
12
15
18
19
20
22
27
30
33
4
9
12
18
19
20
21
26
29
48
13
18
19
35
37
38
40
45
46
56
9
14
16
28
29
31
33
37
39
50
4
10
12
16
17
19
21
25
27
42
9
14
17
39
40
41
42
47
50
54
58
