time_cost:292961ms
ontime_proportion:0.760000
max_delay:1310546186112243100000000000000000000000000000000000000000000000000000000000000000000000000000000000000000000000000000000000000000000000000000000000000000000000.000000
avg_delay:2.540000
avg_flowtime:26.860000
object function value:2295.333333
0
0
0
0
1
3
5
18
30
32
35
0
0
2
4
6
8
17
28
30
35
0
0
0
0
0
0
0
0
3
6
0
0
0
0
0
0
0
0
0
0
0
0
0
0
0
0
0
0
0
2
0
0
0
0
0
0
0
0
0
1
0
0
0
0
0
1
2
7
9
11
0
0
0
1
2
3
9
17
20
22
0
0
0
0
0
1
14
23
26
28
0
0
0
4
6
8
10
13
14
25
0
0
0
0
0
0
0
0
0
2
0
0
0
0
0
0
0
4
6
9
0
0
0
0
0
0
6
11
14
27
0
0
0
0
0
0
0
0
0
0
0
0
0
3
4
6
8
11
12
18
0
0
0
0
0
0
0
2
5
6
0
0
0
0
1
2
15
25
28
30
0
2
4
7
11
13
18
30
32
37
0
0
0
0
0
0
0
0
1
40
0
1
4
6
7
8
23
35
38
40
0
3
6
22
24
25
26
29
32
50
5
11
13
17
19
21
23
26
28
43
6
12
15
23
25
26
28
33
36
40
4
7
10
11
12
13
14
17
20
21
2
6
9
12
13
15
17
21
24
29
2
6
8
9
10
11
12
16
18
20
1
5
7
8
9
10
11
15
17
19
0
3
5
7
9
11
20
28
31
37
1
5
8
10
11
12
13
17
20
22
4
10
13
14
15
16
17
20
23
29
5
9
12
15
16
18
20
24
27
35
15
26
28
31
33
35
36
41
43
46
3
9
12
13
14
15
16
19
22
25
5
9
11
13
14
15
16
20
22
24
12
22
24
27
29
31
33
36
38
45
9
18
20
31
33
35
37
40
42
47
2
6
8
10
11
12
13
17
19
21
7
14
17
20
21
22
23
27
30
32
4
8
11
14
15
17
19
23
26
30
6
14
17
19
20
21
22
32
35
37
15
22
25
36
38
39
40
43
46
48
6
13
16
31
33
34
35
38
41
46
1
8
11
15
17
18
20
27
30
33
6
12
14
17
19
21
22
27
29
33
1
4
7
16
18
19
20
23
26
42
18
30
33
35
36
37
38
42
45
47
11
15
16
33
35
37
39
42
43
44
12
20
23
26
27
28
29
32
35
39
10
19
22
38
40
41
42
45
48
52
9
12
15
19
20
21
23
35
38
42
54
