time_cost:54715ms
ontime_proportion:0.720000
max_delay:11
avg_delay:1.560000
avg_flowtime:22.060000
object function value:2535.333333
0
0
0
0
0
1
2
3
8
11
14
0
0
0
0
0
0
0
0
1
3
0
0
0
0
0
0
0
0
0
0
0
0
0
0
0
0
1
6
7
10
0
0
0
2
3
4
6
11
14
18
0
0
3
4
6
7
9
13
16
18
0
0
0
0
0
0
0
0
0
2
0
0
0
0
0
1
5
8
14
17
0
0
0
0
0
0
0
0
1
2
0
0
0
0
1
3
7
12
13
21
0
0
0
0
0
0
0
0
0
1
0
5
8
11
12
13
14
19
22
25
0
0
0
0
0
0
8
15
18
22
0
0
0
0
0
3
12
17
19
23
0
0
0
0
0
0
0
0
2
4
0
5
8
13
14
15
17
22
25
28
0
0
0
0
0
0
1
18
20
23
0
0
0
0
0
0
0
0
2
4
0
0
0
0
0
0
0
1
3
5
0
0
0
0
0
0
13
22
25
28
4
7
10
11
12
14
16
20
23
26
3
10
12
15
17
18
19
25
27
28
0
5
6
8
9
11
15
23
24
27
2
8
11
15
16
17
19
25
28
31
5
8
11
14
15
17
19
22
25
29
6
11
13
19
21
22
24
29
31
32
8
14
17
20
21
22
23
28
31
34
8
12
15
16
18
19
21
25
28
29
2
5
8
9
10
12
15
21
24
30
7
13
16
19
20
21
23
28
31
34
8
13
15
21
23
24
25
30
32
34
11
17
20
21
23
24
26
31
34
35
5
10
13
14
16
17
19
24
27
31
9
13
15
20
21
22
24
27
29
32
12
15
17
19
20
24
26
29
31
33
12
18
20
22
23
24
26
29
32
34
3
6
8
12
13
14
18
27
29
33
15
23
25
27
28
29
31
34
36
38
5
10
12
13
15
16
17
24
26
30
5
11
13
17
19
20
22
34
36
37
15
20
23
24
25
27
29
32
35
36
15
20
22
25
26
27
29
32
34
37
4
9
10
16
17
19
20
26
27
35
12
16
18
20
22
25
27
31
33
35
11
15
18
21
23
26
28
32
35
36
1
5
8
9
11
12
15
25
28
33
10
16
21
23
24
26
27
35
37
39
13
20
22
25
27
28
30
35
37
39
10
17
20
23
24
27
28
33
36
39
13
18
21
23
25
28
30
34
37
38
41
