time_cost:45864ms
ontime_proportion:0.780000
max_delay:21
avg_delay:2.520000
avg_flowtime:28.260000
object function value:2142.000000
0
0
0
0
0
0
0
0
0
0
1
0
0
0
0
1
2
4
9
11
14
0
0
0
0
0
1
10
18
22
23
0
0
2
4
5
7
9
12
15
23
0
2
4
5
7
8
18
29
31
32
0
0
0
0
0
0
0
2
5
9
0
1
4
6
8
9
11
18
23
24
0
0
3
6
7
8
10
15
18
26
0
0
0
0
0
0
0
0
0
2
0
0
1
3
4
6
13
21
22
25
0
0
2
5
6
7
8
13
19
22
0
0
2
5
6
9
11
14
17
24
0
4
6
7
9
11
12
19
21
25
0
0
0
0
1
2
11
20
23
24
0
0
0
0
0
0
0
0
0
0
0
5
8
11
12
13
14
20
24
27
0
2
5
8
9
10
12
17
20
27
0
0
0
0
0
0
13
22
25
26
0
0
0
0
0
1
9
20
22
27
0
0
0
0
0
0
0
0
0
0
6
14
17
21
22
23
25
30
33
36
1
6
9
12
13
14
15
20
23
26
9
17
20
23
24
25
26
32
35
38
1
8
11
12
14
15
17
22
24
29
3
11
13
18
19
20
22
25
27
30
7
13
16
20
21
22
24
27
29
33
0
6
9
10
11
13
15
23
26
32
10
16
19
28
29
30
32
35
37
40
0
5
7
9
11
14
20
37
40
41
2
11
14
19
20
21
23
34
37
41
5
8
11
13
14
16
19
33
36
38
6
16
18
19
21
22
23
28
30
34
17
23
26
29
30
32
34
37
40
42
1
4
6
8
10
12
14
23
25
27
5
10
13
17
18
19
21
36
39
43
1
9
12
13
15
17
19
23
26
28
15
26
29
30
32
33
35
39
42
43
1
4
6
9
10
11
26
45
47
49
4
9
10
12
13
15
25
42
43
45
8
15
18
22
23
25
27
39
42
44
5
10
13
16
17
18
20
25
28
31
19
31
34
35
36
38
40
43
46
47
4
8
11
13
15
16
22
40
43
44
15
26
30
34
35
36
38
43
46
49
6
11
14
15
16
19
21
24
27
46
4
7
9
11
12
13
15
18
21
23
18
29
32
33
35
36
38
42
45
46
3
6
8
11
12
15
17
21
23
39
6
13
16
17
19
20
22
26
29
30
7
18
19
37
38
40
41
46
47
50
51
