time_cost:281705ms
ontime_proportion:0.860000
max_delay:1310546186112240900000000000000000000000000000000000000000000000000000000000000000000000000000000000000000000000000000000000000000000000000000000000000000000000.000000
avg_delay:0.680000
avg_flowtime:24.480000
object function value:1216.000000
0
0
0
0
0
0
1
2
10
13
16
0
0
0
0
0
0
0
0
0
2
0
0
0
0
0
0
0
0
0
1
0
0
2
5
7
8
11
16
19
22
0
0
0
0
0
0
8
13
16
24
0
0
0
0
0
1
9
15
17
22
0
0
0
0
0
0
0
0
1
4
0
0
0
0
0
0
13
21
23
25
0
0
0
0
1
3
11
17
20
22
0
0
0
0
1
2
10
18
21
25
0
0
0
0
0
0
0
0
0
2
0
0
0
0
0
0
0
2
4
5
0
0
3
7
9
10
15
25
28
32
0
0
0
0
1
2
12
18
21
23
0
0
0
0
2
3
12
19
22
23
0
0
0
0
0
0
0
0
0
3
0
0
0
0
0
0
11
19
20
23
0
0
0
0
0
0
0
0
0
1
0
0
0
0
0
0
14
23
25
27
0
0
0
1
3
4
16
24
26
27
0
3
6
7
8
10
15
21
24
26
0
4
7
8
10
11
14
22
25
26
3
8
11
14
15
16
17
32
35
39
7
13
15
20
22
23
24
30
32
35
12
17
19
21
22
23
25
30
32
34
8
14
16
20
21
22
24
28
30
34
8
13
16
19
20
21
23
26
33
38
3
8
9
13
14
18
19
31
32
37
7
11
14
16
17
18
20
25
27
29
9
15
18
24
25
26
27
32
35
38
6
13
16
19
20
21
22
27
30
34
0
3
6
8
9
11
15
28
31
33
3
8
10
11
13
14
18
30
32
33
4
9
12
15
16
17
18
25
28
35
5
8
11
12
13
15
17
20
23
24
2
9
11
13
15
16
18
23
25
29
8
12
15
17
18
20
22
29
33
35
4
10
13
16
17
18
20
26
29
32
11
18
21
26
27
28
29
34
37
40
6
11
13
15
17
18
20
32
34
37
5
11
14
17
19
20
22
26
29
30
1
5
8
9
11
12
14
20
23
27
0
3
5
7
8
9
16
24
26
28
7
15
17
18
21
22
23
28
30
31
11
16
18
21
22
23
25
29
33
36
0
5
8
11
12
13
14
20
23
29
9
15
19
20
23
25
27
31
34
36
3
7
10
11
13
15
18
32
36
37
3
6
8
11
12
13
15
22
24
27
3
6
9
10
11
14
16
23
26
28
41
