time_cost:49127ms
ontime_proportion:0.680000
max_delay:29
avg_delay:3.720000
avg_flowtime:29.880000
object function value:3196.000000
0
0
0
0
0
0
1
17
22
24
27
0
4
6
9
10
12
13
18
20
23
0
0
0
0
0
1
3
7
12
21
0
0
0
1
2
4
6
10
12
13
0
0
0
0
0
0
0
0
0
0
0
0
0
0
0
0
0
2
4
10
0
0
0
0
0
2
18
23
26
28
0
0
0
0
0
2
3
8
10
24
0
0
0
0
1
3
7
12
15
17
0
0
0
0
0
0
0
2
5
12
0
0
0
0
0
0
0
0
0
1
0
0
0
2
3
4
6
9
12
25
0
0
2
5
7
8
10
14
16
28
0
0
0
0
0
0
0
3
7
27
0
2
4
7
9
10
12
16
18
30
0
0
0
0
0
0
0
1
3
20
0
0
1
2
4
6
8
13
14
20
0
0
2
5
6
7
9
14
18
21
0
0
0
0
0
2
16
21
27
29
0
2
3
4
6
8
9
14
15
22
3
8
9
10
11
13
15
20
22
30
14
19
23
26
27
28
29
34
40
43
4
7
10
19
20
21
23
26
29
32
1
12
15
17
18
20
22
27
30
32
7
12
15
19
20
22
24
29
32
35
5
9
11
17
19
20
22
26
28
33
8
15
20
22
23
25
27
32
35
37
6
11
14
15
17
19
20
25
26
31
1
5
7
16
17
19
21
25
27
47
8
13
16
18
21
23
25
30
31
33
1
6
7
8
10
12
16
21
23
36
3
10
14
26
27
29
30
35
37
48
5
11
14
24
25
26
28
33
36
39
2
6
8
35
37
38
40
44
46
49
11
16
18
26
28
30
31
36
37
40
13
19
22
25
26
27
28
33
35
38
5
9
11
14
16
17
19
23
25
45
13
18
21
29
30
32
34
39
40
42
0
5
8
11
12
13
18
23
28
38
14
19
22
28
29
31
33
38
39
43
8
15
17
37
39
40
42
46
48
51
10
17
19
39
40
42
43
48
50
53
12
16
21
41
43
44
46
50
52
55
12
17
19
40
41
43
44
49
51
54
0
5
6
7
8
10
18
23
25
44
14
19
23
25
26
28
30
35
37
39
9
14
17
25
26
27
29
34
37
45
14
18
22
43
45
46
48
52
54
57
3
8
13
15
16
18
20
25
28
30
16
21
25
33
35
37
38
43
44
46
59
