time_cost:56855ms
ontime_proportion:0.400000
max_delay:72
avg_delay:17.600000
avg_flowtime:48.720000
object function value:6624.000000
0
0
0
0
3
4
6
7
11
14
27
0
0
0
0
0
0
0
3
5
60
0
0
0
0
0
0
0
0
2
21
0
0
0
1
2
4
6
9
12
44
0
0
0
0
0
0
0
0
0
25
0
0
0
0
0
0
16
21
25
28
0
0
0
0
1
3
4
8
11
16
0
0
0
0
0
0
7
13
15
61
12
17
22
25
26
28
30
35
38
41
0
0
0
0
0
0
8
14
16
67
0
0
0
50
52
53
54
58
59
63
0
0
1
2
3
4
5
9
11
35
0
0
0
0
0
0
0
3
6
30
0
0
0
57
59
61
63
67
68
75
0
0
0
0
0
0
0
0
0
0
0
0
0
0
0
0
0
0
0
0
0
0
0
0
0
0
0
0
0
4
0
0
0
0
0
0
0
0
1
69
0
0
0
0
0
0
0
0
0
1
0
0
0
0
0
0
0
0
2
24
7
14
17
65
67
69
70
74
77
79
11
15
16
71
73
74
75
79
80
86
0
4
5
7
8
9
10
14
15
47
12
16
19
81
83
84
85
89
90
93
5
11
14
73
75
77
78
82
85
88
2
10
12
38
39
41
43
48
50
96
0
4
5
8
10
11
12
16
17
31
1
10
13
41
43
45
46
50
53
55
0
4
7
43
44
46
47
51
54
97
11
15
18
77
79
81
83
87
88
98
3
6
9
15
16
18
20
23
26
59
2
5
8
10
11
13
15
18
21
52
9
14
16
19
21
23
25
28
30
32
8
14
16
17
19
22
24
27
29
30
14
19
22
26
27
29
31
36
39
42
4
8
10
19
20
21
22
26
27
29
4
7
10
20
21
23
25
28
31
92
15
20
23
90
92
93
94
98
99
102
11
16
19
22
23
25
27
32
35
38
4
7
8
22
24
26
27
30
31
48
3
8
10
14
15
17
19
24
26
28
5
9
12
39
40
42
43
47
50
53
1
6
8
13
14
16
18
23
25
83
8
12
13
84
86
88
89
92
93
100
0
3
4
5
7
9
10
13
14
17
16
20
25
95
96
97
98
102
103
104
6
12
15
18
19
21
23
28
31
34
1
5
6
33
35
36
37
41
42
45
3
7
8
11
13
14
15
19
20
36
7
12
14
40
41
43
45
50
52
54
105
