time_cost:51309ms
ontime_proportion:0.460000
max_delay:67
avg_delay:12.900000
avg_flowtime:42.060000
object function value:5802.000000
0
0
0
0
1
2
4
5
9
12
18
0
0
1
2
3
4
5
10
11
19
0
0
0
0
0
2
3
10
13
24
0
0
0
0
0
0
0
2
5
8
0
0
0
0
0
0
0
2
5
23
0
0
0
0
1
3
5
9
10
26
0
0
0
0
0
1
4
8
9
28
0
0
2
5
6
8
23
29
32
35
0
0
0
0
0
0
0
0
0
4
0
0
0
0
1
5
22
28
31
34
0
0
1
3
4
5
8
13
15
34
0
0
0
0
0
0
0
0
1
14
0
0
2
22
23
25
27
32
34
43
0
0
0
0
0
0
0
0
2
29
0
0
0
0
0
1
8
11
13
15
0
0
0
0
0
0
0
0
0
6
0
0
0
0
0
0
18
23
25
26
0
0
0
0
0
2
20
24
26
28
0
0
0
0
0
0
0
2
3
31
0
0
0
2
3
5
9
14
17
20
6
11
13
33
34
36
38
43
45
47
7
12
13
35
37
39
41
45
46
48
6
10
12
13
15
16
18
21
23
24
9
13
15
41
43
44
45
49
50
53
1
4
7
9
10
12
14
17
20
50
4
10
13
44
45
47
48
52
55
57
13
18
21
24
25
27
29
34
37
40
4
8
11
45
47
49
50
54
57
59
0
4
7
8
9
11
12
16
19
20
8
13
15
17
19
20
22
25
27
35
4
8
9
21
22
23
24
28
29
58
5
9
10
37
39
41
43
47
48
67
2
6
7
11
13
14
15
19
20
65
8
13
15
39
41
43
45
49
50
63
21
28
30
31
33
34
36
39
41
42
11
15
17
61
63
64
65
69
70
73
15
18
20
21
23
24
26
31
33
37
12
15
18
19
21
22
24
30
32
33
9
14
16
51
53
55
57
61
62
69
0
7
10
16
18
20
21
25
28
82
2
6
9
71
73
75
76
80
83
86
2
5
8
10
11
13
18
23
26
79
3
8
10
13
14
16
19
26
28
85
18
22
23
77
79
81
83
87
88
90
13
20
23
26
27
29
31
36
39
42
15
21
24
27
28
30
32
37
40
43
16
20
21
75
77
79
80
83
84
88
11
15
18
55
57
59
60
64
67
92
19
26
29
84
85
87
88
92
95
96
8
12
15
80
82
84
85
89
92
94
97
