time_cost:528817ms
ontime_proportion:0.800000
max_delay:15
avg_delay:2.200000
avg_flowtime:26.360000
object function value:1878.666667
0
0
0
0
0
1
2
9
13
17
22
0
0
0
0
0
0
24
32
35
41
0
0
0
0
0
0
26
35
38
44
0
0
0
0
0
1
8
12
14
21
0
0
0
2
3
4
10
16
19
28
0
0
0
4
5
6
8
13
16
26
0
0
0
0
0
0
0
0
0
1
0
2
4
5
7
8
9
14
16
21
0
1
3
5
6
7
14
24
26
28
0
0
0
0
1
3
11
16
19
20
0
0
0
0
2
4
15
21
23
25
0
0
0
0
0
0
0
0
2
6
0
5
6
8
9
11
12
17
18
27
0
0
0
0
0
0
0
1
4
7
0
0
0
0
0
0
0
0
0
2
0
0
0
0
0
0
0
0
0
1
0
0
0
0
0
0
0
0
1
5
0
0
2
3
4
6
12
15
18
24
0
0
0
1
2
3
14
19
22
24
0
0
0
0
0
0
0
0
1
2
1
6
7
9
10
12
13
18
19
25
4
8
11
12
13
15
17
21
24
30
12
19
21
23
25
26
27
32
34
39
6
9
12
20
21
23
25
28
31
38
3
6
8
11
12
13
23
29
31
37
2
7
9
10
12
13
15
20
22
27
15
25
27
29
31
32
34
39
41
42
10
15
18
19
21
22
24
29
32
33
2
7
10
11
13
14
16
21
24
26
0
4
7
8
10
11
26
37
40
42
1
4
7
14
15
17
19
22
25
31
10
15
18
24
26
27
29
33
36
37
3
7
9
13
14
15
17
23
25
33
5
10
12
13
15
16
17
22
24
25
2
7
8
10
11
13
14
21
22
32
6
12
14
19
21
22
24
29
31
33
7
14
16
17
19
20
21
27
29
37
11
18
21
22
24
25
27
31
34
39
3
6
9
16
17
19
21
24
27
36
3
8
11
17
18
19
21
26
29
35
5
10
13
19
20
21
23
28
31
39
6
12
15
23
24
25
27
32
35
43
12
18
21
26
27
28
29
34
37
41
15
22
25
29
30
32
34
37
40
42
5
11
12
15
16
18
19
24
25
34
11
18
21
22
24
25
27
31
34
35
0
5
7
8
10
11
18
25
27
35
6
9
12
18
20
22
26
34
37
40
7
12
15
18
19
21
22
29
32
35
6
11
13
15
17
18
19
27
29
31
45
