time_cost:52421ms
ontime_proportion:0.680000
max_delay:38
avg_delay:6.960000
avg_flowtime:31.500000
object function value:3250.000000
0
0
0
1
2
3
5
7
10
12
22
0
0
0
0
0
0
0
0
0
5
0
1
2
5
7
9
23
27
28
31
0
0
0
0
1
2
19
24
31
34
0
0
0
0
0
0
1
4
6
8
0
0
0
0
0
0
0
0
2
4
0
0
0
0
0
0
0
0
1
3
0
0
2
40
42
43
45
50
51
61
0
0
0
0
0
0
27
32
33
36
0
0
0
2
4
6
19
23
24
27
0
0
0
1
2
4
10
14
18
56
0
0
0
0
0
0
0
0
0
4
0
0
0
0
0
0
0
1
4
59
0
0
0
0
0
1
11
14
16
45
0
0
0
0
0
0
0
1
4
7
18
22
25
49
50
52
54
58
60
65
0
0
0
0
0
0
0
3
5
6
0
0
0
0
0
0
0
0
0
0
0
0
0
0
0
2
28
33
34
63
0
0
0
0
0
0
0
0
0
43
3
6
8
9
10
12
13
16
18
35
8
13
14
38
40
41
43
48
49
50
0
4
6
7
8
10
14
18
22
47
3
6
8
42
43
45
46
49
51
57
6
9
11
20
21
23
26
29
32
58
10
15
17
54
56
57
59
64
65
66
4
8
10
16
17
19
21
25
27
28
6
11
14
17
19
21
23
28
31
34
3
9
12
15
16
17
19
24
27
30
5
10
11
29
31
32
34
39
40
52
9
14
15
18
20
21
22
27
29
32
7
11
13
21
22
24
25
29
31
37
3
7
9
10
11
13
15
19
21
34
8
13
15
22
24
25
26
31
32
38
8
13
14
17
18
19
21
26
27
30
7
11
12
36
37
39
41
45
46
48
13
18
19
22
23
24
26
31
32
35
8
14
17
20
21
23
25
30
33
37
10
15
18
46
47
48
49
54
57
60
1
6
9
18
19
20
21
26
29
33
14
19
22
25
26
27
29
34
37
40
6
10
11
14
17
21
23
27
28
33
8
13
14
20
22
23
24
29
30
36
11
16
19
22
24
25
27
32
35
38
3
8
9
14
16
17
19
24
25
26
18
23
24
27
28
29
31
36
37
40
4
8
10
11
12
14
16
20
22
23
3
7
8
17
18
20
22
26
27
31
3
8
9
12
14
15
17
22
23
24
3
9
11
19
20
22
24
28
30
32
68
