time_cost:60387ms
ontime_proportion:0.860000
max_delay:9
avg_delay:0.660000
avg_flowtime:22.740000
object function value:1158.000000
0
0
0
0
2
3
5
15
20
24
26
0
0
0
0
0
1
2
7
8
9
0
0
0
0
0
2
11
16
18
20
0
0
1
2
4
6
7
12
13
14
0
0
0
1
2
4
11
16
17
21
0
0
0
0
0
0
12
17
19
22
0
2
3
4
5
7
9
14
15
24
0
0
0
0
0
0
0
0
0
6
0
0
0
0
0
0
0
0
0
0
0
0
0
0
0
0
0
0
2
5
0
0
0
0
0
0
0
0
0
0
0
0
0
0
1
3
17
22
25
27
0
0
0
1
2
4
12
17
20
23
0
0
0
0
0
0
15
20
21
23
0
0
0
0
0
0
0
1
2
4
0
0
0
0
0
0
11
16
19
25
0
0
0
0
0
0
0
0
0
2
0
0
0
0
0
0
0
0
0
3
0
0
0
0
0
0
0
0
1
5
0
0
0
0
0
0
0
0
1
4
5
10
13
17
18
19
21
26
29
32
2
7
10
13
14
15
17
22
25
29
4
9
10
11
12
14
17
22
23
30
5
9
11
13
14
16
18
22
24
27
3
7
9
15
17
18
20
24
26
29
7
12
13
20
21
23
25
30
31
33
0
5
7
10
11
13
14
19
21
28
10
15
16
18
19
21
23
28
29
31
2
6
8
11
13
14
16
20
22
25
6
11
12
16
17
19
21
26
27
31
5
10
12
21
23
25
26
31
32
34
4
9
12
14
15
17
19
24
27
29
6
11
14
17
18
19
20
25
27
30
10
15
17
20
21
23
24
29
31
34
0
4
11
18
20
21
23
27
29
32
1
6
7
9
10
12
22
27
28
30
7
12
13
18
23
25
26
31
32
36
2
6
8
9
10
12
14
18
20
22
6
11
14
16
21
23
25
30
33
35
10
15
16
19
20
22
24
29
30
32
6
10
12
14
15
17
20
24
28
31
0
5
6
8
9
11
16
21
26
28
9
14
17
23
24
25
27
32
35
38
12
17
20
26
27
28
30
35
38
41
1
8
10
17
18
20
22
26
29
35
15
20
23
27
29
31
32
37
38
39
14
19
22
24
25
26
28
31
34
36
0
4
6
7
8
10
26
30
32
37
9
14
16
21
22
24
25
30
32
38
1
6
7
8
11
13
29
34
35
42
43
