time_cost:257204ms
ontime_proportion:0.840000
max_delay:1310546186112242700000000000000000000000000000000000000000000000000000000000000000000000000000000000000000000000000000000000000000000000000000000000000000000000.000000
avg_delay:1.200000
avg_flowtime:23.240000
object function value:1374.666667
0
0
2
4
5
6
8
10
14
16
21
0
0
0
0
0
0
11
16
18
21
0
0
2
3
4
6
7
11
13
20
0
4
7
10
11
12
16
21
24
27
0
0
0
0
0
0
11
16
20
23
0
0
0
0
0
1
3
7
8
13
0
0
0
0
0
0
0
0
0
2
0
0
0
0
0
0
0
0
0
1
0
0
0
0
0
0
0
0
0
4
0
0
0
0
0
0
0
2
4
7
0
1
2
5
7
9
13
18
22
26
0
0
0
0
0
0
0
0
0
2
0
0
0
0
0
0
0
0
0
6
0
0
0
3
5
6
16
21
23
26
0
0
0
0
0
0
0
4
5
8
0
0
0
0
2
4
14
18
21
24
0
0
0
0
0
1
5
9
11
18
0
0
0
0
1
2
3
9
12
19
0
0
0
0
0
0
12
17
20
42
0
0
0
0
0
0
0
3
6
9
4
8
10
17
18
20
22
26
28
31
16
21
22
25
26
27
29
34
35
38
3
7
9
11
12
14
15
19
21
25
11
16
17
20
22
23
24
29
30
36
16
21
23
34
36
37
39
44
45
46
8
13
15
19
21
23
25
29
30
33
5
9
11
16
17
19
21
25
27
29
2
5
7
9
10
12
13
16
18
22
3
7
9
12
13
15
16
20
22
24
1
9
12
15
16
18
20
25
28
31
12
17
20
23
24
25
27
32
33
36
2
5
7
10
11
13
14
17
19
23
4
8
9
14
15
17
19
23
24
26
2
7
10
13
14
15
17
22
25
28
1
6
9
15
16
17
18
23
26
30
12
17
21
38
40
41
43
48
49
50
7
12
13
16
17
18
21
26
27
30
6
11
15
18
20
22
23
28
31
34
7
12
13
17
19
21
23
28
29
33
17
22
23
26
27
28
30
35
36
39
17
22
25
28
30
32
34
38
39
42
8
12
14
17
19
21
23
27
28
31
6
11
14
17
18
19
21
26
32
35
7
12
16
32
34
35
37
42
43
44
9
14
17
21
22
23
25
30
34
37
12
16
18
21
23
25
27
31
32
35
4
10
11
14
15
16
18
24
29
32
20
25
26
36
38
39
41
46
47
48
9
14
17
27
29
30
32
37
38
40
8
13
17
20
21
23
25
30
33
36
52
