time_cost:55868ms
ontime_proportion:0.840000
max_delay:12
avg_delay:1.000000
avg_flowtime:23.220000
object function value:1374.000000
0
0
0
0
0
0
0
10
15
18
21
0
0
0
0
0
0
0
0
1
3
0
0
0
0
1
3
11
16
17
20
0
0
0
0
0
0
0
0
3
7
0
0
0
0
0
0
0
0
1
3
0
0
0
0
0
0
0
1
3
14
0
0
0
0
0
0
0
0
0
2
0
0
0
0
0
0
0
0
1
5
0
0
0
0
3
5
12
18
21
24
0
0
0
0
1
3
8
14
15
32
0
0
0
0
0
0
0
0
3
6
0
4
6
7
8
10
12
16
18
23
0
0
0
0
0
0
0
0
4
8
0
0
0
1
2
3
6
11
14
22
0
0
0
0
0
0
0
0
0
0
0
0
0
0
0
0
0
2
3
18
0
3
6
8
9
11
13
18
21
23
0
0
0
0
0
0
0
0
0
1
0
0
0
1
3
5
12
17
19
22
0
0
0
0
0
0
0
0
0
2
1
6
7
8
9
11
15
23
25
38
7
13
16
18
19
21
23
28
31
33
1
6
7
9
10
12
14
19
20
21
11
16
19
25
27
29
30
35
36
40
11
16
18
21
22
24
25
30
32
35
7
13
14
30
32
34
35
40
41
42
11
15
19
20
21
23
25
29
31
32
5
9
11
13
14
16
19
23
25
28
0
5
8
17
18
19
21
26
29
44
6
11
15
18
19
20
21
28
31
34
6
11
13
17
23
25
26
31
33
37
0
4
6
9
12
13
15
20
22
26
1
10
13
20
21
22
24
29
32
35
9
13
16
19
20
21
23
26
29
31
0
5
8
10
11
15
17
22
26
28
4
9
10
11
12
14
16
21
22
23
5
10
11
13
14
16
18
23
24
26
12
17
20
22
24
25
27
31
34
36
12
20
23
25
26
27
29
32
35
38
3
8
11
14
15
16
18
23
26
29
6
11
13
16
17
19
20
25
27
30
15
22
24
36
38
40
41
46
47
48
1
7
8
15
17
19
20
25
26
27
2
7
10
13
14
18
20
25
28
46
3
8
9
10
11
13
15
20
21
34
4
7
10
12
13
14
16
19
22
24
7
13
16
24
25
26
28
33
36
39
9
14
17
19
20
22
24
29
30
32
2
8
9
12
13
17
19
24
25
45
8
12
14
18
19
23
25
29
31
33
50
