time_cost:49663ms
ontime_proportion:0.360000
max_delay:89
avg_delay:27.420000
avg_flowtime:56.740000
object function value:7291.333333
0
0
0
0
0
0
0
0
0
5
72
0
0
0
1
3
5
6
11
12
65
0
0
0
0
0
0
0
1
4
7
0
0
0
0
0
0
1
5
6
69
0
0
1
24
26
28
30
34
35
78
0
0
0
0
0
0
0
0
0
67
0
0
0
0
0
1
8
12
13
80
0
0
0
0
0
1
10
19
21
22
0
0
0
0
0
0
0
0
2
5
0
0
0
0
1
3
8
17
20
24
0
0
0
0
0
0
1
4
5
82
0
0
0
74
76
78
79
83
86
88
0
0
1
4
5
7
9
14
16
53
0
0
0
0
0
0
0
0
0
0
0
0
1
76
78
80
81
84
85
86
0
0
0
0
0
0
1
12
15
98
0
2
3
5
7
9
11
15
16
51
0
0
0
0
0
1
13
17
19
20
0
0
3
6
7
9
12
17
20
23
0
0
0
0
0
0
0
0
0
3
1
4
5
60
62
64
65
68
69
70
6
10
13
45
47
49
50
54
57
84
7
10
11
36
38
40
41
44
45
90
5
9
10
23
24
25
26
30
31
49
10
14
15
97
98
99
100
104
105
106
4
9
12
43
45
47
48
52
55
63
9
12
15
96
97
99
101
104
107
109
0
4
7
22
23
25
26
30
33
35
3
7
8
26
28
29
30
34
35
38
1
4
5
92
94
96
97
100
101
102
4
8
9
12
13
14
15
19
20
33
0
4
6
94
96
98
100
104
105
112
5
10
12
14
15
17
19
24
26
32
4
9
11
17
18
20
22
27
29
62
3
7
8
13
14
15
16
20
21
42
8
12
18
99
101
103
104
108
111
114
2
6
9
15
16
18
19
23
26
50
5
9
10
30
32
34
35
38
39
40
0
3
4
47
49
51
52
55
56
58
2
5
6
18
20
22
23
26
27
56
8
16
20
101
102
104
106
109
112
116
8
15
18
21
22
24
26
31
34
37
9
14
17
20
21
23
25
30
33
36
7
11
12
54
56
58
59
62
63
110
12
16
18
107
109
110
111
115
116
119
10
15
17
18
20
21
23
26
28
29
3
6
7
8
10
12
13
16
17
20
4
8
11
16
17
19
20
24
27
34
5
8
9
10
12
14
15
18
19
28
10
15
16
104
106
108
110
114
115
117
121
