time_cost:48983ms
ontime_proportion:0.700000
max_delay:17
avg_delay:2.920000
avg_flowtime:27.140000
object function value:2904.666667
0
0
0
0
0
0
0
0
0
1
4
0
0
0
1
2
4
13
18
21
27
0
0
0
1
4
7
30
36
38
41
0
0
0
0
0
0
0
0
0
0
0
0
0
11
13
14
16
20
22
36
0
0
0
1
3
5
23
28
30
32
0
0
0
0
0
0
0
0
0
3
0
0
0
0
0
0
0
5
6
13
0
0
0
3
6
8
33
38
41
44
0
0
0
0
1
3
10
15
19
21
0
0
0
2
3
5
13
18
19
22
0
0
0
4
5
6
25
29
32
39
0
0
0
2
3
4
10
14
17
41
0
0
2
5
6
8
9
14
16
21
0
0
0
0
0
0
0
0
3
9
0
0
0
0
0
0
11
16
18
27
0
0
2
4
5
7
13
18
20
24
0
0
0
0
0
2
19
25
29
30
0
1
3
6
8
9
11
15
17
23
0
0
0
0
1
3
5
10
13
20
18
24
27
30
31
32
33
38
40
43
6
11
14
18
19
20
22
27
30
33
4
9
11
14
15
16
17
22
24
27
1
6
7
8
9
11
13
18
19
20
22
26
28
32
33
35
37
41
43
45
19
23
26
34
36
37
39
43
45
48
0
5
6
7
8
10
18
23
24
25
9
16
21
23
24
26
28
33
34
36
3
7
9
10
11
13
15
19
21
22
1
6
9
11
14
16
18
23
26
28
6
10
12
30
32
33
35
39
41
46
9
14
18
25
26
28
29
34
36
40
8
13
16
18
19
21
28
33
38
40
13
18
20
21
23
25
28
35
37
38
8
13
15
18
19
22
28
33
35
38
23
28
31
33
34
36
38
43
46
48
8
13
15
19
20
23
24
29
32
35
4
9
11
19
20
22
23
28
30
33
14
19
22
29
30
32
33
38
40
44
24
31
33
38
39
41
43
47
49
50
4
8
10
17
19
21
23
27
29
51
5
10
11
12
13
15
17
22
23
24
8
13
14
16
17
19
21
26
27
29
7
12
14
15
16
18
20
25
29
31
3
11
14
17
18
19
23
28
31
34
4
9
11
14
15
17
18
23
25
28
4
8
10
15
17
20
26
31
34
42
0
3
6
8
9
10
12
16
19
26
3
8
9
10
11
13
15
20
21
23
14
20
23
26
27
28
33
40
43
46
53
