time_cost:265889ms
ontime_proportion:0.560000
max_delay:1310546186112253600000000000000000000000000000000000000000000000000000000000000000000000000000000000000000000000000000000000000000000000000000000000000000000000.000000
avg_delay:16.560000
avg_flowtime:44.520000
object function value:4884.000000
0
0
0
0
0
0
0
0
0
0
0
0
0
0
48
50
52
53
56
57
88
0
0
0
0
0
0
0
2
5
6
0
0
0
0
0
0
6
11
12
44
0
0
0
0
0
0
0
0
0
21
0
0
0
39
41
43
45
49
50
84
0
0
0
0
0
0
7
13
16
64
0
0
0
0
0
1
4
10
11
23
0
0
0
13
15
17
18
21
22
56
0
0
0
0
0
0
0
0
0
2
0
0
0
0
0
1
7
12
14
74
0
15
18
21
22
24
26
31
34
37
0
5
8
10
11
13
14
18
21
29
0
0
0
0
0
2
3
8
11
20
0
0
0
3
4
6
8
13
15
24
0
0
0
1
3
4
12
22
24
26
0
0
0
42
44
45
46
50
51
78
0
0
0
0
0
0
0
0
2
3
0
0
0
0
0
0
0
0
1
4
0
0
0
0
0
0
0
0
3
5
1
5
9
66
68
69
70
74
75
100
4
11
14
32
34
36
37
41
44
46
10
20
22
24
26
27
29
33
35
36
5
11
14
34
36
38
39
43
46
54
3
8
9
58
60
62
64
68
69
82
8
14
16
80
82
84
86
90
91
102
0
18
21
22
24
26
28
31
33
34
11
14
16
17
19
20
22
25
27
28
8
14
16
68
70
71
72
76
77
92
6
10
11
60
62
64
66
70
71
94
0
4
5
7
8
9
10
14
15
25
0
3
6
8
9
11
13
16
19
26
3
7
8
11
12
13
14
18
19
28
3
8
11
18
19
21
23
26
29
37
1
5
8
17
18
20
21
25
28
41
7
12
13
62
64
66
67
70
71
96
2
6
7
52
54
56
58
62
63
72
2
5
8
12
13
15
17
20
23
36
10
15
20
23
24
26
28
33
36
39
0
4
7
9
10
12
13
17
20
27
5
9
12
50
52
54
55
59
62
86
10
17
20
24
25
27
29
34
37
40
3
7
10
16
17
19
20
24
27
31
9
15
18
22
23
25
27
32
35
38
9
14
17
20
21
23
25
30
33
36
10
15
17
19
21
22
24
27
29
30
7
11
13
70
72
74
76
80
81
90
3
7
10
15
16
18
19
23
26
30
7
11
13
76
78
79
80
84
85
98
5
8
11
19
20
22
24
27
30
38
104
