time_cost:247677ms
ontime_proportion:0.580000
max_delay:53
avg_delay:9.900000
avg_flowtime:37.420000
object function value:4447.333333
0
0
0
0
0
0
1
12
23
25
28
0
1
4
6
8
9
11
16
19
22
0
0
3
5
7
8
10
19
22
72
0
0
0
0
0
0
0
0
0
0
0
0
1
2
3
4
6
10
12
29
0
2
4
8
10
14
16
19
21
24
0
0
0
0
0
0
0
0
0
0
0
0
0
0
0
0
13
24
27
81
0
0
0
0
0
0
11
17
21
70
0
0
0
0
0
0
0
0
0
4
0
0
2
4
5
6
9
13
16
18
0
0
0
0
0
0
0
0
1
3
0
0
0
0
0
0
0
0
0
52
0
0
0
0
0
1
2
6
8
9
0
0
0
0
0
0
0
0
0
1
0
0
0
0
0
0
8
12
13
66
0
0
0
0
0
0
0
0
2
4
0
3
6
22
24
25
26
29
32
60
0
0
0
0
0
0
0
20
23
27
0
0
0
0
0
0
0
0
0
0
9
12
15
16
17
18
19
22
25
26
2
6
10
19
20
22
24
28
31
38
3
7
9
11
12
13
14
18
20
32
1
4
6
10
12
14
16
19
21
29
0
3
4
7
9
11
13
16
17
64
3
6
7
10
11
13
15
18
19
27
0
3
6
40
42
43
44
47
50
56
6
11
12
47
49
51
53
56
57
79
2
5
15
62
64
65
66
69
72
75
6
9
10
44
46
48
50
53
54
58
8
11
15
36
38
40
42
45
46
68
0
12
15
17
19
20
22
27
30
32
3
6
7
13
15
17
19
22
23
49
5
9
12
20
21
23
25
29
32
42
10
16
19
21
28
30
31
35
38
40
2
12
16
20
26
28
30
34
36
39
5
9
11
16
17
18
19
23
25
30
5
8
9
26
27
29
31
34
35
51
7
10
12
25
26
28
30
33
34
46
6
9
12
21
22
24
26
29
30
43
1
15
18
19
25
27
28
33
37
38
4
7
8
17
18
20
22
25
26
33
5
8
9
18
19
21
23
26
27
35
1
5
8
12
13
15
17
21
24
34
5
9
11
15
16
17
18
22
24
28
9
13
18
20
24
25
26
30
33
35
7
11
13
54
56
58
60
63
64
77
2
8
11
31
32
34
36
40
43
74
9
14
16
19
23
26
27
32
34
37
6
11
14
24
25
26
27
31
33
39
83
