time_cost:49808ms
ontime_proportion:0.440000
max_delay:72
avg_delay:18.740000
avg_flowtime:48.460000
object function value:6215.333333
0
0
0
0
0
0
0
7
12
15
54
0
0
0
0
0
0
0
0
1
3
0
0
0
0
0
0
0
0
0
0
0
0
0
0
0
2
4
9
11
28
0
4
7
10
11
13
15
20
23
26
0
0
0
0
0
1
9
14
16
21
0
0
0
0
0
0
0
0
0
0
0
0
0
0
1
2
16
21
24
26
0
0
0
0
0
0
0
0
0
19
0
5
7
15
16
18
20
25
27
34
0
0
0
35
37
39
40
43
44
58
0
0
2
5
6
8
10
15
18
22
0
0
0
0
0
0
0
2
4
5
0
0
0
17
19
21
22
25
26
63
0
3
6
9
10
12
18
26
29
99
0
0
0
0
0
0
0
2
5
95
0
0
1
2
3
5
7
11
14
65
0
0
0
0
0
0
0
0
0
1
0
0
0
40
42
43
44
48
49
71
0
0
0
0
0
0
17
23
26
29
0
7
9
25
26
28
30
35
37
39
5
9
13
42
44
45
46
50
51
55
1
5
6
26
27
28
29
33
34
53
8
12
16
60
62
64
65
69
72
74
5
10
13
32
33
35
36
40
43
57
7
11
14
85
86
88
89
93
96
97
0
4
5
7
9
11
13
17
18
66
5
9
12
23
25
27
28
32
35
37
0
5
7
12
13
15
17
22
24
70
2
6
9
21
23
25
26
30
33
44
4
7
10
14
15
17
19
22
25
62
0
3
4
5
7
9
10
14
15
89
5
9
10
16
17
18
19
23
24
73
4
8
11
29
31
33
34
38
41
50
11
18
21
24
27
29
31
36
39
42
14
19
23
83
85
87
88
91
92
93
2
5
7
8
10
11
13
16
18
19
5
10
12
31
32
34
36
41
43
98
12
18
20
79
81
82
83
87
88
91
9
14
17
20
21
23
25
33
36
39
14
18
24
86
88
90
91
95
98
100
10
15
20
76
77
79
80
84
87
88
9
12
14
68
70
72
73
76
77
81
2
7
9
13
14
16
18
23
25
27
3
7
8
10
12
14
16
20
21
48
2
7
11
33
34
36
38
43
45
52
15
21
23
24
28
30
32
35
37
38
7
13
15
16
18
19
21
24
26
28
6
11
14
46
48
50
52
56
57
77
10
15
18
21
22
24
26
31
34
37
102
