time_cost:53698ms
ontime_proportion:0.460000
max_delay:71
avg_delay:17.680000
avg_flowtime:49.740000
object function value:6058.000000
0
0
0
0
0
0
1
5
10
12
91
0
0
0
3
4
6
9
16
19
57
0
0
0
0
0
0
0
0
1
6
0
0
0
0
0
0
15
23
26
29
0
0
0
0
0
0
0
0
0
4
0
0
0
77
79
81
83
87
88
94
0
0
0
64
66
68
70
74
75
81
0
0
0
0
0
0
0
0
1
41
0
0
0
0
0
0
8
13
15
17
0
0
0
2
3
5
6
10
13
24
0
0
0
0
0
1
7
12
15
18
0
0
0
17
19
21
23
27
28
85
0
0
0
62
64
66
68
72
73
79
0
0
0
0
0
0
0
0
2
5
0
0
0
13
15
17
18
22
25
96
0
0
0
0
0
0
12
22
24
92
0
0
0
0
0
0
0
0
0
0
0
0
3
5
6
8
10
13
16
20
0
0
0
0
0
0
0
0
0
0
0
0
0
0
0
0
0
3
5
45
1
5
6
67
69
71
73
77
78
83
12
19
23
26
27
29
31
36
39
42
0
3
4
15
17
19
20
23
24
30
8
13
16
55
57
59
60
64
67
69
8
13
16
47
48
50
51
55
58
66
2
10
13
29
30
32
33
37
40
43
12
20
23
89
90
92
94
99
101
103
3
6
9
23
24
26
28
31
34
53
4
8
9
11
13
15
17
21
22
60
1
4
7
9
10
12
14
22
25
98
6
10
13
36
37
39
41
44
47
50
0
3
4
39
41
43
44
47
48
51
0
3
4
58
60
62
63
66
67
73
2
5
8
10
11
13
15
18
21
37
7
13
16
48
50
52
53
57
60
101
6
11
13
32
33
35
37
42
44
46
3
8
10
19
20
22
24
29
31
33
11
17
20
23
24
26
28
33
36
39
3
7
10
25
27
29
30
34
37
75
11
16
18
19
21
23
25
28
30
31
3
7
8
87
89
90
91
95
96
99
5
9
11
27
29
31
32
35
36
71
0
3
5
6
8
9
12
22
25
26
3
8
11
14
15
17
19
24
27
30
8
16
17
54
55
56
57
61
62
90
2
5
6
7
9
11
12
15
16
34
6
11
14
15
17
18
20
23
25
28
1
6
8
21
22
24
26
31
33
44
5
8
10
11
13
14
16
19
21
22
2
6
7
22
23
24
25
29
30
38
104
