time_cost:51782ms
ontime_proportion:0.740000
max_delay:31
avg_delay:3.260000
avg_flowtime:29.780000
object function value:2592.666667
0
0
0
1
6
8
10
12
15
16
28
0
0
0
0
0
0
0
0
1
5
0
0
0
0
0
0
0
0
2
4
0
0
0
1
2
3
5
9
12
13
0
0
0
0
0
0
1
9
12
23
0
0
0
2
4
6
8
11
13
15
0
0
0
0
0
0
0
0
2
3
0
0
0
1
3
4
11
16
19
53
0
0
1
4
6
8
10
16
19
22
7
13
15
18
20
22
23
28
30
33
0
0
0
0
0
0
0
0
1
21
0
0
0
0
0
0
0
0
2
6
0
0
0
0
0
1
2
5
11
20
0
0
0
0
0
0
11
21
24
28
0
0
0
0
0
0
0
0
0
2
0
0
0
0
0
0
0
3
5
9
0
0
0
0
1
3
5
8
9
13
0
0
0
0
0
0
0
0
0
4
0
0
0
0
0
0
0
0
0
0
0
4
6
9
11
13
14
19
21
24
5
9
12
14
15
17
19
23
26
56
8
13
15
30
32
34
36
39
41
45
0
4
6
34
35
36
37
41
43
48
6
11
14
23
25
26
28
33
36
38
5
12
15
17
19
20
22
27
30
32
10
21
24
26
27
28
29
33
36
38
2
6
9
11
12
14
16
20
23
25
6
13
16
19
21
23
25
30
33
42
7
12
14
20
22
24
25
30
32
35
4
7
8
15
16
18
20
23
24
39
0
3
5
27
29
31
33
36
38
40
4
10
13
26
28
29
30
33
36
51
10
18
21
37
39
40
41
44
47
54
11
15
17
46
48
50
52
55
56
57
7
10
11
31
33
35
37
40
41
59
1
5
7
10
11
12
13
17
19
35
3
6
7
8
10
12
14
17
18
44
4
8
10
22
23
24
25
29
31
33
3
7
10
16
17
19
21
25
28
49
3
6
7
17
19
21
23
26
27
42
0
3
5
7
9
11
13
16
18
25
0
3
8
24
25
27
29
32
33
41
4
8
11
19
20
21
22
26
28
30
9
15
18
36
37
39
41
45
48
50
8
14
17
19
20
21
22
26
29
31
6
10
13
15
16
17
18
22
25
27
2
5
6
12
13
15
17
20
21
40
8
14
17
34
36
38
40
43
45
47
1
4
8
11
13
15
17
21
23
36
10
18
21
29
30
31
32
35
38
44
61
