time_cost:569216ms
ontime_proportion:0.980000
max_delay:11
avg_delay:0.220000
avg_flowtime:21.000000
object function value:-100.000000
0
0
0
0
0
0
1
6
13
16
22
0
0
0
0
0
0
0
2
4
7
0
0
0
0
0
0
0
0
0
3
0
0
0
0
0
0
0
0
0
0
0
0
0
0
0
0
0
0
1
5
0
0
0
0
0
0
0
0
2
4
0
0
0
0
0
0
0
0
0
2
0
0
0
0
0
0
0
3
6
10
0
0
0
0
0
0
0
0
0
1
0
0
0
0
0
3
11
17
20
24
0
0
0
0
1
2
10
14
16
19
0
0
0
0
0
0
0
0
0
5
0
0
0
1
2
4
6
11
12
14
0
0
0
0
0
0
0
0
0
4
0
0
2
3
5
6
8
12
15
20
0
0
0
0
0
0
12
20
22
24
0
0
0
0
0
0
0
0
2
5
0
2
4
6
7
8
10
14
17
19
0
0
0
0
0
0
7
15
17
18
0
4
6
7
9
10
12
18
20
22
13
23
26
27
29
30
32
36
39
40
5
11
14
17
18
21
23
30
33
36
9
17
20
23
24
25
26
34
37
40
8
14
16
18
19
21
23
26
28
30
1
5
8
9
11
17
19
33
36
37
6
12
15
16
18
19
21
25
28
33
10
16
18
20
22
23
24
29
31
33
6
12
14
18
19
27
29
32
34
38
4
9
12
15
18
19
21
25
28
29
4
9
12
13
16
17
19
23
26
29
2
6
9
11
13
14
16
20
23
24
0
8
10
11
13
14
16
21
24
26
5
10
11
13
14
16
17
22
24
26
6
12
14
15
17
18
19
24
26
28
1
4
6
8
9
12
14
20
22
24
3
7
10
11
16
19
21
26
29
30
0
7
10
13
15
16
18
22
25
26
13
19
21
24
25
26
28
32
34
37
5
10
12
13
15
16
17
28
30
31
5
10
13
16
17
18
20
25
28
31
3
8
11
18
20
21
23
27
30
31
0
3
5
8
9
10
12
15
17
20
2
5
7
9
10
11
13
23
25
27
11
16
18
20
21
22
24
28
30
32
10
18
20
22
23
25
27
30
32
34
3
6
8
10
11
12
14
18
20
23
1
6
9
12
13
14
15
20
23
28
10
16
19
20
22
23
25
29
32
33
1
6
7
9
10
12
13
20
21
23
10
16
18
21
22
23
25
28
30
33
42
