time_cost:256395ms
ontime_proportion:0.800000
max_delay:15
avg_delay:1.620000
avg_flowtime:25.780000
object function value:1859.333333
0
0
0
3
6
7
8
10
15
18
22
0
0
3
10
11
13
15
20
23
32
0
0
0
0
0
0
0
0
0
1
0
0
0
4
6
8
9
14
15
19
0
0
0
0
0
0
0
0
2
5
0
0
0
0
0
0
0
3
13
41
0
0
0
0
0
0
14
21
22
24
0
0
3
7
8
9
14
19
22
28
0
0
0
0
0
0
0
0
0
3
0
0
0
0
0
0
26
31
34
43
0
0
2
5
6
8
9
16
20
27
0
0
0
0
1
3
16
22
23
26
0
0
0
0
1
3
24
29
30
37
0
0
0
2
3
5
14
19
20
22
0
0
0
0
0
0
0
3
5
7
0
0
0
0
0
0
0
0
1
2
0
1
3
6
7
9
10
15
17
22
0
0
0
0
0
0
0
0
0
1
0
2
8
10
12
15
21
26
28
30
0
0
0
2
3
5
10
14
16
21
2
6
8
9
10
12
14
18
20
23
6
13
15
17
19
23
26
31
32
34
0
3
6
8
9
10
15
18
21
26
4
9
10
12
14
16
18
23
24
35
0
6
8
13
14
16
18
23
25
31
11
19
23
25
26
28
30
35
38
40
5
10
13
17
18
20
23
28
31
34
2
5
8
11
12
13
15
18
21
28
6
12
13
16
17
21
23
28
29
33
6
11
14
18
19
23
25
30
34
39
10
15
16
18
19
21
23
28
29
31
13
18
19
21
23
25
27
32
34
37
2
6
8
10
13
15
17
21
23
29
5
10
12
20
21
23
24
29
31
40
11
16
17
20
23
25
27
32
33
36
3
7
9
14
16
17
19
23
25
32
9
14
17
19
21
23
25
30
33
35
6
11
12
14
15
17
19
24
25
27
11
15
17
24
26
27
29
33
35
38
5
10
11
14
16
18
19
24
25
26
8
13
14
16
17
19
21
26
27
29
3
8
10
18
19
21
22
27
29
35
0
5
6
9
12
14
18
25
28
31
2
5
8
17
18
19
21
24
27
34
1
6
7
8
9
11
13
18
19
21
5
10
12
19
20
22
23
29
31
37
0
3
6
12
14
19
23
26
29
36
18
25
28
29
31
33
34
39
40
41
4
9
10
11
12
14
16
21
22
23
3
8
11
16
17
18
20
23
26
30
45
