117274ms
0
0
103
105
107
109
111
113
117
119
121
0
7
9
18
20
21
22
27
29
35
0
0
0
0
0
0
115
117
118
121
0
103
106
107
109
111
113
118
121
122
0
0
107
110
112
113
114
117
120
123
0
0
0
0
0
0
0
86
87
88
0
0
0
87
88
90
91
95
96
99
0
105
106
109
110
112
113
117
118
122
0
0
0
0
0
0
0
0
0
114
0
0
0
88
90
92
94
97
98
99
4
9
10
13
15
17
18
23
24
26
4
10
13
31
33
35
37
42
45
46
2
5
7
8
9
11
12
15
17
28
4
7
10
16
18
19
20
23
26
29
0
4
6
8
10
12
14
18
20
22
5
11
14
33
35
37
38
41
42
48
4
9
12
14
16
18
20
24
26
28
1
6
9
16
18
20
22
27
30
35
1
6
7
9
11
13
14
19
20
22
5
10
13
14
16
18
20
25
28
29
5
8
10
24
26
28
29
32
33
37
1
4
5
9
11
13
15
18
19
20
2
6
7
15
17
19
20
24
25
31
1
7
9
11
13
15
17
21
23
25
3
6
7
11
13
15
17
20
21
22
6
10
12
16
19
21
23
27
29
31
1
4
11
26
28
30
31
34
35
39
1
4
7
11
13
14
15
18
21
24
2
5
6
7
9
11
13
16
17
18
5
8
11
20
22
23
24
27
30
33
125
