time_cost:623877ms
ontime_proportion:0.820000
max_delay:6
avg_delay:0.720000
avg_flowtime:20.460000
object function value:1482.000000
0
0
0
0
0
0
0
0
0
0
0
0
0
0
0
0
0
0
0
0
2
0
0
0
0
0
1
8
13
16
19
0
0
0
0
0
0
13
19
21
24
0
0
1
2
4
5
13
18
21
22
0
0
0
0
0
0
11
18
20
27
0
0
0
0
0
0
0
0
0
3
0
0
0
0
0
0
2
10
13
16
0
0
0
0
0
0
0
0
0
3
0
0
0
0
0
2
13
20
23
26
0
2
5
6
7
9
12
17
20
22
0
0
0
0
0
0
0
0
0
1
0
5
8
9
11
12
14
26
29
30
0
0
0
0
0
0
0
1
4
5
0
0
0
0
0
0
0
0
0
4
0
0
0
0
0
0
0
0
0
0
0
0
0
0
0
0
0
2
4
7
0
0
0
0
0
0
0
0
0
2
0
0
0
0
0
0
0
0
2
5
0
0
0
0
0
0
0
0
0
1
5
8
10
13
14
15
17
23
25
28
8
13
16
17
18
20
22
25
28
30
8
13
16
20
21
22
23
28
31
34
0
5
6
8
9
11
12
17
19
21
10
18
20
21
23
24
26
31
33
36
0
3
5
7
8
9
11
16
18
20
7
11
14
17
19
20
22
26
29
31
4
9
11
12
14
15
16
21
23
25
5
12
15
18
19
21
22
29
30
32
1
4
7
9
10
12
14
23
26
27
1
6
8
9
11
12
14
20
22
23
4
10
13
14
16
17
19
23
26
27
5
10
12
14
15
16
18
21
23
25
7
13
15
16
18
19
21
27
29
30
0
6
9
12
13
14
15
20
23
26
4
9
10
12
13
15
16
21
22
25
4
8
11
12
14
15
17
22
25
26
13
18
21
23
25
26
28
32
35
37
0
5
8
11
12
13
17
25
28
31
4
9
12
16
17
18
19
24
27
30
9
16
19
21
23
24
26
30
33
35
6
11
13
14
16
19
20
31
33
34
9
15
17
18
20
22
24
29
31
32
11
16
19
21
22
24
26
30
32
34
4
7
9
14
15
16
18
22
24
29
7
12
15
19
20
21
22
27
30
33
1
4
6
10
12
19
21
31
34
37
2
7
12
15
16
17
19
24
30
33
9
15
18
19
21
22
24
28
31
32
8
14
17
20
21
22
24
29
32
35
39
