time_cost:325563ms
ontime_proportion:0.760000
max_delay:1310546186112242700000000000000000000000000000000000000000000000000000000000000000000000000000000000000000000000000000000000000000000000000000000000000000000000.000000
avg_delay:1.620000
avg_flowtime:25.260000
object function value:2242.000000
0
0
0
0
0
0
0
0
3
5
8
0
0
0
0
0
1
2
7
9
10
0
0
0
0
0
0
2
7
9
12
0
0
0
1
2
3
12
17
20
23
0
5
7
8
10
11
23
29
31
40
0
0
0
0
0
0
0
0
3
4
0
0
0
2
4
6
12
20
23
25
0
0
1
3
4
6
13
23
25
27
0
0
0
0
0
0
0
0
2
5
0
0
0
0
0
0
0
2
4
14
0
0
0
0
0
0
15
28
30
46
0
0
0
0
0
2
11
19
21
24
0
0
0
0
0
2
15
21
23
25
0
0
0
0
0
0
0
1
3
5
0
2
4
5
7
8
10
15
17
18
0
0
0
0
1
4
18
21
23
26
0
0
0
1
3
4
8
15
17
30
0
0
0
1
3
4
11
17
20
24
0
0
0
0
0
0
0
0
0
3
0
0
0
0
0
1
8
14
16
18
7
13
15
24
26
27
28
33
35
44
2
7
9
16
18
19
20
25
27
32
8
11
14
15
16
18
20
23
26
28
1
9
12
16
17
18
19
24
27
30
6
10
13
14
16
17
19
23
26
27
14
18
21
22
24
25
27
32
35
36
9
14
17
20
21
22
23
29
32
35
6
9
11
13
14
15
26
34
36
38
10
15
16
18
19
21
22
27
28
31
4
8
11
12
14
15
17
21
24
26
1
6
7
9
10
12
15
20
22
24
3
8
10
20
22
23
25
30
32
34
5
10
11
13
14
16
18
24
25
29
7
11
14
15
17
20
22
26
29
32
7
13
15
26
28
29
30
35
37
38
8
15
18
19
20
22
24
28
31
32
11
16
19
20
22
23
26
31
34
35
6
12
15
18
19
20
21
27
30
33
16
19
21
23
25
26
29
35
37
39
6
11
14
17
19
20
22
26
29
30
3
10
13
17
18
19
20
25
28
31
1
6
8
28
30
31
33
38
40
42
11
18
21
22
24
25
27
31
34
37
10
16
19
20
21
23
25
29
32
33
0
3
6
7
8
10
23
26
29
30
1
6
8
22
24
25
27
32
34
36
0
5
8
11
12
13
15
21
24
27
11
17
18
21
23
25
28
36
37
39
17
21
24
25
27
28
30
35
38
39
5
8
10
12
13
14
16
24
26
28
48
