time_cost:329926ms
ontime_proportion:0.860000
max_delay:1310546186112241700000000000000000000000000000000000000000000000000000000000000000000000000000000000000000000000000000000000000000000000000000000000000000000000.000000
avg_delay:1.060000
avg_flowtime:25.200000
object function value:1240.000000
0
0
0
0
1
4
6
18
24
26
27
0
0
0
0
0
0
2
6
9
10
0
0
0
0
0
0
0
0
0
0
0
0
0
0
0
0
0
0
1
6
0
0
0
0
0
0
0
0
0
3
0
0
0
0
0
0
0
0
0
4
0
0
0
2
3
4
15
20
22
25
0
0
0
0
0
1
13
22
25
28
0
0
0
5
6
7
15
29
32
35
0
0
0
0
0
0
0
4
7
8
0
3
5
8
9
10
18
25
27
30
0
0
0
0
0
0
8
13
16
25
0
0
0
0
0
0
13
19
22
25
0
0
0
0
1
2
16
22
24
26
0
0
0
0
0
1
11
16
18
21
0
0
0
1
2
4
10
16
17
22
0
0
1
3
4
6
7
12
14
18
0
0
1
3
4
5
15
20
22
24
0
0
0
0
0
0
0
0
0
0
0
0
0
0
1
2
10
17
20
27
1
4
7
10
11
13
28
35
38
39
11
17
20
23
25
26
28
36
39
40
3
7
10
11
13
14
20
26
29
32
6
11
14
21
23
24
26
30
33
39
7
13
16
19
21
23
25
32
35
37
11
16
19
23
25
26
28
36
39
41
5
10
13
18
19
20
21
29
32
36
10
14
16
19
20
24
26
34
36
40
4
11
12
15
16
18
19
24
25
27
5
10
14
16
17
19
23
30
35
37
1
6
8
9
11
12
14
20
22
23
6
10
13
15
17
19
21
24
26
28
0
9
12
16
17
18
19
27
30
34
1
4
6
8
9
10
12
21
23
25
7
12
15
16
18
19
21
26
30
31
8
12
15
17
18
20
22
26
29
32
0
4
7
8
10
13
15
20
23
27
2
7
10
13
14
15
17
26
29
33
9
15
18
19
21
22
24
31
34
35
12
18
20
22
24
26
28
31
33
35
2
7
10
13
14
15
16
22
25
29
1
6
7
9
10
12
13
20
21
24
4
11
12
14
15
17
18
25
28
31
6
12
16
17
19
21
23
32
35
39
11
18
20
21
23
25
26
34
36
37
4
8
11
14
16
17
19
23
26
30
0
3
6
7
8
10
12
17
21
23
9
15
17
20
21
22
24
28
30
34
9
14
17
21
23
24
26
30
33
37
3
8
11
17
18
19
20
25
28
35
43
