time_cost:328644ms
ontime_proportion:0.880000
max_delay:1310546186112241100000000000000000000000000000000000000000000000000000000000000000000000000000000000000000000000000000000000000000000000000000000000000000000000.000000
avg_delay:0.500000
avg_flowtime:23.100000
object function value:970.000000
0
0
1
4
6
8
9
12
17
20
21
0
0
0
0
1
2
14
23
25
27
0
0
0
1
2
4
6
11
12
15
0
0
0
1
3
4
11
17
19
20
0
0
0
0
0
0
0
0
0
0
0
0
0
0
0
0
12
17
19
21
0
0
0
0
0
0
0
0
0
0
0
0
0
0
0
0
0
0
0
1
0
0
0
0
1
2
9
15
18
21
0
0
0
0
0
0
0
0
2
5
0
0
3
4
6
7
22
30
33
35
0
0
0
0
0
0
0
0
0
2
0
0
0
0
0
1
6
12
16
20
0
0
0
0
0
0
11
16
19
22
0
0
0
0
0
0
0
0
0
3
0
3
6
7
8
10
17
21
24
27
0
4
7
16
18
19
21
25
28
29
0
0
0
0
0
0
11
14
17
18
0
3
6
8
10
11
13
23
26
27
0
0
0
0
0
0
0
0
1
3
3
8
10
12
14
15
16
21
23
27
2
6
9
12
14
15
18
24
27
33
2
7
10
13
15
16
22
31
34
37
2
7
8
10
11
13
14
19
20
23
2
6
9
10
12
13
15
19
22
23
4
9
12
15
16
17
19
24
27
31
12
18
21
24
25
26
28
33
36
39
17
22
24
25
27
28
29
36
38
39
7
12
15
18
19
20
21
27
30
33
11
14
17
19
20
22
24
35
39
40
0
3
5
7
8
9
16
31
33
35
4
9
12
16
17
18
19
24
27
30
8
12
14
17
19
21
23
27
29
32
0
5
8
11
13
14
15
22
25
28
0
4
7
14
16
17
20
27
30
31
13
20
23
26
27
28
29
34
37
40
5
9
11
14
15
16
18
22
24
28
3
8
9
11
12
14
15
20
21
29
4
10
12
14
16
17
19
27
29
31
8
13
15
16
18
19
20
25
27
29
7
12
14
18
20
21
24
30
32
33
4
9
10
12
13
15
16
21
22
25
1
7
9
10
12
13
14
20
22
23
12
18
20
22
23
24
26
29
31
33
8
14
17
20
21
22
23
28
31
34
6
11
14
18
19
20
22
28
31
34
9
14
17
19
20
22
24
29
32
34
9
12
14
16
17
18
20
26
28
30
1
4
6
9
10
11
13
19
21
26
9
15
18
21
23
24
26
32
35
38
41
