time_cost:56005ms
ontime_proportion:0.700000
max_delay:33
avg_delay:3.580000
avg_flowtime:28.440000
object function value:2948.000000
0
0
0
0
0
0
0
0
0
2
5
0
0
0
0
0
0
0
0
0
0
0
0
0
0
0
0
0
0
0
5
0
0
0
0
0
0
18
22
25
28
0
0
1
2
4
5
7
12
13
14
0
0
0
1
2
4
13
17
19
52
0
0
0
0
0
0
14
19
23
26
0
0
0
0
0
0
0
0
0
0
0
0
0
0
0
0
13
18
19
22
0
0
0
0
0
0
0
0
0
0
0
0
0
0
0
0
0
3
4
7
0
0
1
43
45
46
48
53
54
56
0
0
0
0
0
1
8
11
13
38
0
0
1
4
6
8
12
16
17
20
0
0
0
0
0
0
0
2
5
8
0
0
0
0
0
0
0
0
1
19
0
0
0
0
0
2
4
9
11
29
0
0
0
2
4
6
18
22
30
33
0
0
0
0
0
0
13
18
20
26
0
0
0
0
0
0
0
0
1
4
8
13
16
19
20
21
23
28
31
34
2
5
7
21
22
24
25
28
30
41
9
14
17
42
43
44
45
50
53
60
4
8
9
20
21
23
25
29
30
35
10
14
17
48
49
51
52
56
58
59
10
14
16
39
40
42
44
48
50
51
14
18
22
47
48
50
51
55
57
58
7
12
13
16
18
19
20
25
26
29
8
13
14
22
24
25
26
31
32
35
11
16
17
49
51
52
54
59
60
61
10
16
19
24
26
27
28
33
34
37
3
7
8
18
19
21
23
27
28
30
8
13
14
17
18
19
21
26
27
30
8
13
14
20
22
23
24
29
30
33
3
8
9
16
18
19
21
26
27
36
8
13
14
18
20
21
22
27
28
39
2
5
7
8
9
11
15
18
29
53
1
6
7
24
25
27
29
33
34
40
0
5
8
12
13
14
15
20
23
26
5
10
12
33
35
36
38
43
44
45
5
10
11
31
33
34
36
41
42
54
13
17
19
22
24
28
30
34
35
38
5
9
11
13
14
16
17
21
23
28
0
4
6
9
10
12
14
18
20
22
1
5
7
10
11
15
17
21
23
25
4
8
12
15
17
19
21
25
27
30
0
4
6
7
8
10
12
16
18
27
4
8
10
11
12
14
16
20
22
23
5
10
11
14
15
16
18
23
24
27
3
8
9
12
14
15
16
21
22
31
63
