time_cost:48862ms
ontime_proportion:0.780000
max_delay:12
avg_delay:1.340000
avg_flowtime:25.320000
object function value:2044.000000
0
0
0
3
6
7
8
10
15
18
22
0
0
3
7
8
9
11
16
19
23
0
0
0
0
0
0
0
0
0
1
0
0
0
2
4
6
7
12
13
14
0
0
0
0
0
0
0
0
2
5
0
0
0
0
0
0
0
3
5
16
0
0
0
0
0
0
14
19
20
24
0
0
3
9
10
11
13
18
21
26
0
0
0
0
0
0
0
0
0
1
0
0
0
0
0
0
6
10
12
23
0
0
2
5
6
8
18
24
26
33
0
0
0
0
1
3
20
25
26
28
0
0
0
0
1
3
14
19
20
29
0
0
0
2
3
5
15
20
21
23
0
0
0
0
0
0
0
3
6
7
0
0
0
0
0
0
0
0
1
4
0
1
3
6
7
9
10
15
17
20
0
0
0
0
0
0
0
0
0
5
0
2
5
7
9
11
13
18
22
24
0
0
0
2
3
5
21
25
28
34
2
7
9
10
11
13
15
19
21
22
5
10
11
13
14
17
25
30
31
33
0
3
6
8
11
15
19
22
27
35
4
9
10
16
18
20
21
26
27
31
0
7
10
18
19
21
22
27
29
36
6
12
15
17
21
23
25
30
33
35
5
10
13
18
19
20
22
27
30
34
2
5
8
15
17
18
20
23
26
37
4
9
10
12
15
17
23
28
29
33
6
11
14
19
20
22
24
29
32
35
8
13
14
16
18
20
22
27
28
31
9
14
16
18
20
22
24
29
30
32
2
6
8
9
10
12
17
21
23
38
8
13
15
19
20
22
23
28
30
40
12
17
18
20
22
24
26
31
32
34
1
5
7
12
14
15
17
21
23
26
5
10
13
15
16
18
20
25
28
30
12
17
18
21
23
25
27
32
33
36
10
15
20
29
31
32
34
38
40
43
3
8
9
10
12
14
17
22
23
36
13
18
20
22
24
26
28
33
34
37
3
8
10
14
15
17
18
23
25
31
9
14
16
21
22
24
27
32
33
38
9
12
15
21
22
23
25
28
31
39
1
6
7
8
9
11
13
18
19
20
1
6
8
11
12
14
15
20
22
25
10
13
17
28
29
30
32
35
38
41
18
23
24
27
29
31
32
37
38
39
4
9
10
13
14
16
18
23
24
41
19
22
25
32
33
34
36
39
42
45
46
