time_cost:52003ms
ontime_proportion:0.700000
max_delay:23
avg_delay:2.700000
avg_flowtime:27.840000
object function value:2928.000000
0
0
0
0
2
3
5
7
11
13
21
0
0
0
0
0
1
2
7
10
28
0
0
0
0
0
0
0
0
1
3
0
0
0
5
6
7
8
13
16
20
0
0
0
0
0
1
17
21
24
27
0
4
15
18
19
20
22
27
28
31
0
0
0
0
0
0
0
0
2
8
0
0
0
0
0
0
3
8
9
26
0
0
0
0
0
0
0
5
6
12
0
0
0
0
0
0
0
0
0
1
0
0
0
0
1
3
4
7
9
17
0
0
0
0
0
0
0
0
1
4
0
0
0
0
0
0
1
5
7
19
0
0
0
0
0
0
0
0
3
29
0
0
0
0
0
0
8
11
16
19
0
0
0
0
0
1
13
18
23
29
0
1
4
7
8
9
12
17
23
38
0
0
0
0
0
0
0
0
2
9
0
0
0
2
3
4
15
20
22
25
0
3
4
24
26
27
29
34
35
39
8
14
16
30
32
33
35
40
41
43
3
7
8
10
11
13
15
19
20
22
0
3
5
14
18
21
22
25
27
42
9
15
16
32
33
35
37
41
42
45
11
16
19
33
35
36
38
43
44
46
5
10
11
14
15
16
18
23
25
28
0
3
5
6
7
9
10
13
15
18
3
8
13
16
17
18
20
25
28
31
7
12
17
20
21
22
24
29
32
35
11
15
18
21
23
25
27
31
32
35
5
9
10
13
15
22
24
28
30
33
4
9
10
13
15
16
17
22
23
28
0
5
6
9
11
12
15
20
26
30
0
4
6
15
20
22
24
28
31
48
4
8
10
15
17
19
21
26
27
31
13
17
22
36
37
39
41
45
46
50
9
14
18
35
36
37
38
43
46
52
12
17
21
24
26
27
28
33
34
37
0
4
6
16
17
19
21
25
27
49
13
17
21
37
38
40
42
46
48
51
5
10
13
17
18
20
22
27
35
38
4
9
12
15
16
17
19
24
29
32
9
14
18
21
22
24
26
31
32
35
4
8
9
11
12
14
16
20
21
23
7
12
13
16
17
18
20
25
26
29
14
19
24
27
28
29
31
36
37
40
12
17
20
26
28
29
30
35
36
39
13
17
22
41
42
44
46
50
52
53
10
15
19
22
23
24
26
31
32
36
8
12
15
18
20
24
26
30
32
37
54
