time_cost:395723ms
ontime_proportion:0.780000
max_delay:1310546186112241500000000000000000000000000000000000000000000000000000000000000000000000000000000000000000000000000000000000000000000000000000000000000000000000.000000
avg_delay:1.340000
avg_flowtime:25.620000
object function value:2054.000000
0
0
2
4
7
8
9
11
18
20
23
0
0
0
0
0
0
0
4
7
12
0
0
0
0
0
0
0
0
0
2
0
0
1
4
6
7
13
17
20
27
0
0
0
1
2
3
17
22
24
32
0
0
0
0
0
0
2
6
9
10
0
0
0
0
1
3
10
16
17
20
0
0
0
0
0
0
0
3
5
8
0
0
0
0
0
0
0
0
0
0
0
0
0
0
0
0
0
4
6
15
0
0
0
0
0
0
0
0
0
0
0
0
0
0
0
1
10
22
25
26
0
0
0
3
4
5
6
11
14
17
0
0
1
4
5
6
8
13
17
21
0
0
0
0
0
0
0
16
19
22
0
0
0
0
0
0
1
17
20
27
0
0
0
0
0
0
0
2
4
5
0
1
4
5
6
8
10
19
22
26
0
0
0
0
0
1
2
7
10
20
0
0
0
0
0
0
0
0
1
3
0
4
7
14
16
17
19
23
26
34
2
10
13
25
27
28
30
34
37
44
1
6
8
17
19
20
21
26
28
34
4
9
11
19
21
22
24
29
31
32
10
15
18
23
25
26
28
32
35
38
4
11
14
15
18
20
22
26
29
31
6
10
13
18
20
22
24
28
31
36
3
7
10
21
23
24
26
30
33
40
12
16
19
20
22
24
26
30
33
34
4
7
10
11
12
14
16
20
23
28
6
12
14
17
18
19
21
24
26
34
5
10
13
16
17
18
19
24
27
31
0
3
5
9
10
11
13
20
23
29
12
18
21
24
25
26
28
33
36
39
7
13
14
16
17
19
20
25
26
30
17
23
25
27
28
30
32
37
39
41
9
14
17
29
31
32
34
38
41
42
14
20
22
29
31
32
34
39
41
44
0
5
7
8
10
11
18
27
29
38
3
8
10
11
13
14
17
25
27
36
5
10
12
13
15
16
17
22
24
27
7
13
15
21
23
24
25
31
33
40
7
14
16
19
20
21
23
26
28
30
9
14
16
18
19
20
22
33
35
37
12
19
22
25
26
28
30
35
38
41
4
9
11
23
25
26
27
32
34
46
15
21
23
25
26
29
31
36
38
40
8
14
16
25
27
28
29
35
37
42
0
4
7
8
10
11
16
22
25
32
9
15
18
19
20
22
24
27
30
33
48
