time_cost:275919ms
ontime_proportion:0.780000
max_delay:1310546186112241500000000000000000000000000000000000000000000000000000000000000000000000000000000000000000000000000000000000000000000000000000000000000000000000.000000
avg_delay:1.240000
avg_flowtime:25.580000
object function value:2052.666667
0
0
0
0
2
3
5
15
20
23
25
0
0
0
0
0
0
1
6
7
8
0
0
0
0
0
0
10
15
19
21
0
0
0
0
0
2
3
8
10
13
0
0
0
0
0
0
15
19
22
26
0
1
2
4
5
7
15
20
22
26
0
4
5
7
8
10
18
23
24
28
0
0
0
0
0
1
13
18
20
25
0
0
1
3
4
6
14
19
20
24
0
0
0
0
0
0
18
22
23
27
0
0
0
0
0
0
0
0
1
3
0
0
0
0
0
0
0
0
0
0
0
0
1
4
5
7
21
26
28
31
0
0
0
0
0
0
0
3
6
17
0
0
1
5
6
8
17
23
25
28
0
0
0
0
0
2
10
15
16
21
0
0
0
0
0
0
0
0
1
6
0
5
8
11
12
13
15
20
23
26
0
3
4
6
7
9
16
22
26
30
0
0
0
0
0
0
0
0
0
1
6
12
13
15
17
19
21
26
27
31
0
5
6
9
13
15
19
24
26
42
5
13
15
24
26
28
29
34
35
38
8
13
15
18
19
23
24
29
31
34
3
6
9
11
12
13
16
21
24
27
4
9
12
18
19
20
22
27
30
33
8
12
17
20
22
23
25
29
31
38
3
8
11
15
16
17
19
24
27
30
11
16
19
22
24
27
29
35
38
40
10
15
16
22
24
26
27
32
33
34
1
6
9
12
13
14
16
21
24
27
5
11
14
17
19
20
22
27
30
33
11
16
19
22
23
24
25
30
33
36
9
13
18
19
22
24
26
33
35
36
6
12
17
23
26
28
29
34
36
41
9
14
15
17
20
24
26
31
34
36
6
13
17
20
21
25
27
32
33
37
13
16
19
22
23
26
28
31
34
37
0
5
6
7
8
10
12
17
18
20
5
10
12
15
16
19
20
25
27
30
5
10
13
18
19
21
23
28
31
33
5
10
14
16
17
21
23
30
33
35
4
9
12
14
15
17
19
24
27
29
0
6
9
16
17
18
20
25
28
31
0
5
6
13
15
17
19
24
25
36
14
20
21
28
30
32
33
38
39
40
16
19
22
24
26
29
31
34
37
40
9
14
21
23
24
26
28
33
34
38
11
16
17
19
20
22
24
29
30
32
10
15
16
19
20
22
24
29
30
32
44
