time_cost:287526ms
ontime_proportion:0.760000
max_delay:1310546186112244000000000000000000000000000000000000000000000000000000000000000000000000000000000000000000000000000000000000000000000000000000000000000000000000.000000
avg_delay:1.840000
avg_flowtime:24.800000
object function value:2226.666667
0
0
0
0
0
0
0
2
8
10
13
0
0
0
0
0
0
0
0
0
1
0
0
0
0
0
0
0
0
3
5
0
0
0
0
0
1
2
6
8
16
0
0
0
0
1
3
5
8
9
25
0
0
1
3
4
6
8
12
15
18
0
0
0
0
0
0
0
3
5
7
0
0
0
0
0
0
0
0
0
1
0
0
0
0
0
0
4
13
16
26
0
0
0
0
0
0
9
17
18
41
0
0
0
0
0
2
13
24
26
36
0
0
0
0
0
0
0
0
1
5
0
0
0
0
0
0
11
22
24
27
0
0
0
0
0
0
0
0
0
9
0
0
2
4
6
7
11
22
25
31
0
0
0
0
0
0
0
2
5
6
0
0
0
0
0
0
0
0
2
3
0
0
0
0
0
0
0
0
0
2
0
0
1
6
7
9
11
14
15
19
0
0
0
0
0
0
0
0
0
4
8
14
17
19
20
21
22
25
28
29
3
10
12
16
18
20
21
28
30
33
6
17
19
22
24
26
27
32
34
37
5
11
14
16
17
18
19
27
30
32
5
8
11
12
13
14
15
18
21
22
1
4
5
8
9
11
13
16
17
20
2
5
8
9
10
11
12
18
21
23
10
18
21
39
41
42
43
46
49
53
1
10
13
37
39
40
41
44
47
49
9
19
22
24
25
26
27
32
35
37
1
5
8
11
12
14
16
20
23
27
0
4
7
14
15
17
19
23
26
28
3
6
7
12
14
16
18
21
22
23
0
3
6
30
32
33
34
37
40
43
11
21
24
26
27
28
29
33
36
38
5
11
14
17
18
19
20
23
26
28
3
7
10
17
18
20
22
26
29
32
0
3
4
33
35
37
39
42
43
51
8
14
17
18
19
20
21
29
32
34
7
15
18
20
21
22
23
29
32
34
8
19
22
24
26
27
29
34
37
39
8
16
19
35
37
38
39
42
45
47
2
9
11
14
16
18
19
25
27
30
8
14
17
20
21
22
23
26
29
30
7
11
14
16
18
19
20
31
34
35
4
8
11
15
16
18
20
24
27
29
2
5
8
10
11
12
13
17
20
21
5
8
11
21
23
24
25
28
31
45
6
11
14
15
17
19
20
26
29
33
9
21
24
27
28
29
30
34
37
39
55
