time_cost:261959ms
ontime_proportion:0.480000
max_delay:1310546186112255300000000000000000000000000000000000000000000000000000000000000000000000000000000000000000000000000000000000000000000000000000000000000000000000.000000
avg_delay:20.160000
avg_flowtime:47.740000
object function value:5791.333333
0
0
0
0
0
0
0
0
2
3
8
0
0
2
3
5
6
13
16
19
23
0
0
0
0
0
0
0
0
1
6
0
0
0
0
0
0
0
0
0
0
0
0
0
1
2
4
6
11
13
20
0
4
5
39
41
42
43
47
48
65
0
0
0
0
0
0
0
0
3
4
0
0
0
0
0
0
0
0
1
3
0
0
0
0
0
2
12
15
17
21
0
0
1
47
49
50
51
55
56
73
0
0
0
0
0
0
0
0
3
5
0
0
0
0
0
0
0
0
0
2
0
0
0
0
0
0
2
7
9
18
0
0
0
0
0
0
9
13
15
67
0
0
0
0
1
3
14
19
22
25
0
0
0
0
0
1
10
14
15
69
0
0
0
0
0
1
12
17
20
24
0
0
0
0
0
0
0
0
0
5
0
0
0
3
4
6
12
17
20
23
0
0
0
0
0
0
1
4
7
11
0
3
4
41
43
45
46
49
50
99
8
12
14
45
47
49
50
53
54
81
10
15
18
21
22
24
26
31
34
37
3
10
13
32
34
36
37
41
44
55
8
12
15
61
63
65
66
70
73
109
5
9
12
14
15
17
18
22
25
27
2
6
7
23
25
26
27
31
32
79
0
4
7
51
53
55
56
60
63
91
7
12
15
53
55
57
58
62
65
89
11
15
17
75
77
79
81
85
86
95
2
6
9
10
11
13
14
18
21
22
3
8
10
13
14
16
18
23
25
28
4
9
11
16
17
19
21
26
28
35
11
14
18
19
21
22
24
27
29
30
11
16
19
22
23
25
27
32
35
38
11
14
16
17
19
20
22
25
27
28
0
4
5
49
51
53
55
59
60
97
5
10
12
17
18
20
22
27
29
34
2
7
11
19
20
22
24
29
31
38
11
15
17
85
87
88
89
93
94
111
3
8
10
15
16
18
20
25
27
29
7
11
12
36
38
39
40
44
45
71
5
9
10
12
13
14
15
19
20
21
5
9
10
25
27
29
31
35
36
77
1
5
6
30
32
33
34
38
39
83
9
14
16
87
89
91
92
95
96
107
7
13
14
59
61
63
65
69
70
103
9
12
13
57
59
61
62
65
66
93
9
13
14
63
65
67
69
73
74
101
6
11
12
43
45
47
49
53
54
105
113
