time_cost:607634ms
ontime_proportion:0.860000
max_delay:25
avg_delay:2.080000
avg_flowtime:25.100000
object function value:1236.666667
0
0
0
0
0
0
0
0
0
0
1
0
1
4
7
8
9
10
15
18
21
0
0
2
3
5
6
15
34
36
53
0
0
0
0
0
0
0
0
0
1
0
0
0
0
0
0
0
1
4
5
0
0
0
2
3
5
9
15
16
18
0
0
0
0
0
0
0
4
7
12
0
2
4
7
8
9
14
31
33
36
0
0
0
0
0
0
0
0
0
2
0
0
0
0
0
0
0
0
1
5
0
3
6
7
9
10
12
16
19
20
0
0
0
0
0
0
0
0
0
0
0
0
0
1
2
3
10
18
20
23
0
0
0
0
0
0
12
20
23
26
0
0
0
0
2
3
14
23
26
27
0
0
0
0
0
0
2
14
17
22
0
0
0
0
0
0
0
1
3
7
0
0
0
0
0
0
0
0
0
3
0
0
0
0
1
3
9
15
18
19
0
0
0
0
0
0
0
0
0
0
12
20
23
25
26
28
30
36
39
40
0
5
6
8
9
11
12
17
18
20
1
6
9
12
13
14
16
28
31
34
2
7
9
35
37
38
40
45
47
49
0
4
7
9
10
11
17
34
36
38
11
19
21
24
25
27
29
33
35
38
9
17
20
21
22
26
28
31
34
35
9
13
15
17
18
24
26
29
31
33
1
6
9
10
12
14
16
20
23
24
6
11
14
15
16
18
20
24
27
28
5
10
12
14
16
17
19
24
26
27
8
12
14
16
17
22
24
27
29
31
1
4
6
8
9
12
14
17
19
21
5
8
12
14
15
16
18
35
37
39
9
12
15
17
18
20
22
25
28
30
9
14
16
18
19
20
22
25
27
29
6
11
13
15
16
17
19
23
25
27
6
12
15
16
17
19
21
24
27
29
4
9
11
22
24
25
27
32
34
41
1
6
8
9
11
13
14
19
21
47
4
9
11
12
14
15
16
21
23
24
9
18
20
39
41
42
44
49
51
55
0
4
7
8
10
11
13
18
21
22
4
11
13
33
35
36
37
42
44
51
1
6
9
10
12
13
15
21
24
25
5
10
12
31
33
34
36
41
43
45
4
9
11
18
20
21
22
27
29
43
1
6
8
20
22
23
24
29
31
37
5
10
12
16
18
19
21
26
28
29
7
13
16
19
20
21
22
27
30
33
57
