time_cost:302348ms
ontime_proportion:0.820000
max_delay:1310546186112242900000000000000000000000000000000000000000000000000000000000000000000000000000000000000000000000000000000000000000000000000000000000000000000000.000000
avg_delay:1.720000
avg_flowtime:22.200000
object function value:1540.000000
0
0
0
0
0
0
0
9
14
17
19
0
0
0
0
0
0
0
0
1
3
0
0
0
0
1
3
13
18
19
21
0
0
0
0
0
0
0
0
3
6
0
0
0
0
0
0
0
0
1
3
0
0
0
0
0
0
0
1
4
8
0
0
0
0
0
0
0
0
0
2
0
0
0
0
0
0
0
0
1
5
0
0
0
0
0
2
9
15
18
20
0
0
0
0
2
4
9
14
16
39
0
0
0
0
0
0
0
0
3
7
0
4
6
7
8
10
12
16
18
24
0
0
0
0
0
0
0
0
2
5
0
0
0
1
2
3
5
10
13
17
0
0
0
0
0
0
0
0
0
0
0
0
0
0
0
0
0
2
3
27
0
3
6
8
9
11
13
18
21
23
0
0
0
0
0
0
0
0
0
2
0
0
0
1
3
5
14
19
20
22
0
0
0
0
0
0
0
0
0
1
1
6
7
8
9
11
13
18
19
21
14
19
22
24
26
28
30
35
38
40
1
6
7
9
10
12
14
19
20
22
6
11
12
29
31
33
34
39
40
41
12
17
20
23
24
26
27
32
34
39
7
13
14
31
33
35
36
41
42
43
11
16
18
19
20
22
24
28
30
32
10
14
16
17
22
24
26
30
32
33
0
5
8
11
12
13
15
20
23
26
8
13
15
18
20
22
23
28
30
33
0
5
7
10
12
14
17
22
24
28
11
16
18
21
25
26
28
32
34
37
1
10
13
18
19
20
22
27
30
38
6
10
14
16
18
19
21
24
27
29
7
12
15
17
18
20
22
27
30
32
4
9
10
13
14
16
18
23
24
25
8
13
16
18
19
23
25
30
31
33
8
13
16
18
19
20
22
25
28
31
6
9
12
14
15
16
19
22
25
27
3
8
11
16
17
18
20
25
28
37
9
15
17
20
23
25
26
31
33
36
3
8
9
19
21
23
24
29
30
45
15
20
21
35
37
39
40
45
46
47
2
7
10
14
15
17
19
24
27
34
3
8
9
12
13
15
17
22
23
24
18
21
24
26
27
28
30
33
36
40
2
7
10
15
16
17
19
24
27
33
7
12
13
15
16
18
20
25
26
28
2
7
8
10
11
13
15
20
21
23
5
11
13
15
16
21
23
27
29
30
49
