time_cost:317391ms
ontime_proportion:0.740000
max_delay:1310546186112245600000000000000000000000000000000000000000000000000000000000000000000000000000000000000000000000000000000000000000000000000000000000000000000000.000000
avg_delay:3.840000
avg_flowtime:28.740000
object function value:2558.000000
0
0
0
0
0
0
0
0
0
2
5
0
0
0
0
0
0
0
0
0
0
0
0
0
0
0
0
0
0
0
1
0
0
0
0
0
0
16
20
23
27
0
0
1
6
8
9
11
16
17
55
0
0
0
3
4
6
7
11
13
26
0
0
0
0
0
0
17
22
25
28
0
0
0
0
0
0
0
0
0
0
0
0
0
0
0
0
13
18
19
22
0
0
0
0
0
0
0
0
0
0
0
0
0
0
0
0
0
3
4
7
0
0
1
41
43
44
46
51
52
53
0
0
0
0
0
1
2
6
8
21
0
0
1
4
6
8
10
14
17
25
0
0
0
0
0
0
0
2
5
8
0
0
0
0
0
0
0
0
1
5
0
0
0
0
0
2
5
9
11
28
0
0
0
2
4
6
17
21
32
35
0
0
0
0
0
0
12
17
20
26
0
0
0
0
0
0
0
0
1
4
9
14
20
23
24
26
28
33
36
39
2
5
7
10
11
13
14
17
19
38
3
8
11
16
17
18
19
24
27
33
4
8
9
20
21
23
25
29
30
43
3
7
9
12
13
15
16
20
22
29
4
10
12
25
26
28
30
34
36
52
3
7
9
11
12
14
17
21
23
51
8
13
14
18
20
22
23
28
30
34
5
10
11
14
16
18
19
24
25
28
5
10
11
35
37
38
40
45
46
57
8
13
14
22
24
25
26
31
33
38
3
7
8
17
18
20
22
26
27
40
9
14
15
18
19
20
22
27
28
31
7
12
13
16
18
19
20
25
29
32
8
13
14
45
47
48
50
55
56
59
8
13
14
24
26
27
28
33
34
40
5
8
10
24
25
27
28
31
33
44
1
5
6
18
19
21
23
27
28
34
0
5
8
15
16
17
18
23
26
37
7
12
13
31
33
34
36
41
42
47
10
15
16
49
51
52
54
59
60
61
12
16
17
20
22
24
26
30
34
37
5
9
11
14
15
17
18
22
24
30
0
4
6
19
20
22
24
28
30
39
1
5
7
9
10
12
14
18
20
23
13
18
20
23
27
30
32
36
37
40
0
4
6
8
9
11
13
17
19
22
4
8
10
13
14
16
18
22
24
27
13
19
23
26
28
29
31
36
37
40
8
13
16
20
22
23
24
29
30
36
63
