time_cost:5742ms
ontime_proportion:0.466667
max_delay:34
avg_delay:7.888889
avg_flowtime:38.544444
object function value:5618.148148
0
0
0
1
3
5
7
26
34
35
37
0
0
0
0
0
0
0
0
1
4
0
3
5
7
8
9
30
38
40
42
0
0
0
1
2
3
26
32
34
35
0
0
0
0
0
0
0
0
0
2
0
0
0
1
2
3
31
38
40
41
0
3
6
9
10
11
31
38
42
45
0
0
0
0
0
0
17
38
41
42
0
1
2
4
6
8
21
30
31
33
0
0
0
2
4
6
19
27
32
35
0
0
0
0
1
3
26
33
35
37
0
1
4
7
9
11
18
25
28
31
1
10
16
18
19
21
29
35
37
39
0
0
0
0
0
0
0
0
3
5
0
0
0
0
0
0
43
54
57
58
0
0
2
3
5
7
28
35
39
40
0
0
0
0
0
2
21
29
30
32
15
23
27
29
30
32
33
37
47
49
0
5
7
9
11
13
21
28
30
35
0
0
0
0
3
5
30
36
40
41
0
0
0
0
2
4
23
31
32
34
0
0
0
0
0
2
26
35
36
38
0
0
0
0
0
0
0
0
1
3
0
0
0
1
3
5
31
41
44
45
0
0
0
0
0
0
20
28
29
31
0
0
0
0
7
9
44
56
59
60
0
0
0
0
7
9
34
41
44
46
0
0
0
0
0
0
39
50
52
54
0
0
0
0
0
0
24
29
30
32
0
0
0
0
0
0
0
0
3
7
8
18
21
22
23
25
33
41
44
45
0
0
0
0
0
0
0
0
0
2
0
0
0
0
0
0
35
42
45
46
0
0
0
0
0
0
0
0
0
2
0
0
0
0
0
0
0
0
0
0
0
0
0
0
0
1
38
48
51
52
0
0
0
0
0
0
0
0
0
0
0
1
2
4
5
7
36
44
48
50
0
0
0
0
3
5
39
48
51
52
0
0
0
0
0
0
0
0
0
0
0
5
8
11
13
14
16
24
39
42
0
3
6
9
10
11
38
47
52
55
18
26
28
30
32
37
44
55
56
59
8
16
19
22
26
27
36
45
48
51
8
15
18
21
25
27
35
44
48
51
0
5
8
11
13
14
21
31
37
40
13
21
24
26
27
28
33
41
44
47
15
22
25
27
28
30
35
43
46
48
10
18
21
24
25
26
32
39
46
49
11
17
22
24
31
36
44
55
57
60
16
24
26
28
29
33
41
51
53
55
1
7
10
13
15
16
18
26
38
41
5
11
14
17
19
21
23
28
31
37
0
5
8
11
13
14
20
27
30
33
2
7
9
11
14
16
28
36
38
43
11
19
22
23
27
31
39
51
54
55
1
14
22
25
26
29
36
45
50
53
0
8
10
12
14
16
25
33
35
39
12
19
20
22
24
26
31
40
41
43
6
12
19
22
23
24
36
44
48
51
4
9
12
15
17
18
22
30
42
45
3
8
11
14
16
17
21
30
33
36
13
19
22
25
26
33
38
45
51
56
16
25
27
28
29
30
32
40
42
43
9
14
18
20
32
37
40
49
53
57
15
24
26
29
30
34
43
53
55
57
11
18
21
24
25
26
37
45
49
52
11
21
24
26
27
32
39
52
55
56
14
24
26
27
28
29
35
43
46
47
4
9
12
15
17
18
30
38
41
46
14
21
24
30
31
35
39
47
49
51
19
27
28
30
34
38
47
57
58
60
5
10
12
14
16
18
20
32
35
46
13
23
25
27
33
38
47
58
60
62
7
14
16
18
21
23
27
36
38
48
10
16
19
20
29
33
39
48
52
53
5
12
14
16
18
20
22
30
33
35
6
14
16
19
21
23
27
34
37
39
18
23
26
28
34
37
41
51
52
54
10
15
18
19
26
31
39
48
51
54
17
26
28
31
36
40
48
60
62
63
3
6
15
20
22
24
26
30
41
44
14
22
24
27
35
39
48
59
61
63
3
8
11
16
18
19
34
42
45
48
5
11
17
20
22
24
27
35
45
53
5
12
14
18
20
22
26
34
36
48
9
15
18
21
32
35
39
51
54
56
9
20
23
25
30
35
45
57
60
61
8
12
15
18
20
22
25
33
45
48
17
24
27
29
34
38
43
51
54
56
64
