time_cost:10026ms
ontime_proportion:0.755556
max_delay:30
avg_delay:4.133333
avg_flowtime:27.944444
object function value:2375.925926
0
0
0
0
0
0
0
39
45
49
51
0
0
0
0
0
0
0
0
0
0
0
0
0
0
0
0
0
0
1
3
0
0
0
0
0
0
0
0
9
12
0
0
0
0
0
0
0
0
0
0
0
3
4
6
7
9
31
36
38
40
0
0
0
0
0
0
0
0
0
1
0
0
0
0
0
0
0
0
0
1
0
0
0
0
0
0
0
0
0
0
0
0
0
0
0
0
16
21
22
23
0
0
0
0
0
0
0
0
0
1
0
0
0
0
0
0
38
45
46
48
0
0
0
0
0
0
0
0
0
1
0
4
7
9
11
12
30
36
39
41
0
1
2
3
4
5
21
24
25
27
0
0
0
0
1
2
23
31
37
39
0
0
0
4
6
7
30
36
38
39
0
0
1
3
4
6
41
54
56
58
0
2
4
5
7
9
26
31
33
42
0
18
21
24
25
26
27
35
40
43
0
0
0
0
0
0
0
0
1
10
0
0
0
0
0
0
0
0
0
1
0
0
1
2
4
5
32
46
48
49
11
16
19
20
21
22
33
49
52
53
0
0
0
0
0
0
0
0
2
4
0
0
0
0
0
0
0
2
4
5
0
0
0
0
0
1
37
43
46
49
0
3
6
7
8
9
31
40
43
45
0
0
0
0
0
1
31
41
44
45
0
0
0
0
0
0
0
0
0
0
17
27
29
32
34
36
37
42
44
47
0
0
0
0
0
0
0
0
0
0
0
0
0
0
0
0
0
0
0
0
9
14
15
16
17
18
19
22
23
24
9
15
17
20
22
24
26
36
38
44
0
0
0
0
0
0
0
0
0
0
0
0
0
0
0
0
0
0
0
0
0
0
0
0
0
2
30
38
41
44
0
0
0
0
0
2
15
20
21
22
0
0
0
0
0
0
1
6
8
11
31
44
46
47
49
51
52
55
57
58
8
12
15
17
18
19
21
26
29
31
10
15
18
19
20
21
22
27
30
32
9
15
16
18
19
21
26
35
38
40
13
17
18
20
21
23
25
32
33
35
23
29
30
31
32
33
34
39
40
41
10
17
19
21
23
24
25
34
37
41
1
6
7
8
9
11
31
41
44
45
8
14
16
20
23
25
36
51
53
56
15
28
31
34
35
36
38
44
47
49
25
33
35
37
39
41
42
49
52
54
5
8
26
29
33
35
36
43
46
49
9
13
15
17
18
22
40
46
48
50
3
7
8
10
12
14
40
46
48
50
9
13
16
19
20
21
27
33
36
39
2
5
7
8
10
11
12
15
17
23
22
28
31
35
36
37
38
42
45
48
9
12
13
14
16
18
29
33
34
36
2
7
8
10
11
13
34
41
42
44
0
5
7
10
12
14
15
20
22
25
12
17
20
23
25
27
28
33
36
40
0
5
6
7
8
10
11
16
20
23
26
36
39
40
41
42
43
48
51
52
14
24
27
30
32
34
35
38
41
44
13
19
20
21
25
27
35
44
45
46
18
23
24
25
26
28
33
43
44
46
22
32
34
37
39
41
42
47
49
52
15
18
20
21
24
26
27
31
33
35
13
16
18
19
21
22
23
26
28
29
6
10
11
13
14
16
18
22
23
25
17
21
24
27
28
29
32
40
43
46
0
7
10
13
14
15
18
22
25
29
7
12
14
15
16
19
28
35
36
37
24
30
31
33
34
35
36
39
40
41
4
8
11
14
15
16
17
21
24
28
6
11
14
15
17
19
20
25
28
31
5
11
12
14
15
17
19
23
24
26
4
11
14
15
16
17
18
23
26
27
19
29
32
35
37
39
40
46
49
52
6
24
27
29
30
31
33
37
40
42
4
9
11
14
18
20
36
52
54
58
22
30
35
39
41
42
44
53
57
59
5
9
13
16
17
18
26
32
35
38
16
22
25
26
27
28
29
34
37
38
12
18
19
22
23
25
26
31
32
33
5
11
14
16
18
19
31
38
41
43
5
9
12
14
15
16
20
25
28
30
21
28
31
32
33
34
35
40
43
44
13
19
31
34
36
37
38
51
54
57
1
6
7
8
9
11
13
19
20
21
60
