time_cost:6062ms
ontime_proportion:0.522222
max_delay:34
avg_delay:5.566667
avg_flowtime:37.233333
object function value:5018.888889
0
0
0
0
2
3
5
20
27
33
35
0
0
0
0
0
0
20
26
32
36
0
3
5
8
10
11
16
21
25
28
0
0
0
1
3
4
16
20
25
29
0
0
0
0
0
0
0
0
2
4
0
2
3
6
8
9
18
26
30
33
0
0
0
0
0
0
0
0
0
0
0
0
0
2
4
5
20
26
30
33
0
0
0
0
0
0
0
0
22
27
0
0
3
5
7
8
14
20
25
27
0
0
0
0
1
2
22
29
35
38
0
0
0
0
0
0
14
18
30
33
0
0
3
10
12
13
18
23
28
39
0
0
0
0
0
0
0
0
0
2
2
6
22
24
25
26
28
32
34
36
0
0
0
0
0
2
18
23
27
38
0
0
0
3
5
6
23
29
38
41
0
0
0
0
0
0
17
22
27
29
0
0
0
0
0
1
20
25
30
33
0
1
3
5
6
8
29
37
44
46
0
2
4
6
7
8
21
27
33
35
0
0
0
0
0
0
20
26
33
35
0
0
0
0
0
0
4
7
24
25
0
0
0
0
0
0
0
0
38
41
0
0
0
0
0
0
0
0
2
5
0
0
0
0
1
3
29
38
47
49
0
5
6
9
11
13
24
32
41
44
0
0
0
0
1
3
22
29
36
39
0
0
0
0
0
0
0
0
0
0
0
0
0
0
0
0
0
0
0
0
0
0
0
0
0
0
0
0
0
0
0
0
0
0
2
6
22
29
35
37
0
3
5
8
10
11
15
19
33
36
0
0
0
0
0
0
0
0
0
0
0
0
0
0
0
0
13
17
24
27
0
0
0
0
0
0
25
29
35
37
0
4
5
8
10
11
24
31
41
44
0
0
0
0
0
0
0
0
1
4
0
0
0
3
4
13
26
32
38
40
0
0
0
0
0
0
34
40
49
51
7
11
13
16
18
19
25
33
41
44
4
8
10
13
15
17
29
36
44
47
4
10
14
16
19
21
36
44
53
55
14
18
22
23
25
26
27
30
32
33
5
11
14
17
18
20
25
32
37
39
5
9
11
15
17
19
26
33
44
47
13
16
19
20
22
23
24
27
29
30
9
15
24
26
30
32
38
44
57
59
3
7
10
12
14
15
21
28
35
37
2
6
11
12
14
15
18
24
29
32
15
22
26
27
29
30
31
34
36
37
1
5
8
11
13
14
34
39
47
50
17
22
27
28
30
31
32
35
37
38
8
12
16
19
21
22
33
38
46
49
5
10
16
19
21
22
35
40
50
53
3
6
9
14
16
17
27
34
40
43
13
17
24
26
27
29
41
46
59
61
11
16
28
31
32
34
40
46
56
58
11
16
26
30
32
36
41
48
59
62
2
5
8
11
13
15
26
34
39
42
5
12
14
18
20
21
30
36
41
44
0
3
15
21
23
24
34
40
49
52
13
19
28
31
34
38
43
50
61
63
17
24
27
29
31
32
33
36
38
39
5
9
12
17
18
20
24
31
37
40
9
13
20
22
23
25
27
34
39
41
9
14
18
21
23
24
36
43
51
56
17
22
26
27
29
30
31
34
37
41
8
12
21
24
26
27
38
42
52
55
18
24
30
31
33
35
40
46
55
59
9
14
17
19
20
22
29
36
43
45
8
12
19
25
27
28
37
42
54
57
0
5
17
20
22
23
30
38
44
47
15
20
30
35
36
39
45
52
63
65
11
14
19
22
24
33
38
44
55
59
0
4
7
9
11
12
23
30
39
45
10
15
22
24
27
31
35
41
51
53
9
13
14
17
21
26
31
39
45
48
14
20
28
32
34
36
42
49
58
60
0
4
8
13
15
28
34
39
47
50
13
17
20
22
23
25
28
36
42
44
6
12
16
19
25
27
32
39
46
51
9
14
19
23
26
30
34
40
48
52
0
4
6
11
13
16
35
41
50
54
11
14
23
26
28
38
44
51
61
64
3
8
12
15
17
20
44
51
60
63
5
9
12
14
16
17
21
26
33
38
9
15
22
26
27
29
30
37
44
49
5
9
11
14
25
30
34
40
49
54
19
24
31
33
35
37
41
48
58
59
66
