time_cost:5565ms
ontime_proportion:0.633333
max_delay:30
avg_delay:6.077778
avg_flowtime:31.377778
object function value:3712.592593
0
0
0
0
0
1
2
29
38
41
44
0
6
8
14
27
29
35
50
53
56
0
0
0
0
0
1
13
16
17
18
0
0
0
0
0
0
0
0
0
3
0
0
0
0
1
2
28
33
35
37
0
0
0
0
0
0
0
0
2
3
0
0
0
0
0
0
21
27
28
29
0
0
0
0
1
2
28
34
37
39
0
0
0
2
5
6
36
50
54
58
0
0
0
2
4
6
33
38
41
45
0
0
0
0
1
2
44
52
53
54
0
1
2
3
4
5
25
28
29
30
0
0
0
0
0
0
0
0
0
0
0
0
0
0
0
1
33
41
45
46
0
0
0
0
0
0
32
40
41
42
0
0
0
0
0
0
13
18
20
21
26
32
35
38
39
40
41
46
49
52
18
21
23
24
26
27
32
37
39
42
0
0
1
2
3
4
10
16
17
18
0
0
0
0
0
0
0
0
0
1
0
0
1
2
3
5
15
21
22
23
0
0
0
0
0
0
0
5
8
10
0
0
0
0
0
1
20
30
34
36
0
3
34
37
40
42
43
53
55
58
0
0
0
0
0
0
0
2
3
6
0
2
5
8
11
13
33
43
46
49
0
0
0
0
0
0
0
0
0
0
0
0
1
4
6
7
35
42
44
47
0
0
0
0
2
3
33
42
45
47
0
0
0
0
0
0
0
0
0
0
0
0
0
0
0
0
29
37
40
43
0
0
0
0
0
0
29
36
39
41
0
1
2
3
4
6
28
37
38
39
0
0
0
0
0
0
6
9
11
12
0
0
0
0
0
0
0
0
0
1
0
0
0
0
0
1
17
25
29
32
0
0
0
0
2
4
34
45
51
54
0
0
0
0
0
0
0
0
0
1
0
0
3
5
6
8
40
53
56
59
0
0
0
0
0
0
0
0
3
6
13
18
21
22
23
24
26
32
35
36
27
36
37
38
39
40
41
44
45
46
0
3
4
5
6
7
33
45
46
47
11
17
18
20
21
23
25
29
30
32
0
5
6
8
9
11
14
20
21
23
9
14
15
17
18
22
24
30
31
39
0
4
7
10
11
12
14
18
21
24
1
6
7
8
9
11
12
17
18
19
10
15
16
20
21
24
28
35
36
41
8
11
14
17
19
21
22
25
28
31
9
12
13
14
15
17
18
21
22
23
4
8
11
13
14
15
17
21
24
26
0
4
5
7
8
10
13
19
20
22
1
13
16
19
20
21
22
27
30
33
16
23
25
26
28
30
31
34
36
40
8
14
17
18
23
26
44
55
58
59
4
8
9
11
12
14
22
28
32
38
20
28
32
33
37
39
40
48
50
51
6
13
14
18
23
25
31
37
38
42
1
5
6
8
9
11
31
36
37
39
5
11
14
15
16
17
18
23
26
27
8
14
17
19
20
21
23
28
34
36
12
18
20
21
23
25
36
48
52
53
26
35
37
38
40
42
43
46
48
49
2
5
8
11
13
15
26
30
33
36
15
22
25
26
27
28
40
52
56
57
5
8
11
14
16
18
19
22
25
28
5
10
13
14
15
16
17
22
25
27
3
20
23
25
26
27
29
33
38
40
8
14
15
16
17
19
21
26
27
28
5
9
12
14
16
18
21
27
30
32
20
24
27
31
33
35
36
39
42
49
22
31
33
34
36
37
38
41
43
44
23
33
38
40
42
44
46
55
57
59
5
8
11
15
17
19
30
39
42
45
7
11
14
17
25
27
33
41
44
47
0
3
5
6
8
9
15
18
20
24
23
31
33
34
36
38
39
42
44
45
3
6
8
9
11
13
37
50
52
53
6
14
15
16
29
31
45
56
58
59
10
15
18
19
20
21
23
29
32
33
18
27
28
30
31
33
36
49
50
52
10
16
21
23
24
25
27
36
39
41
1
11
14
15
16
17
18
25
28
29
8
15
16
17
18
20
33
44
45
48
23
31
34
36
37
38
39
44
47
48
11
17
18
20
21
23
25
30
31
33
4
9
10
13
21
23
28
35
36
37
2
5
7
8
10
12
15
20
23
26
15
25
27
30
32
34
35
40
42
45
60
