time_cost:3142943ms
ontime_proportion:0.688889
max_delay:36
avg_delay:5.188889
avg_flowtime:27.411111
object function value:3024.814815
0
0
2
4
6
7
9
42
54
56
58
0
0
0
0
0
0
0
0
0
0
0
0
0
0
0
0
0
1
3
5
0
0
0
0
0
0
0
0
0
1
0
0
0
0
0
0
4
9
10
14
0
0
0
0
0
0
0
1
3
5
0
0
0
0
0
0
8
13
14
18
0
0
1
3
5
8
33
38
40
42
0
0
0
0
0
0
0
0
0
0
0
0
0
0
0
0
0
0
0
1
0
0
0
2
4
6
9
14
16
18
0
0
1
2
3
5
7
12
15
16
0
0
0
0
1
3
11
14
18
20
0
0
0
0
0
0
0
0
0
0
0
0
0
0
0
0
0
0
0
3
0
3
5
6
7
8
32
39
42
43
0
0
0
0
0
0
0
0
0
2
0
0
1
4
5
6
35
41
44
47
0
0
0
0
0
0
0
0
5
12
0
0
0
0
0
1
9
15
24
26
0
2
4
5
6
7
19
23
25
26
0
0
0
0
2
4
35
38
44
46
0
0
0
0
0
0
0
0
0
0
0
0
0
0
0
0
32
35
38
41
0
0
0
0
0
0
43
59
62
65
0
4
10
12
13
15
25
29
32
34
0
0
0
0
0
0
0
1
2
4
0
0
0
0
0
3
23
26
27
29
0
0
0
0
1
2
13
17
23
25
0
0
0
0
0
1
39
52
55
57
0
0
0
0
0
0
0
0
0
1
0
0
0
0
0
0
4
8
10
13
0
0
0
0
1
3
35
41
44
47
0
0
0
0
0
0
10
16
20
22
0
0
1
4
6
7
37
47
50
53
0
0
0
0
0
0
26
31
34
35
0
0
0
0
0
0
29
33
35
36
0
0
0
0
0
1
8
13
17
20
0
0
0
0
0
0
0
0
0
0
0
0
0
0
0
1
18
23
26
27
27
34
37
39
41
43
45
58
60
62
13
18
25
26
27
29
42
60
63
64
13
16
19
22
25
27
29
32
36
41
29
36
39
42
43
44
46
49
52
55
14
18
22
23
24
25
29
36
40
41
2
5
6
8
9
11
24
29
32
34
0
5
7
9
11
13
15
20
22
30
8
13
15
18
20
23
25
29
36
38
36
44
46
47
48
49
51
56
58
59
0
5
6
8
12
14
18
23
24
26
0
6
8
9
10
11
17
21
24
25
3
7
9
11
12
14
16
20
22
24
33
41
44
46
48
50
52
57
59
61
12
17
19
21
23
25
27
32
34
36
5
10
12
13
14
15
17
21
23
24
0
5
7
11
15
17
19
24
26
28
12
17
18
20
25
27
28
34
35
37
32
38
41
44
46
48
50
54
57
60
3
7
9
10
11
12
14
19
22
23
21
24
27
30
32
34
36
39
42
45
33
41
43
44
45
46
48
52
54
55
13
18
21
23
27
29
31
36
38
40
5
9
12
15
19
21
23
26
29
33
1
4
7
10
14
17
33
38
41
46
29
35
38
39
40
42
44
51
55
56
26
30
33
36
37
38
40
43
46
49
23
27
30
32
33
34
36
40
42
44
12
15
20
22
23
27
36
43
44
46
8
15
19
20
21
25
34
44
47
48
5
10
13
16
18
19
21
26
29
32
7
12
16
19
22
27
38
50
53
55
26
31
34
37
39
41
43
46
49
52
9
14
16
18
20
22
24
30
32
34
6
10
16
19
20
21
32
35
39
42
4
8
10
11
14
16
18
22
24
25
5
10
13
16
18
19
21
26
32
37
1
6
9
10
11
13
15
20
23
24
29
34
39
41
42
45
47
59
61
63
5
8
9
11
13
15
16
19
20
24
26
31
35
38
39
40
42
46
49
52
10
14
16
18
19
21
23
29
31
35
8
12
14
17
18
20
22
26
28
32
3
9
12
15
17
18
20
28
31
34
20
24
26
28
29
31
38
49
52
54
18
23
25
27
29
31
39
54
56
58
31
38
41
44
46
47
49
56
59
62
1
16
18
20
21
23
27
33
38
40
0
3
4
6
7
9
23
27
29
31
16
19
20
22
23
25
26
29
30
32
17
22
23
25
27
29
30
35
36
39
66
