time_cost:7610ms
ontime_proportion:0.600000
max_delay:30
avg_delay:6.255556
avg_flowtime:32.311111
object function value:4077.037037
0
0
0
0
0
0
0
0
0
0
0
0
0
0
0
0
0
0
0
3
12
0
0
0
1
4
5
34
41
43
44
0
0
0
0
0
0
40
55
56
58
0
0
0
0
0
1
15
28
30
35
0
0
0
0
0
0
21
28
31
34
0
0
0
0
0
0
0
2
5
8
27
37
40
43
44
45
46
50
53
56
0
0
0
0
0
0
0
0
0
1
0
0
0
0
0
2
19
27
29
32
0
0
0
0
0
0
0
0
0
0
0
0
0
0
0
1
25
36
41
44
12
18
21
22
25
26
40
55
58
59
0
0
1
2
3
4
34
45
48
49
0
0
0
0
0
0
0
0
2
7
0
0
0
0
1
3
9
15
17
18
0
0
0
1
3
5
12
21
22
24
0
0
0
2
3
5
41
56
57
59
0
0
0
0
0
1
35
45
47
50
0
0
0
0
1
3
9
17
18
20
12
21
24
25
26
27
30
40
44
45
0
0
0
0
3
4
25
36
39
40
0
1
2
3
5
6
30
40
42
46
0
0
0
0
0
0
0
0
0
0
0
0
0
0
0
0
3
26
29
31
0
0
2
5
7
9
12
18
23
28
0
0
0
0
0
0
0
0
0
2
0
0
1
2
4
5
36
48
50
51
0
0
0
0
0
0
0
47
50
53
0
0
0
0
0
0
0
0
0
0
0
0
0
0
0
0
39
53
56
58
0
2
4
5
7
8
19
27
29
30
0
12
15
18
19
20
21
25
28
31
0
0
0
0
5
7
30
40
41
43
0
0
0
0
1
3
22
31
34
37
0
0
0
0
0
0
0
0
0
2
0
0
0
0
0
0
0
0
0
0
0
2
4
5
9
11
22
30
33
34
0
0
0
0
0
0
27
37
41
45
0
0
1
3
6
13
34
42
43
45
2
5
6
7
8
9
21
29
33
34
32
43
44
45
46
48
49
54
55
56
1
5
6
8
9
11
23
32
34
36
15
24
26
27
29
30
31
34
38
43
5
9
12
15
16
17
18
22
25
28
16
21
22
23
24
25
26
32
34
36
1
4
5
6
7
8
18
26
27
28
3
8
9
10
13
15
36
50
51
52
13
18
21
24
26
28
29
33
36
41
11
17
18
19
20
21
22
25
26
27
0
13
19
22
24
27
34
43
46
49
9
13
15
16
18
19
37
43
45
46
9
16
18
19
21
23
24
27
29
30
5
10
13
16
17
18
19
23
26
29
8
11
13
14
16
18
19
22
24
31
1
12
15
17
18
19
28
39
43
45
5
8
9
10
11
12
18
26
27
29
9
14
15
16
17
19
20
25
26
27
18
29
31
34
36
38
39
44
46
49
7
10
12
13
15
17
34
44
46
47
14
21
24
26
27
28
30
34
37
39
6
12
16
22
23
25
30
39
40
43
4
7
9
10
12
13
16
24
26
27
23
33
36
38
39
40
42
46
49
51
5
9
12
17
18
19
33
41
44
47
15
23
25
29
31
32
37
51
53
54
11
18
21
24
25
26
27
31
38
41
6
9
10
11
12
13
17
24
27
29
21
29
32
35
36
37
38
42
45
48
2
6
7
9
13
15
39
53
54
56
8
13
16
17
19
20
32
44
47
48
10
18
19
21
22
24
26
30
31
33
11
16
19
21
22
23
25
29
32
34
16
26
27
28
29
31
32
39
40
41
6
15
18
20
21
22
25
36
39
41
14
33
36
40
41
42
44
48
51
53
29
40
43
44
45
46
47
52
56
57
6
12
14
20
22
24
25
38
40
43
14
21
23
26
28
30
31
36
38
41
6
9
12
15
23
25
37
49
52
56
5
9
10
12
13
15
17
22
23
25
3
6
7
8
11
13
27
36
37
39
3
6
7
8
9
10
25
35
39
40
0
5
7
10
12
14
20
31
34
37
3
6
8
9
11
12
14
19
21
22
1
6
9
10
11
12
13
19
22
23
10
15
18
20
21
22
32
41
45
47
9
15
17
18
20
22
23
26
28
29
0
3
4
5
6
7
29
40
44
45
24
32
35
38
40
42
43
46
49
52
60
