time_cost:6189ms
ontime_proportion:0.677778
max_delay:24
avg_delay:2.955556
avg_flowtime:28.400000
object function value:3168.888889
0
0
0
0
0
0
0
0
0
0
0
0
0
0
0
0
2
29
34
35
36
0
5
6
7
8
10
29
34
35
36
0
2
4
5
7
8
20
23
25
26
0
0
0
0
0
2
29
34
35
36
0
0
0
0
2
4
18
22
25
26
0
0
0
1
2
4
28
31
33
35
0
0
0
0
0
0
19
22
24
25
0
0
0
0
0
0
0
0
2
4
0
0
0
0
0
0
0
2
4
6
0
0
0
0
0
0
18
22
25
28
0
0
0
0
0
0
0
0
0
1
0
0
0
0
0
0
22
27
28
31
0
0
0
0
0
0
0
0
0
0
0
0
0
0
0
0
1
3
4
7
0
0
0
0
0
0
0
19
22
23
0
0
0
0
0
0
1
4
5
8
0
0
0
0
0
3
28
33
34
35
0
0
0
0
0
0
0
0
1
3
0
0
0
0
0
1
22
25
27
28
0
0
0
0
0
0
0
0
1
3
0
0
1
2
5
7
30
35
36
37
0
0
0
0
1
2
24
29
31
33
0
0
2
4
5
6
23
28
30
32
0
0
0
3
4
6
16
21
23
26
0
0
0
0
0
2
23
27
28
30
0
0
1
2
3
5
31
36
37
38
0
2
5
6
8
10
19
26
29
30
0
0
0
0
0
0
0
0
2
5
0
2
3
4
9
11
29
34
35
37
0
0
0
0
0
0
0
0
0
1
0
2
4
6
7
9
18
21
23
25
0
0
0
0
2
5
33
38
39
42
0
0
0
0
0
0
0
0
0
0
0
0
0
2
3
5
34
37
39
41
0
0
0
0
1
4
30
33
34
35
0
0
0
0
0
0
0
0
0
0
0
0
0
0
0
0
0
1
3
5
0
1
2
3
5
7
24
28
29
30
0
0
0
0
0
0
0
0
0
0
6
12
14
15
19
21
32
37
38
39
15
19
20
21
22
23
31
35
36
37
13
16
19
22
23
25
35
38
40
42
15
18
19
20
24
26
29
32
33
34
0
3
4
5
6
8
33
36
37
38
5
10
12
15
16
18
19
24
26
30
14
18
19
20
23
25
31
35
36
37
3
8
10
12
13
15
25
28
30
32
8
13
15
18
19
20
34
39
41
43
18
21
22
23
26
29
34
37
38
39
14
18
21
22
24
26
37
41
42
43
6
10
11
12
20
22
28
32
33
34
5
10
12
16
18
19
25
30
32
34
12
16
17
18
25
27
32
36
37
38
2
7
9
11
12
13
25
33
35
37
2
6
9
14
16
18
21
29
32
33
6
11
13
16
17
19
34
39
42
44
10
14
15
19
21
23
27
31
32
39
17
20
23
24
26
29
39
42
43
44
16
20
21
22
25
28
38
42
44
45
2
6
9
10
12
14
20
24
27
28
11
16
17
19
26
27
36
40
41
42
0
5
7
9
10
12
35
40
43
45
16
20
22
23
25
30
41
45
46
47
5
9
12
13
15
17
20
24
27
32
3
6
10
12
13
15
22
25
27
29
11
18
21
23
26
30
39
42
45
47
2
6
9
12
14
16
21
25
28
35
14
18
19
21
29
30
37
41
42
43
7
12
15
16
23
25
36
41
42
43
5
10
12
15
16
18
21
27
36
40
18
21
22
24
28
31
40
43
45
46
3
8
9
14
18
19
38
43
44
47
6
12
13
17
18
27
42
47
48
51
15
19
20
21
28
30
36
40
41
43
10
15
16
18
30
32
40
45
46
47
11
15
16
17
19
21
25
30
32
38
6
11
13
17
18
20
24
32
34
36
3
9
10
15
30
32
43
48
49
52
10
15
19
21
28
32
42
45
47
49
15
19
20
21
29
32
38
42
43
44
11
14
16
17
19
20
21
27
29
31
10
15
16
17
22
24
37
42
43
44
2
13
17
19
27
29
35
38
40
44
13
17
18
19
21
23
27
31
32
33
14
18
19
20
30
34
40
44
45
46
8
13
17
19
20
21
42
47
49
51
9
14
16
18
30
33
43
48
51
53
13
16
18
19
21
22
26
29
31
40
0
5
7
10
11
13
24
29
38
41
54
