time_cost:8447ms
ontime_proportion:0.488889
max_delay:32
avg_delay:8.166667
avg_flowtime:36.277778
object function value:5320.370370
0
0
0
0
0
1
3
17
22
23
27
0
0
0
0
0
0
0
0
0
1
0
0
4
7
9
11
34
48
54
57
0
0
0
0
0
0
0
0
1
2
0
0
0
1
2
4
26
34
36
37
0
0
2
4
5
6
30
38
40
42
0
0
0
0
0
0
0
0
0
1
0
0
2
6
7
8
31
40
43
46
0
14
17
21
25
29
34
42
45
48
0
0
0
2
4
6
28
37
40
42
0
0
0
0
0
0
29
36
38
40
0
0
0
0
2
4
39
51
54
55
0
0
0
0
0
0
12
19
21
23
0
0
0
0
4
7
43
54
55
57
0
1
3
5
6
7
34
46
48
50
0
0
0
0
0
1
21
33
36
37
0
0
0
0
0
0
23
46
49
55
0
0
0
0
0
0
0
1
28
31
0
0
1
4
6
8
27
36
39
42
8
13
16
17
18
20
22
27
30
33
0
0
0
0
3
5
42
55
58
59
0
0
0
0
0
0
24
32
34
35
0
0
0
0
0
0
0
2
3
5
0
0
0
0
0
2
16
26
29
32
0
2
27
30
31
32
38
51
54
57
0
2
3
6
7
9
37
47
50
55
0
0
0
0
1
2
20
31
34
36
0
0
0
0
0
0
14
23
26
27
0
0
0
0
0
0
0
0
0
0
0
0
0
0
0
0
34
43
47
50
0
0
0
0
0
1
31
42
43
45
15
19
20
22
23
26
27
32
33
36
0
0
0
0
0
0
0
0
0
0
0
0
0
0
0
0
13
22
23
25
0
0
0
0
0
0
0
0
0
0
0
0
0
0
2
4
37
51
52
54
0
0
0
0
1
2
24
32
35
37
0
0
0
0
3
5
44
54
59
61
0
0
0
0
0
0
0
0
1
3
0
0
0
0
0
0
36
46
48
50
2
5
6
8
9
11
33
43
50
52
11
18
20
22
23
25
30
42
45
47
5
10
13
16
18
19
40
54
59
62
6
13
16
17
18
20
22
27
30
31
5
9
11
13
14
15
17
21
23
25
20
31
32
34
36
38
39
44
45
47
1
6
9
12
14
16
18
23
26
29
31
40
43
44
45
47
49
54
57
58
5
11
14
17
19
21
23
26
33
36
7
12
14
16
17
27
30
37
39
41
7
11
13
15
16
18
34
48
50
52
4
7
10
13
15
17
19
22
25
30
20
29
31
33
34
35
37
41
43
47
0
3
6
9
11
13
15
21
24
30
1
5
7
9
15
27
40
52
57
59
6
12
14
15
16
17
19
23
25
26
23
31
35
39
41
43
45
52
56
59
15
29
31
33
35
37
39
44
46
48
3
6
7
9
10
12
34
43
44
46
11
17
19
25
26
29
44
55
57
58
12
19
21
26
28
30
34
44
46
48
3
7
9
10
11
12
14
20
22
26
18
30
33
35
37
39
41
46
48
50
10
16
19
21
22
24
27
37
39
41
9
16
18
19
20
22
36
50
53
54
13
18
21
24
26
28
30
39
53
56
1
6
8
10
11
12
30
39
41
43
5
9
11
12
13
14
16
20
22
23
6
11
13
15
17
19
21
29
31
33
1
4
7
11
12
13
15
24
27
30
9
13
16
19
21
23
26
34
37
40
18
28
31
34
36
38
40
43
46
52
11
17
19
21
22
24
26
30
32
34
1
4
7
11
13
15
40
51
54
57
7
14
15
17
19
21
22
28
29
31
16
25
28
29
31
35
41
54
57
58
15
25
28
29
30
34
39
51
54
55
10
16
19
20
21
23
25
31
34
35
26
33
35
37
39
41
43
49
51
61
0
4
10
14
23
25
27
35
37
39
25
34
37
38
39
41
43
48
52
53
1
7
10
11
12
14
37
48
52
53
4
10
12
15
25
33
35
45
48
51
4
9
12
13
14
32
36
48
52
53
8
14
17
23
25
26
33
45
50
53
12
21
24
27
29
31
33
37
40
43
9
15
18
19
20
22
24
34
37
38
2
7
10
11
12
17
19
24
27
28
11
18
21
24
26
27
30
39
42
45
29
39
42
45
47
48
50
55
58
61
64
