time_cost:2028843ms
ontime_proportion:0.777778
max_delay:30
avg_delay:3.566667
avg_flowtime:27.911111
object function value:2152.592593
0
0
0
0
0
0
2
13
17
20
21
0
0
0
1
9
10
38
42
43
45
0
0
1
3
4
5
15
20
22
24
0
0
0
0
0
0
0
0
0
1
8
13
19
21
24
26
38
43
45
47
0
0
3
6
11
13
50
55
57
59
0
0
0
0
0
2
18
22
23
24
10
14
16
19
20
22
23
28
30
33
0
3
5
7
8
10
30
33
35
38
0
0
0
0
0
0
0
2
4
6
0
0
0
0
0
0
0
0
0
0
0
0
0
0
0
0
0
1
20
24
0
2
3
4
5
8
37
42
43
44
0
0
1
2
27
29
49
53
54
55
22
25
26
27
29
31
33
37
39
40
0
0
0
0
0
1
16
21
22
25
0
0
0
0
0
0
0
0
0
3
0
0
0
0
0
0
0
1
5
7
0
0
0
0
1
3
23
27
28
29
0
0
0
0
2
4
17
22
23
25
0
0
0
0
0
0
0
0
0
4
0
0
0
0
7
9
37
42
44
47
0
0
0
0
0
0
0
0
0
3
0
0
0
0
0
1
48
51
53
55
0
0
1
2
3
5
19
24
25
26
0
0
0
0
0
0
47
50
52
53
0
0
0
0
0
0
0
0
0
0
0
0
0
0
1
3
16
20
23
26
0
0
0
0
5
6
28
33
34
37
0
0
0
0
0
0
0
0
0
0
0
3
4
5
6
8
13
16
17
19
0
0
0
0
0
0
0
0
0
0
0
0
0
0
3
6
22
26
27
28
0
0
0
0
0
0
0
0
0
1
0
0
0
0
0
0
0
0
0
0
0
0
2
5
10
12
42
47
49
52
0
2
3
4
5
7
20
23
24
25
0
0
0
0
0
0
11
16
26
29
0
2
4
6
12
14
28
31
33
35
0
0
0
0
0
0
23
27
30
31
5
9
10
12
18
21
27
31
33
35
16
19
21
23
24
26
27
30
32
35
5
8
14
15
26
27
47
50
52
54
4
7
9
11
12
14
20
23
25
27
36
40
41
42
43
44
47
52
53
54
1
6
8
11
12
14
20
25
27
30
10
14
16
17
25
30
32
37
38
40
20
24
25
26
27
28
31
35
36
37
40
44
45
46
47
48
50
54
55
56
11
15
18
19
21
23
26
30
33
34
2
5
6
7
8
10
14
18
20
21
7
11
13
14
31
33
51
55
56
57
10
13
14
15
28
30
34
38
39
41
9
14
15
18
19
20
22
28
29
32
7
12
14
15
18
20
29
33
35
36
1
5
6
7
8
9
12
16
17
18
44
47
48
49
50
52
53
56
57
58
3
8
9
10
16
18
27
32
33
34
14
18
19
21
22
23
25
29
30
32
5
10
13
20
21
22
27
32
34
39
7
11
12
14
16
18
20
24
25
26
5
10
11
14
15
16
18
23
24
27
30
35
37
39
40
41
42
47
49
51
0
5
6
9
10
11
17
22
40
43
2
5
7
9
10
12
13
16
18
20
9
12
15
17
20
25
31
34
36
38
10
15
16
22
27
28
48
53
54
57
35
38
40
41
43
44
46
49
51
52
16
20
23
24
26
28
30
34
37
40
25
29
30
31
33
35
37
41
42
43
4
7
8
9
10
12
17
21
22
23
14
17
19
20
23
25
33
36
38
40
20
25
27
28
29
31
41
46
47
48
4
8
11
12
23
26
32
36
39
42
5
9
12
14
16
18
21
25
28
33
6
10
11
12
16
18
29
34
37
38
15
20
21
22
25
27
43
49
51
52
2
7
9
11
14
15
24
29
31
33
11
14
16
23
26
27
32
36
38
39
0
5
10
13
18
20
28
33
35
38
1
6
8
10
20
25
29
32
34
36
8
11
12
13
14
16
17
20
21
22
2
5
6
8
19
21
42
45
46
47
10
13
15
18
25
26
45
48
50
52
0
3
5
7
12
14
24
27
29
31
13
18
19
20
22
24
33
38
39
40
5
10
12
14
15
16
25
30
32
34
25
28
29
30
31
33
34
37
38
39
14
17
19
21
22
24
25
28
31
33
8
13
14
17
18
20
32
37
39
42
60
