time_cost:7026ms
ontime_proportion:0.488889
max_delay:31
avg_delay:5.866667
avg_flowtime:36.566667
object function value:5330.000000
0
0
0
0
1
2
4
30
34
37
38
0
0
0
1
2
3
30
34
36
37
0
0
0
1
2
3
16
23
25
27
0
0
0
0
0
0
0
0
0
1
0
0
0
1
2
4
21
28
30
31
0
4
5
8
10
12
27
31
32
35
0
0
0
2
3
6
20
26
28
30
0
0
0
0
0
0
0
0
2
3
0
0
0
0
0
0
0
2
5
7
0
0
0
0
0
0
0
0
1
3
0
3
5
6
8
10
33
39
41
42
0
0
0
0
0
0
0
2
5
7
0
0
0
0
0
2
31
36
37
40
0
0
0
0
0
0
0
0
0
0
0
5
8
9
11
13
31
37
40
41
0
0
2
3
4
5
18
25
27
29
0
0
0
0
4
7
21
27
30
31
0
0
0
0
0
0
27
36
38
41
0
0
0
0
3
5
42
46
54
57
0
5
7
9
10
11
26
32
35
37
0
0
2
5
7
8
22
29
38
42
0
4
6
7
12
14
34
40
42
43
0
0
0
0
0
0
17
22
24
31
0
0
0
0
0
0
41
48
56
57
0
0
0
0
0
0
0
29
32
33
0
0
0
0
0
0
0
0
0
0
0
0
0
0
0
0
0
2
4
10
0
0
2
5
7
8
21
38
41
44
0
0
0
0
0
0
0
0
0
0
0
0
0
0
0
1
32
37
41
44
0
0
0
0
0
0
0
0
0
0
0
0
0
0
4
6
45
52
55
56
0
0
0
0
5
7
44
51
58
59
0
0
0
0
0
0
0
0
0
0
0
0
0
0
0
2
28
34
41
45
13
18
25
26
31
33
46
54
57
58
0
0
0
0
1
2
26
32
34
36
0
0
0
0
0
1
20
26
28
30
0
0
2
5
8
10
24
28
30
33
0
0
0
0
0
0
15
30
33
36
11
16
18
20
21
22
25
32
34
36
3
6
8
11
13
15
24
28
30
35
1
4
6
9
11
13
16
21
23
26
11
16
18
20
21
22
27
34
36
38
4
8
13
16
18
20
35
41
44
47
4
9
10
13
15
17
36
42
43
46
8
13
19
20
25
27
31
39
44
45
2
7
10
13
15
16
21
42
45
48
8
13
15
16
22
24
43
50
57
59
6
10
13
16
18
20
36
41
48
51
4
9
12
15
18
20
24
30
36
39
11
15
20
22
28
30
33
41
44
45
17
21
27
29
35
37
48
54
59
60
3
6
8
11
13
15
35
43
46
50
6
10
11
14
18
20
26
32
33
36
15
21
23
24
25
26
31
37
43
44
0
3
5
8
10
12
25
30
32
37
3
11
15
18
20
22
28
33
35
44
11
16
18
19
22
24
46
52
60
61
11
15
20
21
23
25
30
36
39
40
7
12
14
16
17
18
19
24
26
28
16
20
29
31
33
35
42
48
58
60
3
8
11
14
16
17
23
34
39
45
10
14
16
19
21
23
27
33
38
41
7
11
18
21
23
25
27
32
36
48
1
6
9
12
14
15
23
33
40
46
6
11
14
16
17
18
19
24
27
29
7
12
19
20
27
29
32
39
43
44
8
12
22
25
27
29
38
45
47
50
13
18
21
24
29
31
34
42
45
46
3
8
11
14
16
17
31
45
51
54
12
18
23
24
25
27
49
57
60
61
10
13
24
28
31
33
40
48
58
61
12
16
21
22
30
32
34
42
45
47
2
7
16
19
22
24
28
36
44
47
12
18
21
22
31
33
35
44
47
48
24
27
29
30
37
38
51
57
61
62
16
21
27
28
33
35
43
49
53
54
18
25
28
29
39
41
52
59
62
63
13
18
26
27
37
39
50
57
61
62
4
10
23
26
29
31
39
43
50
53
20
24
28
29
38
40
51
59
62
63
7
11
20
23
25
27
38
42
49
52
14
19
22
23
26
28
31
39
42
43
7
11
20
25
27
29
40
47
54
57
8
12
19
27
29
31
39
45
52
55
20
24
27
28
40
42
52
60
63
64
18
24
28
30
41
43
54
62
63
65
16
21
26
27
35
37
47
54
57
58
22
27
30
31
42
43
54
62
64
65
66
