time_cost:2485528ms
ontime_proportion:0.633333
max_delay:40
avg_delay:7.466667
avg_flowtime:33.977778
object function value:3799.259259
0
0
0
0
0
0
0
0
0
0
1
0
0
0
0
37
39
56
64
67
69
0
5
8
9
33
36
48
57
60
61
0
0
1
3
7
9
53
60
63
65
0
0
0
0
4
5
43
52
55
56
0
0
0
1
2
4
26
32
34
36
0
1
3
5
6
7
19
24
26
28
0
0
0
0
0
0
14
24
26
28
0
0
0
0
0
0
0
0
0
0
0
3
5
7
8
9
16
22
24
26
0
0
0
0
0
0
0
0
0
0
0
2
4
5
6
7
22
26
28
29
0
0
0
0
0
0
0
0
0
0
0
0
0
0
0
1
23
27
30
31
0
0
0
0
0
0
0
0
0
3
0
0
0
0
0
0
0
0
2
9
0
0
0
0
0
0
0
0
0
1
0
0
0
0
0
0
0
0
0
2
0
0
0
1
3
4
20
28
31
34
0
0
0
0
0
0
0
0
1
2
0
0
0
0
0
0
49
54
57
58
0
0
0
0
4
6
31
34
37
41
0
0
0
0
0
0
51
57
60
63
0
0
0
0
0
0
0
1
2
6
14
17
19
22
27
28
44
53
55
57
0
0
0
0
0
0
19
26
29
32
0
0
0
0
0
0
0
1
4
5
0
4
7
8
9
11
30
35
39
40
0
0
0
0
0
0
52
61
64
65
0
1
3
6
7
9
28
33
36
39
0
5
7
9
10
11
26
32
34
36
0
0
0
0
0
0
0
0
0
0
0
0
0
0
1
3
35
41
45
46
0
0
0
0
0
2
18
21
25
28
0
0
0
0
0
0
26
32
40
42
0
0
0
0
0
0
0
0
7
19
20
24
26
28
32
34
45
51
53
54
0
0
0
0
0
2
15
20
21
28
0
0
1
2
3
4
13
21
23
24
0
0
1
4
6
8
43
48
50
53
2
7
9
10
14
16
38
45
47
48
21
31
33
35
36
37
51
60
62
64
5
8
10
11
12
13
16
22
24
26
5
11
13
14
15
17
21
26
28
29
13
17
20
21
26
28
30
35
38
39
6
9
11
12
13
14
37
43
45
46
3
10
12
15
17
19
34
39
41
44
8
12
15
16
17
19
35
41
44
45
9
14
17
20
22
23
24
29
32
37
17
20
22
23
31
32
44
50
52
53
1
5
6
11
13
15
24
28
29
32
17
20
22
25
32
35
46
50
52
55
9
14
16
18
30
33
46
52
54
55
10
15
18
21
23
24
25
30
35
38
16
23
27
30
35
38
52
61
65
68
0
4
5
7
9
11
34
39
40
42
0
3
5
8
9
11
14
18
20
24
9
15
17
19
20
21
30
36
38
40
1
6
9
17
19
20
23
29
32
35
4
10
12
14
17
19
20
25
27
29
1
6
9
10
11
13
25
29
32
33
5
9
10
13
15
17
37
44
46
48
36
39
42
45
46
48
54
62
64
67
21
35
38
39
40
42
47
55
58
59
16
19
21
23
30
31
43
49
51
52
27
33
35
38
39
41
56
64
66
69
19
22
24
25
34
36
48
55
57
58
12
16
17
20
22
24
26
30
34
37
7
11
14
15
26
28
41
47
50
51
12
18
21
22
27
29
31
37
40
41
3
8
10
11
12
14
31
37
39
40
4
8
9
11
25
27
39
44
48
50
5
10
13
16
19
20
39
46
49
52
18
22
23
26
28
30
34
38
45
48
8
16
19
20
21
23
33
38
41
42
3
9
14
23
25
26
28
34
37
40
5
9
10
12
13
15
30
34
40
42
6
10
11
13
14
16
17
21
22
25
8
13
16
17
18
20
21
27
30
31
10
20
22
24
25
27
29
35
39
40
1
5
6
9
11
13
33
38
53
58
10
14
15
18
20
22
29
33
35
38
11
16
18
19
23
25
31
41
44
45
14
19
20
22
24
26
39
45
48
50
9
17
19
20
21
23
25
31
33
34
22
26
29
30
35
38
56
64
68
69
26
38
41
44
46
47
49
58
61
64
14
23
26
27
28
30
40
45
48
49
8
12
13
15
16
18
19
23
24
27
15
19
20
22
23
25
30
34
35
37
70
