time_cost:2517234ms
ontime_proportion:0.666667
max_delay:41
avg_delay:6.266667
avg_flowtime:35.788889
object function value:3526.296296
0
0
0
0
0
0
0
0
0
2
4
0
0
0
0
0
0
0
0
1
2
0
0
0
0
0
0
0
1
4
9
0
0
3
5
6
10
34
43
57
59
0
5
8
11
13
14
21
27
31
38
0
0
0
0
0
0
0
3
5
7
0
0
1
2
3
4
17
23
25
26
0
0
0
2
4
6
30
33
36
39
0
0
0
1
3
4
13
21
25
28
0
0
0
0
2
4
42
49
60
62
0
0
0
0
0
0
0
0
0
0
0
0
0
0
0
2
14
19
20
22
0
0
0
0
0
0
15
21
23
25
0
0
0
0
0
0
0
0
0
0
0
0
0
0
0
0
0
1
4
5
0
0
0
0
0
0
0
0
0
0
0
0
0
0
4
8
36
45
57
59
0
0
2
4
6
8
17
24
26
28
0
0
0
0
0
0
13
16
20
21
0
0
0
3
9
12
46
54
59
62
0
0
0
0
7
9
32
41
44
46
0
0
0
0
2
5
16
22
24
26
0
0
0
0
0
0
33
39
47
49
0
0
0
0
0
0
0
0
3
8
0
0
0
0
1
3
19
23
27
29
0
0
0
0
0
0
15
19
21
24
0
0
0
0
0
6
38
44
47
50
14
18
21
22
28
30
47
56
59
60
0
0
0
0
0
0
0
0
0
0
0
0
0
0
0
0
0
0
5
7
0
0
0
0
0
0
27
33
35
37
0
3
15
19
30
34
55
64
67
70
0
0
0
0
1
2
29
35
38
45
0
0
0
0
0
0
0
2
6
8
0
1
2
4
6
8
22
28
41
43
0
0
0
0
0
1
23
29
31
32
0
0
0
0
0
1
18
23
24
26
0
0
0
0
0
0
21
25
28
31
0
18
21
24
25
26
28
31
34
37
0
5
8
10
11
18
54
65
69
70
7
12
13
15
17
19
20
26
28
30
10
14
17
22
24
26
29
34
37
40
7
10
16
19
35
41
52
62
66
69
8
13
18
19
20
22
34
40
43
44
23
29
32
35
37
38
46
55
58
61
8
12
14
16
17
19
25
31
33
35
1
6
9
13
14
16
43
50
53
56
4
8
10
12
13
14
26
32
35
37
11
20
22
24
26
28
31
38
40
42
3
8
10
12
19
23
26
34
36
38
0
4
6
7
8
9
23
28
30
31
18
21
24
26
27
29
36
42
46
48
12
17
19
22
26
30
32
38
42
45
20
27
30
33
35
40
51
62
66
69
13
20
23
26
29
30
48
57
62
65
18
25
28
29
30
32
42
50
53
54
6
10
12
14
15
17
23
30
32
37
3
9
12
14
22
24
38
44
51
53
10
16
18
20
21
24
30
36
38
40
3
8
9
11
13
15
27
34
40
42
1
5
7
8
9
10
19
24
26
27
15
22
26
30
32
33
43
51
54
57
21
30
33
36
38
39
41
47
50
53
13
20
23
24
25
27
45
53
56
57
9
14
18
19
20
22
28
36
39
40
9
13
14
16
22
24
39
43
45
47
5
10
14
17
19
21
25
32
34
36
7
12
15
16
17
19
25
32
35
36
6
11
16
18
24
26
37
43
49
51
4
7
10
13
14
15
22
25
28
32
17
23
29
31
33
35
40
48
53
55
2
11
13
15
18
20
33
38
41
43
8
13
16
19
21
22
24
29
32
35
8
11
14
17
22
28
30
37
40
43
27
35
38
41
42
43
51
60
63
66
16
25
27
28
32
36
50
60
62
63
1
4
7
10
11
12
31
39
42
45
39
46
48
50
51
52
54
58
61
64
4
9
12
14
16
18
30
38
43
47
20
24
26
28
33
38
53
63
65
67
12
16
19
21
24
25
46
53
55
57
5
8
11
14
15
16
21
26
29
33
10
17
20
23
31
36
50
59
63
66
5
10
11
13
15
17
22
28
31
33
12
15
16
18
23
25
32
37
40
44
3
6
7
9
10
12
31
36
38
40
12
17
20
21
36
42
55
65
69
70
0
3
4
6
8
11
35
40
45
47
2
7
8
10
12
14
27
35
36
40
10
14
21
24
26
28
40
47
50
53
71
