time_cost:9339ms
ontime_proportion:0.555556
max_delay:31
avg_delay:4.933333
avg_flowtime:33.911111
object function value:4574.814815
0
0
0
0
0
0
0
0
0
0
0
0
0
0
0
0
0
24
31
33
35
0
0
0
0
0
0
0
0
0
0
0
0
0
0
0
0
0
0
1
2
0
0
0
0
0
0
0
0
1
4
0
0
0
0
0
0
24
29
50
53
0
0
0
0
0
0
0
0
3
4
0
4
6
7
8
10
27
34
36
37
0
0
0
0
0
0
17
24
29
30
0
0
0
0
0
0
0
0
1
5
0
0
0
0
0
0
0
0
2
3
0
4
7
10
12
13
16
21
28
31
0
0
0
0
0
1
23
29
30
33
0
2
4
5
6
8
25
33
35
36
0
0
0
0
0
0
21
25
27
30
0
0
0
0
0
1
30
37
40
41
0
0
0
0
1
2
16
21
26
31
0
0
0
0
0
0
0
0
0
1
0
0
0
0
0
0
0
0
2
3
0
3
6
7
8
10
31
38
41
42
0
3
5
7
8
9
17
22
26
28
0
0
0
0
0
0
32
38
41
42
0
0
0
0
3
5
32
41
43
44
0
1
4
5
10
12
37
46
49
50
0
0
0
1
2
3
24
31
33
34
0
0
0
1
3
5
27
36
37
40
0
0
0
3
5
7
23
30
31
36
0
0
0
0
0
2
37
46
49
50
0
1
4
5
6
8
22
33
36
37
0
0
0
0
10
12
40
47
49
50
0
0
0
0
0
0
0
0
0
0
0
0
0
0
0
0
0
33
36
37
0
0
0
0
1
3
36
41
42
45
0
0
0
0
0
0
0
0
0
3
0
0
0
0
0
0
18
24
30
31
0
0
0
0
0
0
0
0
0
1
0
0
0
0
0
7
42
49
52
53
0
0
0
0
0
0
0
0
0
0
0
0
0
0
0
0
0
0
0
5
0
0
0
0
15
17
41
49
52
53
13
18
20
21
22
23
25
29
31
32
5
8
18
23
28
30
32
39
43
46
3
7
15
18
24
27
29
36
40
43
1
6
9
12
14
15
27
35
38
45
0
5
8
17
19
20
21
26
30
33
8
14
16
18
19
20
21
26
28
30
9
14
17
18
21
23
41
49
51
52
4
9
12
19
21
22
23
28
37
42
14
20
23
24
32
34
44
52
55
56
6
12
14
15
16
18
20
31
33
34
14
19
21
22
23
25
27
31
33
35
15
20
22
23
24
25
27
30
32
33
14
19
23
25
26
29
39
45
47
49
18
23
25
26
27
28
30
33
35
36
13
18
26
28
29
31
32
38
42
44
14
19
24
26
31
33
34
41
43
45
14
18
21
23
28
30
38
45
50
52
4
9
12
15
17
18
19
35
38
41
0
3
5
8
10
12
28
35
37
40
9
16
24
26
27
29
31
41
46
48
6
14
18
19
21
23
45
53
56
57
6
12
14
17
19
21
22
27
29
32
2
5
7
10
12
14
26
33
37
40
9
14
17
19
24
26
28
38
41
43
8
12
21
24
30
32
34
39
44
47
4
9
12
19
21
22
23
28
34
37
1
8
15
18
20
21
32
40
43
46
1
7
10
13
15
16
33
43
46
49
8
14
16
17
22
24
26
31
33
34
2
5
7
10
12
14
20
27
34
37
18
24
27
28
32
34
45
52
55
57
18
22
24
25
26
27
29
32
34
35
11
17
19
20
26
28
30
37
40
41
6
10
12
15
17
19
21
26
28
34
10
16
19
20
34
36
48
57
59
60
18
24
26
27
36
37
48
55
57
58
9
16
18
19
30
32
43
51
53
54
5
11
15
21
23
24
35
42
45
48
5
12
21
24
32
34
36
41
45
49
14
19
22
24
28
30
40
46
53
55
16
21
24
25
34
36
46
55
58
59
11
16
22
24
26
27
35
43
48
50
2
7
10
13
15
17
28
36
40
43
3
6
8
11
13
15
21
28
44
47
9
18
21
22
30
32
46
56
59
60
6
12
18
22
23
25
36
43
53
56
5
10
18
21
33
35
37
42
47
51
16
20
24
26
34
36
37
43
48
50
9
14
20
23
25
27
50
59
61
63
11
17
19
25
36
38
49
58
60
62
64
