time_cost:7107ms
ontime_proportion:0.700000
max_delay:24
avg_delay:2.844444
avg_flowtime:31.900000
object function value:3063.333333
0
0
0
1
4
6
7
18
23
26
29
0
0
0
0
0
0
0
0
1
2
0
0
0
0
0
0
0
0
2
5
0
0
1
2
3
5
20
27
29
30
0
0
0
0
0
0
0
1
3
5
0
0
0
0
0
0
0
0
0
0
0
0
0
0
0
0
19
22
24
25
0
0
0
0
0
0
0
0
0
1
0
0
0
0
0
0
0
0
41
44
0
0
0
0
0
2
22
27
29
30
0
0
0
0
0
0
19
25
27
28
0
0
0
0
2
4
17
22
24
27
0
5
8
11
13
14
18
24
27
30
0
0
0
0
0
0
19
28
31
32
0
0
0
0
0
0
0
0
0
1
0
0
0
0
0
0
0
0
0
1
0
0
0
0
0
0
0
0
0
2
0
0
0
0
0
0
0
0
0
1
0
0
0
0
1
2
21
26
28
29
0
0
0
0
2
4
22
25
27
30
0
0
0
0
0
2
23
27
30
33
0
0
0
0
0
0
0
0
0
0
0
0
0
2
3
4
18
23
25
27
0
0
0
0
0
0
34
40
43
44
0
0
0
0
0
1
16
23
30
33
0
0
2
5
6
8
32
37
41
44
0
0
0
0
1
2
17
24
27
31
0
0
0
0
4
7
24
30
32
35
0
0
0
0
0
0
0
0
0
2
0
0
0
0
0
0
0
0
0
0
0
0
0
0
0
0
0
1
3
7
0
0
0
0
0
0
0
2
4
7
0
0
0
0
0
0
18
23
25
26
0
0
0
0
4
6
25
29
30
32
0
0
0
0
0
0
21
27
28
30
0
1
3
4
5
6
23
28
30
31
0
0
0
0
0
0
0
0
0
0
0
0
0
0
0
0
34
37
41
45
0
0
0
0
0
0
26
32
33
37
0
0
0
0
0
0
34
39
44
47
6
11
13
14
15
17
30
38
40
41
1
6
9
13
15
16
21
26
30
35
2
5
7
11
13
15
25
31
33
36
1
5
6
9
11
13
27
33
35
38
13
18
21
22
25
27
32
39
42
43
3
9
16
17
20
22
28
33
37
38
6
11
16
17
18
20
27
32
36
37
0
3
5
8
10
12
25
29
40
43
10
16
18
20
21
23
29
35
39
41
8
13
16
18
21
23
31
41
44
45
6
11
14
19
26
28
32
42
44
46
13
20
22
23
24
25
30
37
39
40
0
3
5
8
9
11
36
40
45
48
15
21
22
24
25
27
32
36
39
41
18
21
24
25
26
27
30
35
38
39
14
18
21
23
27
29
33
37
44
45
0
3
5
6
7
8
38
46
48
49
4
8
14
17
19
21
26
30
33
43
14
20
21
23
31
33
37
42
45
47
13
18
21
22
23
25
28
36
39
41
18
22
23
25
33
35
39
43
48
50
13
20
22
24
25
26
37
42
47
49
1
6
11
14
16
17
23
29
33
36
8
13
16
18
28
30
35
45
48
49
8
13
17
18
22
24
33
39
44
45
8
13
17
18
22
24
36
46
49
51
5
9
10
13
15
17
26
30
32
39
13
18
20
22
24
25
38
44
50
52
16
21
23
24
25
26
31
39
41
42
16
21
23
24
29
30
36
44
46
47
5
9
11
18
20
22
28
33
36
39
8
13
15
16
27
29
38
44
50
51
1
5
6
9
11
13
28
32
36
45
11
16
18
19
31
33
39
50
52
53
3
8
11
15
17
18
22
34
37
40
1
6
9
17
19
20
22
35
40
45
5
10
13
16
18
19
23
31
35
40
5
11
14
17
19
21
27
31
43
46
9
14
17
19
33
35
42
47
52
54
0
5
8
11
13
14
27
33
45
50
13
18
20
21
29
31
41
46
52
53
6
10
12
15
22
24
30
34
38
47
13
18
20
22
27
28
33
44
46
48
11
16
19
21
30
31
37
48
50
52
1
4
6
10
11
15
35
41
47
50
3
7
17
20
27
29
35
43
47
50
10
15
17
20
29
31
37
45
51
54
11
16
18
21
31
33
40
43
49
52
5
9
17
23
31
33
40
48
50
53
8
16
22
24
30
32
38
49
51
54
55
