time_cost:6555ms
ontime_proportion:0.577778
max_delay:32
avg_delay:5.477778
avg_flowtime:34.822222
object function value:4382.962963
0
0
0
2
4
5
7
25
36
38
40
0
0
0
0
0
0
16
22
26
29
0
0
0
0
0
0
0
0
1
3
0
0
0
0
0
0
0
2
4
6
0
0
0
0
2
4
20
29
31
34
0
0
0
0
0
0
0
2
3
6
0
3
6
8
9
11
21
31
34
36
0
0
0
0
0
0
23
34
37
39
0
0
1
2
4
5
16
22
26
27
0
0
0
0
0
0
15
20
24
30
0
0
0
0
0
0
0
0
2
5
0
0
0
0
0
0
0
2
3
8
0
0
0
0
0
2
24
36
39
41
0
0
0
0
0
0
0
0
3
7
0
0
0
0
2
5
22
30
32
35
0
0
0
0
0
0
0
0
34
37
0
0
0
4
6
7
25
32
36
39
0
0
0
1
3
4
16
21
26
29
0
0
0
3
6
7
24
33
36
39
0
0
0
0
0
2
25
32
34
36
0
0
0
0
0
0
14
19
24
26
0
0
0
0
0
0
0
0
0
0
0
0
0
0
0
0
13
20
24
26
0
0
0
0
1
2
28
39
41
44
0
0
0
0
7
9
27
34
39
41
0
0
0
0
0
0
0
0
2
7
0
0
0
1
3
4
21
26
29
31
0
0
0
0
0
0
0
0
0
1
0
0
0
0
8
10
29
36
41
43
0
0
0
0
4
8
23
32
35
38
0
0
0
0
0
0
0
0
0
0
0
0
0
0
2
4
29
39
41
44
0
4
6
8
10
12
31
40
45
47
0
0
0
0
1
2
18
24
29
31
0
0
0
0
0
0
0
0
0
0
0
0
0
0
0
1
21
31
34
36
0
0
0
3
6
9
25
34
38
41
0
0
0
3
5
6
17
23
27
31
0
0
0
0
0
0
29
40
42
45
0
0
0
0
0
0
0
1
4
5
4
10
11
14
16
17
28
38
41
46
5
9
14
17
19
21
29
36
41
48
4
9
10
16
18
19
34
43
46
49
4
8
11
13
15
16
21
26
29
31
0
4
6
9
11
15
33
42
46
49
2
6
9
11
13
14
16
23
27
33
9
15
19
22
23
24
29
38
43
45
0
4
7
9
11
12
19
25
29
33
3
9
10
13
15
16
37
44
47
50
6
11
14
17
19
20
32
39
44
47
9
14
21
23
24
26
31
38
44
46
2
6
9
11
13
14
21
29
32
35
6
10
13
16
18
20
37
44
49
52
11
15
19
21
22
24
26
37
39
41
6
12
16
19
21
22
33
41
46
49
0
3
5
11
13
18
37
44
49
52
5
11
13
16
19
21
39
46
50
53
12
17
20
22
23
28
33
40
47
51
10
14
21
24
26
27
39
46
52
55
10
15
19
21
22
24
25
36
39
41
18
22
26
27
29
30
31
34
36
37
0
5
6
11
13
19
35
42
47
54
1
5
8
10
12
13
21
28
31
33
17
22
27
29
30
31
33
38
40
42
2
6
9
13
15
16
19
27
31
33
15
20
27
29
31
32
34
40
44
46
9
13
19
21
25
28
35
42
49
51
3
7
10
12
14
15
19
26
29
31
8
13
14
19
21
25
41
47
54
58
13
17
24
26
27
29
33
40
44
46
18
23
25
26
28
29
30
33
35
43
9
14
23
25
26
33
35
42
45
47
1
9
12
15
17
18
20
26
29
35
4
10
19
24
32
35
42
47
53
56
5
11
13
18
20
23
33
43
51
56
11
16
22
25
27
30
37
43
50
52
13
18
21
23
24
26
38
45
52
54
13
18
21
22
24
25
26
29
31
32
7
12
17
19
21
22
24
29
32
35
13
18
23
24
26
27
28
31
33
35
18
24
26
28
30
31
32
35
37
47
10
16
22
24
25
30
37
45
52
54
7
13
17
29
31
32
35
42
49
52
8
13
17
21
27
32
37
44
52
54
14
20
24
26
33
35
43
48
57
59
13
18
22
24
31
34
40
47
55
57
8
13
16
19
24
27
44
49
57
60
14
20
27
29
35
37
45
50
59
61
18
24
26
27
29
30
31
34
36
37
0
7
16
21
33
36
43
49
56
59
62
