time_cost:3032900ms
ontime_proportion:0.700000
max_delay:26
avg_delay:3.422222
avg_flowtime:30.800000
object function value:3026.666667
0
0
1
2
4
5
7
10
14
16
19
0
0
0
0
0
1
9
15
18
25
0
0
0
0
0
0
0
0
0
0
0
0
0
0
0
0
0
0
2
5
0
0
0
0
0
1
14
19
21
24
0
0
0
0
0
0
18
24
26
27
0
0
0
0
0
0
16
21
22
25
0
0
0
0
0
0
0
0
0
0
0
0
0
0
1
2
12
19
22
25
0
0
0
2
3
4
21
24
27
29
0
0
0
0
1
2
16
22
24
27
0
5
7
8
9
11
13
18
20
22
0
1
2
5
7
9
28
34
38
44
0
0
0
0
0
0
0
2
6
9
0
0
0
0
0
0
0
0
0
1
0
0
0
1
3
8
33
38
41
43
0
2
5
8
10
12
26
35
40
43
0
0
0
0
0
0
14
18
19
22
0
0
0
1
2
3
27
30
32
33
0
0
0
0
0
2
22
26
29
30
0
0
0
0
0
0
0
3
5
8
0
0
0
0
0
0
24
27
29
32
0
0
0
0
0
0
1
2
4
6
0
0
0
2
3
6
30
33
35
38
0
0
0
3
5
7
28
33
35
38
0
0
0
0
0
0
0
0
8
11
0
0
0
0
0
0
0
2
12
23
0
0
0
0
2
5
22
27
30
31
0
0
0
0
0
0
24
30
31
38
0
0
0
0
0
0
0
0
0
0
0
0
0
0
1
3
27
31
33
36
0
0
0
0
5
8
28
35
37
39
0
0
0
0
0
0
17
22
25
26
0
0
0
0
0
0
0
0
25
29
0
0
0
0
0
3
27
32
34
35
0
0
0
0
0
0
0
0
1
2
0
0
0
0
0
5
25
30
33
34
0
0
0
0
0
0
0
1
3
6
0
0
0
0
0
0
0
0
0
0
0
0
1
4
6
8
19
23
24
27
23
28
31
32
33
35
36
41
44
45
15
18
20
21
22
23
32
36
39
40
18
23
26
27
28
30
43
48
51
52
11
19
21
22
23
26
37
45
47
48
0
5
7
9
10
11
25
31
33
35
6
9
11
14
15
17
36
41
43
46
1
5
6
9
11
13
35
42
43
46
0
3
5
6
7
8
38
43
45
46
18
23
25
28
29
31
33
36
38
41
5
8
12
15
17
19
40
44
46
49
12
15
17
18
19
22
33
38
40
41
20
29
30
33
35
37
39
45
49
54
5
9
10
13
15
17
21
25
27
30
17
22
24
26
27
28
38
46
50
52
14
20
23
24
25
27
44
51
54
55
3
9
11
13
16
18
43
51
53
55
7
12
15
18
20
21
22
31
34
37
9
12
14
17
23
25
30
34
36
40
22
27
30
33
35
36
37
42
47
50
12
16
19
20
24
26
31
35
38
39
0
5
9
10
11
14
28
34
36
37
0
4
5
7
8
10
11
15
17
19
6
10
12
14
15
17
21
26
30
32
19
26
28
29
31
32
39
45
47
48
5
8
13
16
20
22
30
35
39
42
12
17
19
21
25
26
42
47
52
54
8
12
14
16
26
28
47
52
53
55
16
21
23
25
26
27
28
33
35
37
18
24
27
28
29
31
43
49
52
53
4
7
10
11
12
13
22
25
27
28
0
5
8
9
13
16
39
46
48
49
6
13
18
20
21
25
33
40
42
44
1
4
6
9
13
15
30
36
42
45
2
15
18
19
20
22
33
38
41
42
3
6
8
11
17
19
26
31
33
36
4
7
9
12
13
15
29
32
40
43
7
12
16
17
25
27
33
39
42
43
1
6
9
12
15
16
34
41
44
47
6
9
11
12
13
14
33
38
42
43
15
19
22
23
27
29
36
43
46
47
9
15
17
18
22
24
29
37
39
40
14
18
19
21
22
24
30
37
45
47
12
17
18
20
21
23
25
29
32
34
19
26
29
30
31
33
42
48
52
53
2
20
23
24
29
31
36
44
47
48
8
12
13
16
18
20
24
30
37
40
9
14
17
21
27
29
34
40
43
44
5
10
16
17
18
20
32
38
41
42
8
13
15
18
19
21
23
29
32
33
5
10
21
23
24
25
35
43
49
51
56
