time_cost:3409645ms
ontime_proportion:0.633333
max_delay:36
avg_delay:5.722222
avg_flowtime:32.866667
object function value:3762.222222
0
0
0
1
3
5
7
13
19
21
24
0
0
0
0
0
0
0
0
1
4
0
3
5
7
8
9
36
48
50
52
0
0
0
1
4
5
21
26
29
30
0
0
0
0
0
0
0
0
0
2
0
0
0
1
2
3
20
26
28
29
1
4
7
10
11
12
16
20
29
32
0
0
0
0
0
0
9
17
20
21
0
1
2
4
6
8
11
16
17
20
0
0
0
2
8
10
30
36
39
44
0
0
0
0
1
3
18
24
26
28
0
1
4
7
15
17
34
43
46
49
0
4
6
8
9
11
19
26
29
31
0
0
0
0
0
0
0
0
1
5
0
0
0
0
0
0
19
27
30
31
0
0
4
5
6
8
32
39
42
43
0
0
0
0
0
2
3
8
10
12
0
3
4
6
12
14
26
30
35
37
0
7
14
16
18
20
25
31
33
36
0
0
0
0
1
3
16
21
24
25
0
0
0
0
2
4
13
18
19
22
0
0
0
0
0
2
3
8
9
11
0
0
0
0
0
0
0
0
1
3
0
0
0
1
3
5
34
43
46
47
0
0
0
0
0
0
11
15
19
21
0
0
0
0
10
13
46
60
63
64
0
0
0
0
3
5
19
23
27
29
0
0
0
0
0
0
22
28
30
32
0
0
0
0
0
0
12
16
18
20
0
0
0
0
0
0
0
0
2
4
0
5
8
9
10
12
41
54
57
58
0
0
0
0
0
0
0
0
0
2
0
0
0
0
0
0
18
24
26
28
0
0
0
0
0
0
0
0
0
2
0
0
0
0
0
0
0
0
0
0
0
0
0
0
0
1
29
38
41
42
0
0
0
0
0
0
0
0
0
0
0
1
3
5
6
8
21
26
29
32
0
0
0
0
3
5
31
39
42
43
0
0
0
0
0
0
0
0
0
0
4
9
23
26
28
29
33
41
45
48
9
13
16
19
20
21
35
42
45
48
0
3
4
6
7
9
24
30
31
33
15
20
23
26
27
28
41
53
56
59
24
30
33
36
37
40
48
59
62
65
26
33
36
39
41
42
44
49
52
55
12
17
19
21
22
25
38
47
49
51
6
11
13
15
17
24
36
44
46
49
5
8
11
14
16
18
32
38
41
44
8
12
14
16
17
19
36
44
46
48
5
9
11
13
14
15
22
28
35
39
7
12
15
18
20
21
27
33
36
39
14
17
21
24
26
28
38
48
51
54
14
20
31
36
38
39
44
58
61
64
9
14
16
18
21
23
36
46
48
50
17
25
28
29
30
32
39
51
54
55
15
21
24
28
29
30
32
39
42
45
8
13
15
17
19
22
29
36
38
40
2
7
8
10
12
14
15
20
22
30
23
27
30
33
34
35
37
44
48
51
27
34
37
40
42
43
45
55
58
61
8
16
19
22
24
25
40
52
55
58
16
21
24
27
28
29
38
46
50
53
1
5
7
8
9
10
28
37
39
40
19
25
27
29
31
33
40
51
53
55
0
4
6
8
9
11
32
42
44
48
0
3
8
11
14
15
28
33
36
39
4
10
13
14
15
17
36
45
48
49
10
14
16
19
21
33
42
52
54
55
23
30
33
36
38
39
41
48
51
54
3
9
11
14
15
16
28
34
39
41
12
16
17
19
20
22
24
30
32
34
14
19
21
25
29
31
37
46
48
50
7
11
13
15
16
18
27
36
40
42
3
8
10
12
14
16
31
41
43
45
25
31
34
35
36
38
40
49
52
53
9
19
21
23
25
27
33
42
44
47
1
6
7
9
11
13
14
19
22
28
22
25
27
29
30
32
35
42
43
45
23
28
31
32
33
35
38
49
53
54
5
9
11
12
13
20
49
61
64
65
13
16
19
22
24
26
30
36
43
46
18
23
25
27
28
30
32
37
40
42
27
34
37
40
42
44
46
57
60
63
26
31
34
37
39
41
43
46
49
52
6
11
13
15
17
19
22
28
32
34
8
15
18
19
21
23
31
39
42
43
23
31
34
35
36
38
40
50
53
54
18
23
27
30
32
34
45
56
59
62
3
6
9
12
13
15
19
24
25
29
66
