time_cost:7161ms
ontime_proportion:0.611111
max_delay:27
avg_delay:4.344444
avg_flowtime:31.655556
object function value:3944.074074
0
0
0
0
0
0
1
20
23
24
25
0
0
0
0
0
1
15
18
20
21
0
2
4
5
7
9
20
24
26
27
0
0
0
0
1
2
23
29
31
32
0
0
0
0
1
3
18
24
25
27
0
0
0
0
0
0
0
0
0
3
0
4
6
9
11
13
18
27
29
32
0
3
4
5
6
7
20
23
24
25
0
0
0
0
0
0
0
0
5
8
0
0
0
0
0
0
23
29
32
36
0
0
0
1
4
5
36
45
48
51
0
0
0
0
0
0
18
27
29
33
0
0
0
0
2
3
26
38
41
42
4
10
13
16
17
18
35
44
47
50
0
0
1
3
4
6
34
43
44
46
0
0
0
0
0
0
27
39
42
43
0
0
0
0
0
0
0
0
0
2
0
0
0
0
0
0
0
0
0
0
0
0
0
0
0
2
24
36
37
38
0
0
0
1
3
4
23
32
34
35
0
0
0
0
0
0
13
30
33
35
0
0
0
0
0
0
0
0
0
1
0
0
0
0
0
0
21
27
29
33
0
0
0
0
0
0
33
42
46
49
0
0
0
0
0
0
13
18
21
24
0
0
0
0
0
0
0
0
0
0
0
0
0
0
0
0
0
1
20
23
0
0
0
0
0
0
0
0
0
0
0
0
0
0
0
0
0
0
1
4
0
0
0
0
0
0
0
0
3
6
0
0
0
0
0
0
16
31
38
41
0
0
2
4
5
6
39
48
51
53
0
0
0
0
0
0
0
21
38
42
0
0
3
5
6
7
16
30
33
35
0
0
0
0
0
0
0
0
0
0
0
0
0
0
0
0
0
2
4
7
0
0
0
0
0
0
0
1
3
7
0
0
0
0
2
4
26
37
38
39
0
0
0
0
0
0
0
0
0
0
0
0
1
2
4
5
17
21
23
24
1
4
7
10
12
14
20
26
29
35
18
25
26
27
28
29
30
33
34
35
8
12
19
21
24
26
28
35
36
38
8
15
18
19
21
22
37
48
51
52
8
13
14
16
18
20
23
29
30
31
4
7
10
13
15
17
21
29
35
38
18
24
25
26
27
28
29
32
33
34
8
13
14
15
16
18
23
29
30
31
10
14
16
17
19
20
21
26
28
29
18
26
27
28
30
31
32
38
39
40
4
9
12
14
15
16
29
36
39
41
7
16
19
20
24
25
38
48
51
53
3
8
10
15
17
19
20
25
31
34
12
19
20
21
26
28
42
53
54
55
2
6
9
11
12
13
28
34
37
39
3
7
10
17
19
21
26
36
39
42
12
17
19
20
22
24
25
33
35
36
0
5
7
10
13
15
21
35
37
44
6
13
16
18
19
22
39
51
54
56
2
10
13
19
21
23
33
39
42
45
0
3
6
9
11
13
15
18
21
26
13
17
18
19
20
21
22
25
26
27
1
10
13
15
25
26
32
39
42
44
12
16
17
19
22
23
24
28
29
30
6
14
16
17
20
22
23
26
28
29
10
18
21
22
28
29
43
54
57
58
20
26
27
28
30
31
32
37
38
39
15
23
24
25
31
33
43
54
55
56
5
8
12
15
17
19
34
42
45
48
0
4
7
10
11
12
16
20
41
44
8
16
17
18
21
23
25
30
31
32
0
3
5
6
8
9
24
31
33
37
13
20
23
24
25
26
40
51
54
55
10
19
21
22
25
27
41
51
53
54
17
24
26
27
29
30
31
34
36
37
9
15
19
20
26
28
32
37
41
42
15
24
26
27
29
30
31
34
36
37
13
17
18
19
23
24
25
28
29
30
3
8
10
13
15
17
27
33
35
38
5
12
15
17
24
25
28
33
36
37
1
6
9
12
14
16
28
41
43
47
9
16
19
21
23
25
37
47
49
51
12
17
18
21
23
24
26
29
30
32
6
13
16
19
20
21
35
45
55
58
5
10
13
16
27
29
32
39
44
45
1
5
15
18
26
28
30
36
41
45
13
21
24
26
31
32
43
54
57
58
8
14
17
19
33
35
47
57
58
60
5
11
15
19
32
33
45
55
58
60
13
21
24
25
33
34
44
57
60
61
62
