time_cost:10209ms
ontime_proportion:0.566667
max_delay:33
avg_delay:6.788889
avg_flowtime:31.955556
object function value:4398.518519
0
23
29
33
35
36
37
39
43
45
47
0
0
0
0
0
0
0
2
4
6
0
0
0
0
0
0
0
0
0
0
0
0
0
0
0
0
0
0
1
4
0
0
0
0
0
0
0
0
0
0
0
4
6
8
10
13
35
44
46
48
0
0
0
0
1
2
28
33
37
42
0
0
0
0
2
5
43
53
55
57
0
0
0
0
0
0
0
0
0
1
0
0
0
0
2
4
32
36
40
42
0
0
2
4
6
8
20
25
27
32
0
0
0
0
0
1
19
25
26
28
0
3
5
7
8
9
28
33
38
41
19
22
26
29
31
32
34
39
42
45
0
0
0
0
0
0
14
21
35
37
0
1
4
5
6
8
14
22
25
26
0
0
0
0
0
1
30
36
38
40
0
0
0
0
0
0
0
0
0
2
0
0
0
0
0
0
0
0
0
0
0
0
0
0
0
4
37
46
49
52
0
0
0
0
0
0
0
0
0
0
0
1
2
10
17
19
31
36
42
47
0
0
0
0
0
0
0
0
0
1
0
0
0
0
0
0
0
0
0
0
0
0
0
0
0
0
0
0
7
17
0
0
0
0
0
0
0
0
2
8
0
0
0
0
0
0
0
0
2
3
0
0
0
1
3
6
47
57
61
62
0
2
4
6
8
10
25
32
34
36
0
0
0
0
0
0
44
55
57
58
0
0
0
0
1
3
22
30
32
34
0
1
4
7
8
12
34
41
44
47
0
0
0
0
0
0
0
0
0
1
0
0
0
0
0
4
35
40
46
48
0
0
0
0
0
0
34
43
48
49
0
19
22
25
27
29
40
50
54
57
2
37
39
41
42
44
47
57
59
61
0
0
0
0
1
2
21
25
29
31
0
0
0
0
0
0
0
0
1
3
0
0
0
0
1
2
25
30
33
36
11
15
18
20
21
22
24
28
30
33
2
7
10
11
12
14
18
25
28
29
9
14
17
20
22
23
25
30
33
38
10
14
15
17
24
28
38
46
47
49
8
17
31
33
35
37
38
43
44
46
3
7
9
11
12
14
16
20
24
29
6
12
14
15
17
18
31
39
41
42
31
38
39
41
42
44
45
49
50
52
39
48
50
51
52
53
55
59
61
62
10
15
16
19
23
25
26
31
32
34
7
14
18
20
21
24
25
28
31
33
9
13
15
16
19
32
48
58
60
62
15
22
28
30
32
34
40
51
53
56
4
9
11
13
25
27
35
40
43
49
10
13
14
16
17
19
20
24
25
27
11
16
17
23
28
31
46
53
56
59
4
12
15
18
19
20
22
25
28
32
6
11
14
17
19
20
22
27
34
39
7
11
12
14
15
17
18
21
22
24
21
28
30
32
33
34
36
42
44
46
10
15
17
19
20
21
27
35
37
39
21
27
28
30
31
33
43
50
52
54
13
17
31
34
35
36
46
55
58
61
3
8
11
12
13
15
23
30
37
38
1
8
10
15
26
29
39
50
52
54
13
18
21
24
25
26
28
32
35
38
2
6
8
9
10
11
15
19
22
23
1
4
5
9
11
13
31
35
39
41
6
11
13
15
16
18
29
36
38
40
0
5
8
13
15
16
20
26
29
32
0
4
6
8
9
11
26
34
36
38
13
18
20
22
25
27
32
37
41
43
8
11
12
14
15
17
18
21
22
24
10
15
18
19
20
22
24
29
32
33
4
10
13
14
15
17
28
36
47
48
25
33
36
37
38
40
42
47
51
52
0
5
7
9
10
12
14
18
23
30
7
13
16
17
18
20
22
27
30
31
5
10
13
16
17
23
30
40
43
44
13
18
21
22
23
25
27
32
36
37
5
9
11
13
23
27
34
44
46
49
0
4
6
8
9
10
18
22
24
26
33
39
42
45
47
49
51
54
57
60
3
8
11
12
13
15
17
22
25
27
18
23
25
27
29
31
33
38
40
45
15
20
22
25
27
29
30
35
37
39
16
24
27
28
29
31
41
52
55
56
1
6
8
10
21
25
35
46
48
50
12
17
19
21
22
24
30
38
40
42
9
16
20
22
27
29
36
42
45
48
63
