time_cost:6874ms
ontime_proportion:0.488889
max_delay:34
avg_delay:7.666667
avg_flowtime:37.022222
object function value:5345.185185
0
0
0
0
0
0
0
17
24
27
30
0
0
0
0
0
0
17
22
25
28
0
0
0
0
0
0
20
27
30
33
0
0
0
0
0
0
17
33
34
36
0
0
0
0
0
0
0
0
0
2
0
0
0
0
0
0
32
41
43
44
0
0
0
0
0
1
31
38
44
46
0
0
0
2
4
6
23
34
36
38
0
0
0
0
0
0
0
0
0
0
0
0
0
0
0
0
0
0
1
3
0
0
0
0
2
4
17
25
28
31
0
0
0
0
0
0
42
52
55
58
0
0
0
0
0
2
20
30
33
36
0
5
7
11
13
15
23
34
36
40
0
0
0
0
0
0
28
35
38
39
0
2
4
6
7
8
30
38
40
42
0
0
0
0
0
0
0
0
1
3
0
3
4
6
7
9
28
37
44
46
0
0
0
0
0
0
0
0
0
0
0
0
0
0
0
0
0
0
0
4
0
0
0
0
2
3
20
29
38
41
0
0
0
0
0
0
0
0
2
4
0
0
0
0
1
4
22
32
34
38
0
1
3
4
5
6
42
56
58
59
0
0
0
0
0
0
28
37
47
51
0
5
7
9
11
13
25
36
38
42
0
0
0
0
2
3
37
44
48
51
0
0
0
0
3
5
27
36
38
40
0
0
0
0
0
0
0
1
3
5
0
0
0
0
0
0
0
0
0
1
0
0
0
0
0
2
22
29
33
35
0
2
4
6
8
10
23
34
36
40
0
0
0
0
0
0
27
36
41
44
0
2
4
6
8
10
20
29
31
33
0
0
0
0
1
2
30
40
42
44
0
0
0
0
0
0
0
0
0
2
0
0
0
0
0
0
0
0
0
1
0
0
0
0
0
0
0
0
0
0
0
0
0
0
0
0
0
0
0
0
13
21
23
25
38
41
45
57
61
63
13
18
20
22
23
25
31
40
42
44
7
13
16
18
19
21
28
37
40
41
8
18
27
30
31
32
39
50
53
56
9
16
18
20
24
27
30
40
42
45
2
5
8
11
13
15
17
23
26
29
16
22
24
27
28
31
34
44
46
47
10
18
27
30
31
37
41
51
54
57
12
17
23
25
26
27
31
42
44
46
10
16
23
26
27
29
34
42
44
47
1
4
7
13
16
18
20
26
50
53
5
10
12
14
16
20
25
35
37
46
15
21
23
24
26
29
33
42
44
45
16
26
30
31
32
33
35
44
46
48
11
23
26
27
28
30
34
46
49
50
10
15
16
18
20
22
23
34
35
37
14
20
21
23
24
26
27
30
31
33
20
27
31
33
34
36
38
46
52
54
2
7
10
13
15
17
20
31
34
42
16
26
28
29
38
43
46
59
63
64
10
15
17
21
27
31
34
44
46
48
1
7
10
13
15
17
20
28
31
34
1
4
7
10
12
14
19
30
37
48
2
7
10
13
15
16
22
31
39
42
17
26
29
31
32
34
35
40
57
59
11
21
22
24
26
28
29
39
40
44
18
28
31
33
34
36
39
47
50
52
8
20
24
27
29
31
41
53
56
57
9
17
20
23
30
39
42
55
58
61
5
9
12
15
17
19
21
31
42
45
11
23
26
27
36
38
42
54
57
58
4
10
14
19
21
23
25
33
35
50
12
19
22
29
31
35
38
47
51
52
4
10
13
16
18
20
33
41
45
48
5
11
16
19
21
23
32
41
46
49
5
10
13
16
18
19
23
34
45
49
12
22
23
25
27
29
30
38
40
42
6
12
15
18
20
22
24
38
47
50
7
14
17
23
25
27
34
43
48
52
14
18
19
21
22
24
25
28
29
31
4
12
18
23
32
37
39
49
52
55
8
15
18
21
23
25
36
44
50
53
16
28
30
31
33
42
45
58
62
63
3
13
15
17
19
21
28
39
42
53
1
6
9
12
14
15
36
47
51
54
7
19
22
28
29
33
35
46
49
50
3
8
11
15
17
18
37
49
59
62
13
23
26
27
36
40
44
58
62
63
7
12
15
20
31
35
38
48
52
55
8
15
19
22
24
26
39
48
59
62
0
8
13
21
29
33
35
46
50
55
65
