time_cost:5150ms
ontime_proportion:0.566667
max_delay:31
avg_delay:6.633333
avg_flowtime:34.488889
object function value:4482.962963
0
0
0
2
4
5
7
17
22
27
29
0
0
0
0
0
0
28
32
43
49
0
0
0
0
0
0
0
0
1
3
0
0
0
0
0
0
0
2
4
6
0
0
0
0
6
11
33
42
49
52
0
0
0
0
0
0
13
20
30
33
0
10
13
15
16
18
19
23
27
29
0
0
0
0
0
0
25
36
41
46
0
0
1
3
8
10
34
40
52
55
0
0
0
0
0
0
19
26
30
32
0
0
0
0
0
0
0
0
2
7
0
0
0
0
0
0
31
38
46
49
0
0
0
0
6
9
30
39
46
48
0
0
0
0
0
0
0
0
38
43
0
0
0
0
4
9
27
36
42
45
0
0
0
0
0
0
0
0
2
5
0
0
0
1
3
4
21
28
33
36
0
0
0
1
3
5
22
29
33
44
0
0
0
3
5
6
10
17
19
22
0
0
0
0
0
1
13
17
26
28
0
0
0
0
0
0
37
47
54
56
0
0
0
0
0
0
0
0
0
0
0
0
0
0
0
0
19
29
32
34
0
0
0
0
1
2
19
27
29
32
0
0
0
0
1
7
23
34
39
41
0
0
0
0
0
0
0
0
0
5
0
0
0
3
5
6
33
42
53
55
0
0
0
0
0
0
0
0
0
1
0
0
0
0
1
3
13
21
26
28
0
0
0
0
4
8
25
34
39
42
0
0
0
0
0
0
0
0
0
0
0
0
0
0
2
3
12
17
19
31
0
7
19
21
24
26
35
46
52
55
0
0
0
2
3
5
20
31
34
36
0
0
0
0
0
0
0
0
0
0
0
0
0
0
0
1
28
34
40
42
0
0
2
5
8
14
33
44
50
58
0
0
0
0
2
3
13
21
29
31
0
0
0
0
0
5
26
32
38
41
0
0
0
0
0
0
0
1
3
4
4
9
10
13
15
16
18
23
24
27
12
17
22
25
27
28
30
33
35
38
8
13
14
18
20
23
33
38
50
56
5
10
13
15
17
18
20
24
27
29
0
4
6
9
13
15
16
20
22
25
12
18
27
34
36
37
39
43
48
50
1
5
7
11
12
13
15
19
25
27
0
14
17
19
21
22
25
31
37
39
29
37
43
46
48
49
51
56
57
60
3
6
9
12
14
15
17
20
23
27
9
15
18
22
24
25
37
46
53
60
24
29
36
38
40
41
43
47
51
53
25
30
35
38
40
42
43
47
49
52
4
10
12
14
18
20
37
45
55
57
11
17
21
24
26
27
29
33
34
37
0
3
5
12
16
18
27
32
38
41
21
27
31
34
36
37
39
44
47
50
1
5
7
9
10
11
16
27
32
34
29
36
42
45
47
48
50
54
56
59
11
22
25
27
28
30
33
41
52
54
24
28
34
36
38
39
40
43
46
47
0
5
6
9
11
12
14
19
20
23
1
5
8
10
12
13
15
19
22
24
4
8
10
12
15
16
21
28
32
34
6
12
17
19
21
22
24
28
31
40
17
25
29
31
32
33
35
39
41
45
23
31
37
39
40
42
44
48
50
54
5
9
12
14
16
19
33
39
48
50
23
30
34
37
39
40
42
47
48
51
9
17
24
27
28
30
39
49
58
60
8
13
15
19
22
26
37
40
53
54
5
11
16
18
19
27
37
45
54
56
15
24
29
32
34
35
37
41
44
47
9
15
18
21
23
24
30
37
45
48
5
12
14
20
22
24
30
38
45
48
3
7
9
13
14
17
27
35
41
44
3
8
10
12
13
15
16
21
23
25
9
15
18
26
28
29
32
37
43
44
13
25
28
30
32
33
35
39
44
46
9
15
17
18
20
21
22
27
31
42
8
12
14
15
17
20
31
36
43
44
7
13
15
17
18
19
21
25
28
30
9
14
15
21
23
24
26
31
36
39
5
9
12
14
17
21
35
44
53
55
4
8
11
14
23
27
38
48
56
58
0
6
9
11
15
17
18
23
25
27
8
14
15
20
22
25
32
38
46
51
29
34
41
43
44
45
47
51
54
56
11
15
18
19
21
22
28
34
39
45
0
4
6
9
11
13
14
18
20
23
62
