time_cost:6084ms
ontime_proportion:0.622222
max_delay:35
avg_delay:4.088889
avg_flowtime:31.522222
object function value:3828.518519
0
0
0
0
0
0
0
0
0
0
1
0
5
6
9
10
12
36
41
42
45
0
0
0
0
0
0
0
0
1
3
0
0
0
0
1
3
24
29
31
35
0
0
0
0
0
0
0
0
0
2
0
0
0
0
0
0
0
0
1
2
0
0
0
0
0
0
0
0
0
1
0
4
5
6
8
10
27
31
32
33
0
0
0
0
0
0
33
40
42
44
0
0
0
0
0
0
0
0
1
2
0
0
2
3
5
6
19
22
24
25
0
0
0
0
0
0
0
0
0
3
0
0
0
0
0
0
0
1
2
3
0
0
0
1
2
3
30
34
35
36
0
2
5
6
8
10
25
29
32
33
0
0
0
0
0
0
0
0
0
0
0
0
0
0
0
0
0
0
3
6
0
0
0
0
1
3
24
27
28
29
0
5
7
8
13
19
22
26
27
28
0
0
0
0
2
4
15
20
23
24
0
0
0
0
0
0
0
0
2
5
0
0
0
0
0
0
22
27
29
30
0
0
0
0
0
0
0
0
0
0
0
0
0
0
0
0
25
30
31
33
0
3
5
7
10
12
39
42
44
46
0
0
0
0
0
0
14
18
20
23
0
0
0
0
0
0
18
21
23
24
0
0
0
0
0
0
0
2
3
4
0
0
1
2
4
6
29
33
34
35
0
0
0
0
0
1
35
40
41
42
0
3
5
7
8
10
16
19
21
23
0
0
0
0
3
5
37
42
44
47
0
0
0
0
0
0
25
28
30
31
0
0
0
0
1
4
40
45
46
49
0
0
0
0
5
7
38
42
45
47
0
0
0
0
3
5
23
26
27
28
0
0
0
0
3
6
41
46
48
50
0
0
0
0
0
0
29
32
34
35
0
1
2
4
5
6
23
27
28
29
0
0
0
0
0
1
14
18
21
22
2
6
9
10
12
14
25
30
33
37
7
12
13
16
17
18
42
47
49
52
12
15
16
17
18
21
23
26
27
31
3
8
9
12
13
14
19
24
28
31
16
21
22
23
24
26
35
41
42
43
1
5
8
9
11
13
26
34
37
39
22
26
28
29
30
32
47
50
51
52
3
8
9
10
11
21
26
31
32
33
21
25
27
28
29
30
45
49
50
51
6
13
16
19
20
21
44
49
51
54
5
12
13
17
18
20
42
47
48
51
7
11
12
13
15
17
19
25
26
32
14
18
19
20
22
24
28
32
33
35
8
13
14
15
19
22
26
31
32
34
12
19
21
23
26
28
42
48
52
54
9
14
15
18
19
22
46
51
52
55
11
16
23
25
26
28
47
52
54
56
13
16
18
19
22
27
31
34
35
36
12
16
17
18
22
25
30
34
35
36
9
14
15
19
20
23
27
32
33
34
18
21
27
29
30
32
41
44
54
56
8
12
13
15
17
19
21
25
29
30
4
9
11
13
14
15
18
23
25
32
0
3
5
8
10
12
16
23
25
27
9
14
18
24
27
33
49
54
55
58
15
18
20
21
23
24
32
35
37
38
2
7
8
11
12
13
26
31
32
35
23
26
29
30
35
40
56
59
63
64
4
9
11
14
15
17
37
44
56
59
12
16
17
18
23
27
31
35
36
37
10
15
16
20
21
35
52
57
60
63
14
19
25
27
28
29
47
52
56
58
1
5
8
11
13
15
32
36
39
40
7
12
14
16
17
24
27
32
34
36
17
22
24
26
27
29
50
55
58
60
14
18
19
20
24
26
29
33
34
38
1
4
6
8
9
11
16
28
30
32
21
26
27
28
32
37
52
57
59
60
3
7
10
13
15
17
19
27
30
33
3
11
14
15
17
19
31
37
40
41
5
9
12
13
15
17
33
37
40
43
9
12
14
16
24
28
32
35
37
39
9
14
20
23
28
35
51
56
58
61
5
9
12
13
19
33
49
53
62
63
21
24
26
27
29
30
34
39
41
42
4
9
11
14
21
25
31
36
37
40
11
14
16
18
24
29
32
35
37
40
18
23
24
25
32
37
54
59
61
62
19
22
28
30
33
39
53
56
60
62
18
24
26
29
34
39
55
58
62
63
65
