time_cost:6110ms
ontime_proportion:0.555556
max_delay:31
avg_delay:6.300000
avg_flowtime:36.911111
object function value:4674.814815
0
0
0
0
0
0
0
15
22
25
28
0
0
0
0
0
0
0
1
4
7
0
0
0
0
0
0
0
0
2
4
0
0
0
0
8
10
26
36
39
40
0
0
0
0
10
12
27
36
38
39
0
0
0
0
0
1
14
20
23
27
0
0
0
3
5
6
11
19
22
25
0
0
0
0
0
0
34
39
42
43
0
0
0
2
3
5
23
30
32
34
0
0
0
0
0
0
0
22
25
28
0
2
3
5
6
8
35
39
40
43
0
0
0
0
8
11
24
34
36
38
0
0
0
0
2
4
30
35
37
39
0
0
0
0
0
0
0
0
0
0
0
0
0
0
0
0
0
0
5
8
0
0
0
0
1
4
40
44
46
47
0
0
0
0
0
0
0
1
5
7
0
0
2
4
6
8
18
28
30
32
0
2
3
5
6
8
21
28
29
31
0
0
0
0
0
0
18
25
34
37
0
0
0
2
4
6
18
28
30
35
0
0
0
0
0
0
27
38
41
42
0
4
7
8
9
11
38
43
46
47
0
0
0
0
0
0
29
34
36
38
0
0
0
0
0
0
0
0
0
1
0
2
4
5
10
15
30
38
40
43
0
0
0
0
0
2
37
41
44
46
0
4
6
7
8
9
39
43
45
46
0
0
1
3
4
5
41
46
48
50
0
0
0
0
0
9
28
39
42
43
0
0
0
0
0
0
0
0
0
0
0
0
0
0
1
2
35
40
46
49
0
0
0
1
2
6
41
45
47
48
0
0
1
3
4
7
41
46
48
50
0
0
0
0
1
3
16
26
28
30
0
0
0
0
2
4
19
31
32
34
0
0
0
0
0
2
23
32
34
36
0
0
0
0
0
10
43
47
49
50
0
0
0
0
0
0
0
0
0
1
0
3
6
9
11
13
15
25
33
36
0
3
4
6
13
17
36
46
48
51
11
15
22
24
29
31
44
48
50
52
1
6
9
12
14
15
22
27
31
34
6
12
14
16
17
19
26
36
42
44
5
11
14
15
19
21
31
41
44
45
14
18
20
21
30
35
39
49
52
53
18
22
26
27
33
34
43
48
50
51
3
8
10
12
14
16
28
33
35
37
13
18
19
21
23
25
33
38
39
41
11
18
20
21
25
27
31
42
44
45
10
16
18
20
21
22
24
34
40
42
12
18
21
23
26
30
35
43
44
46
19
24
28
30
31
33
38
50
51
53
18
22
25
27
33
34
45
49
51
53
2
5
8
14
16
18
20
23
26
30
2
7
10
14
16
17
22
27
30
33
3
6
9
12
14
16
23
33
39
44
3
8
11
22
24
26
28
31
37
41
6
13
16
17
20
23
31
40
43
44
6
11
15
17
23
28
34
44
46
48
12
17
18
20
25
27
32
37
38
40
13
19
21
23
25
27
30
35
36
39
5
10
13
16
18
19
22
27
30
33
4
10
13
15
22
25
33
44
46
48
21
25
28
30
31
33
37
42
52
54
1
4
7
10
12
14
18
30
36
39
4
9
12
18
20
21
23
30
42
45
5
10
12
14
16
18
27
33
40
43
10
13
18
21
23
25
27
30
33
36
6
12
15
18
20
21
24
30
33
36
18
23
26
28
34
36
47
51
53
55
18
24
27
28
38
41
51
56
58
59
8
14
17
19
26
29
36
46
48
51
1
9
12
16
18
20
22
29
31
33
14
20
22
24
30
33
38
48
50
51
0
3
4
6
7
9
38
43
54
56
14
20
24
26
34
38
47
53
55
57
10
18
23
26
35
36
49
53
57
60
0
5
16
20
22
23
27
38
41
44
9
16
21
22
27
29
45
50
53
54
13
19
21
23
27
29
32
37
38
52
10
16
19
21
28
31
37
47
50
52
2
7
10
16
22
24
32
44
47
50
22
25
29
31
37
40
50
55
56
58
7
14
16
24
28
31
37
47
50
52
8
15
20
22
29
31
45
51
54
55
7
12
15
18
21
23
25
36
43
46
17
21
27
29
36
40
48
54
56
58
15
20
23
25
36
38
50
56
58
60
10
16
18
20
29
33
38
49
51
53
61
