time_cost:7215ms
ontime_proportion:0.700000
max_delay:22
avg_delay:3.555556
avg_flowtime:26.977778
object function value:2899.259259
0
0
0
0
0
0
0
29
34
37
38
0
0
0
0
0
0
0
0
1
3
10
14
16
20
21
22
28
33
35
38
0
0
0
0
0
0
42
47
48
49
11
15
16
17
22
26
31
35
36
37
0
0
0
0
0
2
16
19
21
23
0
0
0
0
0
3
22
27
28
29
0
0
0
0
0
0
0
0
2
4
0
0
0
0
0
0
0
0
0
0
0
0
0
0
0
0
0
0
0
0
0
0
0
0
0
0
0
0
1
2
0
0
0
1
2
8
32
37
39
41
0
3
4
5
6
8
27
30
31
32
0
0
0
0
0
0
0
0
0
2
0
0
0
0
0
1
31
37
39
41
0
0
0
0
0
0
0
0
1
4
0
0
0
0
0
0
0
0
0
8
0
0
0
0
0
0
0
1
3
4
19
23
24
25
27
29
31
35
37
38
0
0
0
0
4
7
28
34
36
40
0
0
0
0
0
0
0
0
0
13
0
0
0
0
0
0
13
18
19
21
0
0
0
0
0
0
0
1
3
5
0
0
1
3
5
17
38
42
43
44
0
0
0
0
0
0
36
40
42
45
20
24
25
26
28
30
39
43
44
45
24
28
29
30
32
34
38
42
43
44
0
0
0
0
1
2
20
25
26
29
0
0
0
0
0
0
0
0
1
5
0
0
0
0
0
0
0
2
6
9
0
0
0
0
0
0
0
0
0
0
0
0
0
0
0
0
0
2
4
6
0
0
0
0
0
0
0
0
0
0
0
0
0
0
1
6
33
39
41
44
0
0
0
0
0
1
21
25
26
27
0
0
0
1
3
5
23
27
28
32
0
0
0
0
0
0
0
0
0
2
0
0
2
3
5
7
34
38
41
42
0
0
0
0
2
4
19
23
26
27
0
0
0
1
2
4
38
41
42
43
5
9
10
11
22
25
29
33
36
37
10
13
15
17
18
20
38
44
46
48
1
4
5
6
7
9
23
27
31
32
9
14
15
18
21
23
25
30
31
34
3
6
8
10
11
13
15
18
20
22
9
13
16
17
19
21
25
29
32
33
19
22
26
28
29
31
33
36
38
40
3
6
8
10
11
13
22
25
28
30
12
15
17
18
20
22
23
27
30
32
27
32
34
37
38
40
41
46
48
51
18
23
25
27
28
29
30
35
37
39
30
34
35
36
37
38
40
44
45
46
9
13
14
15
17
19
23
27
29
30
13
17
18
19
21
23
33
37
38
42
25
29
30
31
32
33
35
39
40
41
3
6
8
9
11
12
25
28
30
31
12
17
19
23
24
25
26
31
33
35
9
12
14
16
17
19
28
33
35
39
0
3
5
6
10
11
22
25
28
29
15
19
20
21
26
32
41
45
46
47
8
15
17
19
20
21
37
42
44
46
3
6
8
11
13
19
42
45
47
48
11
16
17
20
21
23
26
32
33
36
2
5
6
7
8
10
17
20
21
22
7
10
11
13
14
16
18
21
22
23
2
5
6
7
8
10
21
25
27
28
14
19
21
23
24
25
37
42
44
46
6
9
11
13
14
16
17
20
22
24
13
16
18
21
25
26
38
43
45
46
13
17
20
21
23
25
27
31
34
35
4
10
28
31
32
34
36
41
43
47
8
12
15
16
18
20
22
26
30
31
0
3
4
5
6
8
19
24
27
28
2
7
8
9
10
12
30
36
38
39
6
11
13
16
25
29
36
42
44
46
0
3
5
7
9
11
18
21
23
25
14
18
19
20
23
27
35
39
40
41
2
6
9
10
16
18
26
30
34
35
9
13
14
15
17
27
42
46
47
48
13
16
21
23
25
28
35
38
40
42
3
8
10
13
14
16
17
22
24
27
6
11
12
15
16
17
33
38
39
44
4
9
10
13
14
15
17
22
23
26
1
4
6
7
9
10
25
28
30
35
3
8
9
12
13
14
16
21
22
25
6
11
12
15
16
17
31
36
37
40
11
14
16
18
19
21
35
38
41
43
6
10
12
13
15
22
41
45
46
47
14
19
20
21
22
27
39
44
46
48
5
9
10
11
12
13
21
26
27
28
52
