time_cost:6586ms
ontime_proportion:0.577778
max_delay:33
avg_delay:5.611111
avg_flowtime:34.744444
object function value:4380.370370
0
0
0
0
0
0
0
24
31
34
36
0
0
0
0
0
0
0
0
0
0
0
0
0
0
0
1
23
29
33
36
0
0
0
0
0
0
0
0
0
1
0
0
0
0
0
0
23
33
36
38
0
0
0
3
5
6
13
21
26
29
0
3
5
7
8
13
22
30
33
35
0
0
0
0
0
0
0
0
2
4
0
0
0
0
0
0
30
38
40
42
0
1
4
7
9
11
22
28
33
36
0
0
0
2
4
5
15
22
25
30
0
0
0
0
0
0
0
0
0
0
0
0
3
6
7
8
19
26
38
41
0
0
0
0
0
1
27
35
37
39
0
0
0
2
4
6
26
34
36
38
0
0
0
0
0
1
19
28
30
32
0
0
0
0
0
0
0
2
3
5
0
0
2
4
5
6
28
36
38
40
0
0
0
0
0
0
0
0
0
3
0
0
0
0
0
0
16
24
27
29
0
0
0
0
0
0
0
0
0
0
0
0
0
0
0
0
12
20
24
26
0
0
2
5
7
9
16
21
24
27
0
0
0
0
0
0
16
24
29
32
0
0
0
2
3
4
36
45
47
49
0
0
0
0
0
0
0
0
1
4
0
0
0
0
0
2
35
49
52
53
0
0
0
0
0
0
0
0
0
0
0
0
0
0
0
0
0
0
0
0
0
0
0
0
0
0
9
13
23
25
0
0
0
0
1
3
26
35
38
39
0
0
0
0
0
0
0
0
0
0
0
0
0
0
1
3
31
40
42
43
0
3
5
7
9
11
19
29
31
33
0
0
0
0
0
0
0
0
0
0
0
0
0
0
2
7
31
42
44
45
0
5
8
9
11
13
31
41
44
45
0
3
5
7
8
9
34
43
48
50
0
0
0
0
0
0
34
44
50
52
0
0
0
0
0
0
0
0
0
0
0
3
6
9
10
11
18
32
35
38
2
7
10
13
15
16
21
29
32
35
1
6
9
12
14
15
23
31
42
45
7
13
16
19
21
23
31
37
40
43
11
19
21
23
24
28
31
44
46
48
0
5
8
11
12
19
24
32
39
42
6
10
14
17
18
21
27
36
39
42
5
10
13
16
18
19
23
32
39
43
12
20
23
25
28
31
38
47
50
52
6
12
14
16
18
21
25
34
36
40
16
24
26
27
30
33
37
46
49
50
2
9
12
15
17
18
29
38
42
46
0
5
7
9
11
13
24
32
35
39
3
10
12
14
16
20
28
36
38
43
10
17
19
21
28
32
36
46
48
50
14
22
24
27
31
35
41
49
54
56
8
11
14
17
18
20
28
37
45
48
4
10
12
21
23
25
26
31
32
34
13
22
24
26
30
35
40
49
52
54
7
14
19
22
24
26
32
40
45
48
19
27
29
31
32
34
40
48
52
54
18
26
29
31
32
38
43
51
54
56
8
14
17
20
22
25
33
41
45
48
11
17
20
22
23
24
30
39
42
44
9
14
17
20
21
22
28
38
41
44
12
17
20
22
26
32
36
47
50
52
20
28
31
33
34
37
40
48
50
52
20
27
31
33
34
39
43
52
53
55
10
17
20
22
23
27
38
52
56
57
11
19
22
23
26
29
42
51
56
57
20
26
27
29
36
40
45
53
55
57
3
8
10
12
14
16
21
29
31
42
11
19
22
23
25
28
44
55
59
60
16
24
27
29
31
37
43
54
57
59
1
6
9
12
14
15
18
26
35
39
15
19
22
24
25
27
36
46
47
49
8
14
16
18
19
30
35
46
49
51
12
19
22
24
25
30
35
44
48
51
17
26
28
29
36
39
46
54
57
58
15
22
25
27
37
41
46
56
58
60
2
7
16
19
21
22
31
40
43
46
10
16
21
24
27
30
34
43
57
60
7
12
15
17
19
24
26
35
37
45
4
9
12
14
16
18
23
32
33
35
5
8
11
14
16
18
20
25
28
32
8
16
19
20
21
23
31
41
44
45
3
11
14
15
19
26
35
47
51
52
16
24
26
28
38
41
47
56
60
62
9
14
17
21
22
28
34
44
48
51
21
28
29
31
38
43
47
58
60
62
63
