time_cost:5002ms
ontime_proportion:0.644444
max_delay:30
avg_delay:3.366667
avg_flowtime:33.977778
object function value:3688.148148
0
0
0
1
3
4
6
32
36
40
42
0
0
0
0
0
0
45
49
56
59
0
0
0
0
0
0
0
0
0
1
0
0
0
1
2
4
20
25
28
29
0
0
0
0
0
0
22
26
30
33
0
0
2
5
8
10
38
43
47
50
0
0
0
0
1
3
18
23
25
28
0
0
0
0
0
0
0
0
0
2
0
0
0
0
0
0
0
0
0
0
0
0
0
0
0
0
0
0
1
4
0
0
0
0
3
5
18
21
23
26
0
0
1
3
6
8
22
28
31
32
0
0
0
0
0
0
16
21
26
31
0
0
0
0
0
2
19
24
26
27
0
0
0
0
0
0
0
0
0
0
0
1
3
4
5
6
20
23
25
27
0
0
0
0
0
0
4
6
10
11
0
0
0
0
0
1
15
25
28
31
0
2
5
6
7
9
25
29
32
33
0
0
0
0
0
0
23
28
31
32
0
0
0
0
0
0
0
0
0
1
0
0
0
0
0
0
0
0
3
5
0
0
0
0
0
0
0
0
0
1
0
0
0
0
0
0
0
0
0
0
0
4
5
8
19
21
31
35
39
41
0
0
0
2
3
5
40
43
51
54
0
2
3
6
8
10
22
28
31
35
0
2
7
10
12
14
22
26
33
36
0
0
0
0
1
2
26
29
31
32
0
0
0
0
0
0
16
20
23
24
0
4
6
7
8
10
25
30
32
33
0
1
3
4
5
6
19
22
24
25
0
0
0
0
0
0
0
0
0
0
0
0
0
0
0
0
0
0
0
0
0
3
5
6
10
12
23
28
30
31
0
0
0
0
0
0
15
20
29
38
0
0
0
0
0
1
28
31
34
37
0
0
0
0
0
1
21
27
36
41
0
0
0
0
1
3
33
37
42
44
0
3
5
8
9
11
38
42
48
53
4
9
12
15
16
18
21
26
29
30
2
5
17
20
21
23
42
45
52
55
8
13
16
17
18
20
29
34
38
39
18
24
28
30
31
33
34
38
41
43
9
13
20
23
25
27
43
46
52
56
3
8
11
14
16
17
22
32
35
38
2
6
7
10
12
14
29
33
34
37
5
9
10
13
15
17
27
31
32
35
18
23
27
29
30
32
35
40
44
46
9
14
16
18
19
21
26
31
33
34
0
3
5
8
10
12
26
32
34
40
5
10
13
16
18
19
26
33
37
43
15
19
22
23
26
27
31
34
37
38
2
7
10
20
22
23
24
32
35
45
0
12
17
18
29
31
34
38
42
43
9
15
20
24
34
36
43
47
54
57
17
22
28
30
33
35
38
42
46
48
5
9
10
13
15
17
31
36
39
42
7
11
13
16
18
20
29
36
38
41
5
10
13
22
24
25
26
36
39
42
11
16
19
20
23
25
33
39
43
44
4
8
9
12
14
18
35
39
43
46
1
5
19
22
25
27
34
40
44
47
16
21
24
25
26
28
36
40
47
48
11
17
19
20
21
23
25
30
33
34
13
19
21
22
23
25
27
32
34
35
0
5
6
9
11
13
35
39
42
45
10
14
23
26
35
37
44
48
55
58
10
15
22
24
25
26
29
34
38
40
12
18
21
23
27
29
31
35
37
39
20
25
30
31
32
33
37
40
46
47
18
23
26
27
29
31
42
46
55
56
10
15
18
19
20
22
37
44
48
49
1
6
9
12
14
15
21
37
42
45
14
19
20
22
27
29
33
37
40
43
2
6
7
10
13
15
39
43
48
51
8
12
15
18
23
25
30
37
45
48
12
18
20
21
27
29
39
44
51
52
4
9
12
18
20
21
30
37
48
51
12
16
23
26
36
38
46
49
57
60
6
11
16
19
21
23
31
36
41
44
19
24
29
30
33
34
40
44
51
52
9
16
19
21
37
39
43
50
59
60
9
12
16
19
29
31
37
41
45
48
6
11
14
17
28
30
39
42
48
61
15
19
25
28
38
42
47
51
58
61
10
17
20
22
31
33
35
43
47
49
14
21
26
28
40
41
46
51
60
62
13
20
22
23
39
41
46
53
60
61
6
10
13
21
31
33
35
42
44
50
63
