time_cost:2699559ms
ontime_proportion:0.733333
max_delay:29
avg_delay:4.611111
avg_flowtime:29.244444
object function value:2641.481481
0
0
3
6
7
11
18
29
41
44
45
0
0
0
0
0
0
0
0
0
0
0
0
0
0
0
0
32
37
40
43
0
0
0
1
3
7
31
45
48
49
0
0
0
0
2
4
42
49
54
56
0
0
0
0
0
0
0
0
0
0
0
0
0
0
0
0
2
9
12
21
0
0
0
0
0
0
0
0
0
2
0
0
0
0
0
2
13
24
26
28
0
0
0
2
4
6
46
51
54
56
0
0
0
3
5
6
8
14
18
21
0
0
0
0
0
1
6
12
14
17
0
0
0
0
0
0
13
22
24
25
0
0
0
0
0
1
16
20
23
25
0
0
0
0
0
0
0
0
0
0
0
0
0
0
0
0
0
0
0
1
0
0
0
0
1
4
18
27
31
32
0
0
0
0
0
0
0
18
20
22
0
0
0
0
0
0
0
4
6
10
0
0
1
6
8
10
12
17
19
21
0
2
5
6
7
9
14
21
24
25
0
0
0
0
0
0
36
45
49
52
0
0
0
0
1
3
19
24
27
28
0
1
6
8
10
17
27
38
40
42
0
0
3
7
9
10
17
26
29
32
0
0
0
0
0
0
0
17
27
29
0
0
0
0
0
0
0
0
0
0
0
3
6
7
8
10
12
17
20
21
0
0
0
0
0
0
0
2
4
8
0
0
2
4
6
8
13
20
22
25
0
0
0
2
3
5
39
43
47
49
1
23
26
27
28
30
32
38
43
44
0
0
0
0
0
0
0
0
0
0
0
0
0
0
1
3
17
26
29
33
0
0
0
0
0
0
30
43
45
46
0
0
0
0
0
0
0
0
1
5
0
0
0
0
3
5
22
32
36
39
0
0
0
0
0
4
22
35
42
47
0
0
0
0
0
0
10
22
27
29
0
0
0
1
5
8
34
49
52
55
11
15
18
21
22
23
26
29
34
37
35
39
43
45
46
48
50
54
56
58
27
36
38
40
41
44
46
51
53
55
7
12
15
20
22
24
26
29
32
35
24
35
38
41
42
43
45
48
51
54
23
26
29
32
34
36
38
41
44
47
6
13
16
19
21
24
27
32
35
39
7
14
17
20
21
22
24
27
30
33
11
14
15
17
18
22
29
32
33
35
39
44
47
49
50
52
53
56
57
59
0
5
7
9
13
20
22
35
39
41
9
15
17
19
22
25
28
40
45
47
1
6
7
9
11
13
14
19
20
22
2
6
8
10
11
12
14
20
22
24
4
7
10
13
16
18
20
23
26
34
6
11
13
15
17
19
21
27
29
31
33
37
39
41
42
44
46
51
56
58
31
37
38
40
42
44
45
50
53
56
27
33
36
37
38
40
42
49
55
56
25
41
43
45
46
47
49
53
55
57
9
12
15
18
20
22
24
29
32
37
10
15
18
19
20
21
23
30
32
33
24
30
32
34
35
37
41
47
52
54
22
35
37
38
40
42
44
48
50
52
0
3
4
6
7
9
10
13
15
18
3
6
9
12
13
14
16
19
22
26
26
32
35
36
37
39
41
46
49
50
1
4
5
7
9
11
36
39
41
43
1
5
7
9
10
16
27
40
44
46
19
30
33
36
37
38
40
44
47
50
9
17
25
27
29
31
32
40
41
43
2
6
8
10
11
13
15
19
21
23
11
16
21
23
25
27
32
40
43
45
32
36
37
39
40
42
43
46
49
51
3
8
10
12
13
15
17
21
23
25
20
33
35
37
38
40
42
47
49
51
3
8
10
13
15
17
19
24
26
28
6
9
12
15
17
19
21
24
27
30
5
10
15
21
23
24
29
42
45
49
19
26
29
32
34
35
37
42
45
48
8
13
14
17
19
21
24
29
31
34
27
37
40
43
44
45
47
50
54
57
19
32
35
38
39
40
42
45
48
51
7
11
13
14
23
26
39
44
48
49
5
10
12
14
15
16
18
22
25
27
3
7
9
11
12
13
15
19
21
23
29
35
37
39
40
42
44
48
51
53
1
7
9
11
13
14
37
41
50
52
5
9
11
13
14
15
17
21
23
25
33
38
41
43
44
46
47
50
52
54
60
