time_cost:7394ms
ontime_proportion:0.655556
max_delay:29
avg_delay:5.066667
avg_flowtime:32.977778
object function value:3543.703704
0
0
0
0
0
2
4
22
32
41
44
0
0
0
0
0
0
0
0
0
1
0
0
0
3
6
8
33
42
44
47
0
0
0
0
1
3
14
19
20
23
0
2
5
8
11
12
42
51
54
58
4
7
9
10
12
14
17
28
30
35
0
0
0
0
0
0
0
0
1
5
0
3
4
5
6
7
29
35
36
37
0
0
1
2
3
5
17
24
25
26
0
0
0
0
3
5
44
54
57
58
0
0
0
0
0
0
38
47
50
53
0
0
0
0
0
0
37
46
48
50
0
0
0
0
0
0
0
0
2
4
0
0
0
0
5
6
32
41
44
45
0
0
0
0
0
0
0
0
0
1
0
0
0
0
0
0
0
0
0
0
0
0
3
4
5
6
14
20
23
24
0
0
0
0
0
1
11
15
20
23
0
0
0
0
1
2
15
23
26
31
0
0
0
1
3
4
35
44
47
49
0
0
0
0
0
0
30
36
38
39
0
1
3
4
6
7
15
22
24
25
0
0
0
1
4
5
32
39
41
45
0
0
0
0
0
0
39
50
53
56
0
0
1
2
7
9
38
46
48
49
0
0
2
3
5
7
29
34
37
38
0
0
0
0
0
1
22
33
35
41
0
0
0
0
0
0
0
3
5
6
0
0
0
0
0
0
0
1
2
3
0
0
0
0
2
4
22
27
30
31
0
0
0
0
1
2
21
26
29
31
0
7
10
13
14
15
32
41
44
47
0
0
0
0
0
0
30
39
42
43
0
0
0
0
0
1
15
21
24
26
0
0
0
0
0
0
0
2
4
5
0
0
0
0
0
0
0
0
0
3
0
0
0
0
5
6
40
50
52
53
0
0
0
0
0
0
0
3
4
5
0
0
0
0
1
3
17
25
26
27
0
0
0
0
7
9
38
49
50
51
4
11
13
14
19
21
22
26
28
32
0
4
5
7
8
10
18
30
31
33
2
5
7
8
10
11
14
19
21
22
13
18
20
21
23
25
36
42
44
45
5
10
17
21
24
26
27
36
38
43
9
14
15
16
17
18
19
22
23
24
23
29
32
35
36
37
43
53
56
59
5
12
16
17
18
20
30
40
41
42
3
6
8
10
16
17
35
44
46
49
2
5
7
12
14
16
30
39
43
44
9
15
18
19
21
22
35
44
47
48
5
9
12
14
15
16
38
48
51
53
3
8
10
13
15
17
18
23
25
28
14
21
24
27
29
31
35
42
45
48
12
20
22
25
27
29
30
35
37
40
10
16
19
21
22
23
25
29
32
34
1
4
6
7
9
11
27
34
37
40
7
10
13
17
19
21
27
31
34
37
10
13
16
17
20
21
35
41
42
47
14
19
22
24
26
27
38
48
51
54
0
5
7
10
12
14
22
37
40
43
10
15
16
18
19
21
23
29
30
34
11
16
19
22
23
25
26
31
34
37
18
28
29
30
31
32
33
38
40
41
7
12
14
15
17
19
20
24
26
30
7
13
16
19
21
23
36
45
48
52
10
16
19
20
21
22
23
28
31
32
8
12
13
15
16
18
20
26
27
29
5
9
12
14
15
16
18
26
29
31
9
13
15
16
18
19
20
24
26
29
6
11
14
16
24
26
40
44
45
49
3
8
11
12
13
14
25
39
42
43
6
12
15
17
18
19
21
25
28
30
8
13
16
19
21
23
32
37
40
43
16
32
34
37
39
41
42
48
50
53
1
4
6
7
9
11
27
30
32
33
12
17
19
20
22
24
29
34
37
38
24
38
41
42
43
44
45
53
56
57
4
7
9
10
12
14
15
19
21
22
10
18
21
22
23
24
25
30
33
34
4
9
11
19
24
26
36
47
49
52
27
36
39
40
41
42
43
48
51
52
2
5
6
7
8
9
44
56
57
58
12
21
24
25
26
27
28
35
38
39
10
14
17
20
25
26
40
50
53
57
25
32
35
38
39
40
41
45
48
51
17
24
27
28
29
30
31
36
39
40
3
6
7
8
9
10
35
41
43
45
35
43
46
47
48
49
50
55
58
59
22
27
28
29
30
31
32
42
43
48
60
