time_cost:2467499ms
ontime_proportion:0.722222
max_delay:26
avg_delay:4.688889
avg_flowtime:30.188889
object function value:2784.074074
0
0
0
0
0
0
0
12
15
21
24
0
0
0
2
4
6
21
25
26
28
0
3
4
5
6
8
23
28
31
34
0
0
0
0
0
0
0
0
1
3
0
0
0
0
0
0
0
0
3
6
0
0
0
0
0
0
0
0
0
0
0
0
2
5
8
10
24
32
36
39
0
0
0
0
0
0
0
0
0
1
0
0
0
1
4
12
39
49
52
54
0
0
0
0
0
0
0
0
1
3
0
2
3
5
6
8
11
15
18
20
0
2
5
11
22
28
37
47
50
53
0
0
0
0
0
0
0
0
0
0
0
0
0
0
1
2
6
11
14
15
0
0
0
0
0
0
0
0
0
1
0
0
0
0
0
0
0
5
9
16
0
0
0
0
0
0
0
0
0
2
0
0
0
0
3
4
32
38
41
44
0
0
0
0
0
0
0
0
2
4
20
27
30
31
32
34
36
44
47
48
0
1
3
4
5
6
12
17
22
23
0
0
0
0
0
10
36
45
48
51
0
0
0
0
0
1
7
13
19
22
0
0
0
0
0
0
0
0
0
0
0
0
0
0
1
2
7
12
16
19
0
0
0
0
0
0
25
31
34
37
0
3
5
6
7
8
14
18
21
22
0
0
0
0
0
0
27
32
38
41
0
0
0
0
0
2
4
9
13
15
0
0
1
2
4
6
33
41
43
44
0
0
0
0
1
3
10
15
19
21
0
0
0
0
2
4
14
17
21
23
0
0
0
0
0
0
40
49
51
52
0
0
0
0
2
4
23
29
32
35
0
0
0
0
0
0
42
51
53
54
0
0
0
0
0
0
0
0
0
0
0
0
0
0
2
4
19
28
32
33
0
0
0
0
0
0
7
14
16
25
0
0
0
0
0
0
33
40
43
45
0
0
6
11
12
13
29
35
38
41
11
16
17
19
21
23
28
37
38
40
23
28
30
32
34
36
37
48
51
53
20
26
28
29
30
31
37
46
48
49
12
22
25
26
27
29
31
37
40
41
31
37
40
43
44
45
47
50
53
56
5
10
11
13
14
16
17
20
26
28
4
7
13
16
18
20
22
25
28
31
12
18
23
25
26
34
39
48
51
54
13
17
22
23
25
26
28
35
37
38
16
22
24
25
26
31
40
51
54
55
0
5
7
9
11
13
28
36
38
40
10
16
18
19
20
21
28
33
35
36
8
13
14
16
18
20
21
27
28
30
8
13
15
17
18
22
35
43
49
52
15
22
25
26
27
29
31
38
41
42
1
5
7
13
24
30
39
50
53
55
6
13
17
20
22
23
29
38
41
45
23
28
31
34
36
37
39
44
47
52
7
11
16
17
20
22
29
38
40
41
13
16
19
22
23
24
26
30
33
36
8
11
12
14
15
17
18
21
23
25
0
5
8
11
13
15
28
35
39
42
3
10
12
13
14
15
17
21
23
24
4
7
10
13
14
15
17
20
23
26
14
19
22
23
24
26
28
34
37
38
0
4
6
8
9
11
24
29
32
34
16
20
23
24
25
26
33
43
45
47
2
7
10
14
16
17
19
24
31
34
10
16
20
22
23
24
27
34
36
38
28
34
37
38
39
41
43
48
51
52
1
4
5
7
8
10
11
16
17
19
3
11
13
14
15
18
32
40
42
43
2
6
8
10
16
18
33
42
44
46
19
23
29
32
33
36
41
50
53
56
0
3
6
9
11
17
36
43
46
49
2
8
14
17
19
21
25
31
34
37
24
27
28
30
31
33
34
41
42
44
3
6
9
12
13
14
24
31
34
37
1
4
5
7
8
12
40
51
53
55
5
12
15
18
19
20
32
40
44
47
16
19
20
22
23
25
26
31
33
36
14
22
25
27
28
30
37
47
50
51
15
19
22
25
26
27
33
41
44
47
9
15
19
21
22
28
38
47
51
53
7
12
13
15
17
19
20
26
30
32
22
27
29
31
32
34
36
45
49
51
3
8
13
16
21
24
35
45
48
51
19
25
27
29
30
32
34
41
45
47
5
10
11
13
15
17
18
23
24
26
20
24
27
30
32
34
36
42
45
48
57
