time_cost:8998ms
ontime_proportion:0.622222
max_delay:35
avg_delay:6.222222
avg_flowtime:30.344444
object function value:3789.259259
0
0
0
0
0
6
9
30
35
36
38
0
0
0
0
0
0
9
16
18
20
0
0
0
0
0
0
34
39
41
44
0
0
0
0
0
0
0
0
1
2
0
0
0
0
0
2
31
34
36
38
0
0
0
0
2
5
26
31
32
35
0
0
0
0
0
2
14
20
22
25
0
0
0
0
0
0
0
0
1
2
0
0
0
0
0
0
0
0
2
6
0
0
0
0
0
0
0
0
0
0
0
2
3
6
7
8
29
34
35
38
0
0
0
0
0
0
0
0
0
1
0
0
0
0
0
0
0
0
0
0
0
0
0
0
0
0
51
57
59
62
0
0
1
2
4
10
31
36
37
42
0
0
0
0
1
3
40
45
47
50
0
0
0
0
0
0
0
1
2
3
0
1
3
4
7
8
55
58
60
61
0
0
1
2
6
8
55
60
62
63
0
0
0
0
0
0
50
55
57
60
0
0
0
1
3
8
26
29
31
32
0
0
1
2
3
4
27
32
34
37
0
0
0
0
4
6
50
54
55
58
0
0
0
1
2
3
22
27
28
31
0
0
0
0
8
26
35
40
41
44
0
0
0
0
0
0
0
0
0
1
0
0
1
2
10
12
56
59
62
63
0
0
0
0
1
2
13
18
20
25
0
0
0
0
0
0
0
0
0
0
0
0
0
0
0
0
0
2
4
8
0
1
2
3
6
14
35
39
40
41
0
0
0
1
3
5
37
41
42
43
0
0
0
0
0
0
0
3
5
8
0
0
0
0
5
7
52
57
59
62
0
0
0
0
2
4
43
48
50
53
0
1
2
3
4
7
18
21
22
26
0
0
0
0
0
0
0
1
3
7
0
0
0
0
0
0
0
0
0
0
0
0
0
0
0
0
49
53
55
57
0
2
3
4
5
6
12
16
17
19
0
5
7
9
10
11
30
35
37
39
13
17
19
20
24
26
33
37
38
39
25
29
30
31
32
33
41
45
46
47
9
14
16
19
20
22
31
36
38
41
4
8
9
12
14
16
18
22
23
27
13
18
21
23
28
34
42
47
50
51
5
10
11
14
17
19
21
26
27
30
5
8
9
11
22
24
31
34
37
38
1
6
8
11
12
14
17
22
24
27
22
26
27
28
30
36
45
49
50
51
20
24
27
28
30
32
34
38
41
42
3
6
8
10
11
13
15
19
21
23
0
4
5
6
8
10
31
35
36
37
22
27
29
32
33
35
40
45
47
50
15
18
19
22
23
25
27
32
33
36
18
23
24
25
26
28
35
40
41
42
8
13
14
15
16
18
20
25
26
27
5
10
11
13
17
19
24
28
29
32
8
14
16
18
25
27
35
40
42
45
10
13
14
16
20
22
23
26
27
30
11
15
18
19
22
24
29
33
36
40
8
14
15
18
19
20
26
32
33
36
34
39
40
41
42
44
46
51
54
55
4
8
11
12
15
17
26
30
33
34
4
9
10
12
13
15
17
22
23
24
38
43
45
47
48
49
50
55
57
59
2
5
6
7
8
10
53
56
57
58
13
18
20
22
24
26
31
36
38
44
17
21
24
25
27
29
31
35
38
39
11
15
16
17
19
21
23
27
28
29
13
17
18
19
21
23
29
33
36
37
7
11
14
15
18
20
22
26
29
38
6
9
11
13
14
16
17
20
22
24
0
5
7
10
11
13
45
50
54
57
13
17
20
21
23
25
27
31
35
36
26
31
32
35
36
37
45
50
51
54
36
40
41
42
44
46
48
52
53
55
18
23
24
25
26
28
33
38
39
40
9
13
16
17
19
21
23
27
30
34
17
22
23
24
25
30
40
46
47
48
6
11
12
13
16
18
20
25
26
27
9
13
14
15
16
17
27
33
35
36
13
18
20
22
29
36
54
59
61
63
8
15
17
20
22
31
45
50
51
54
28
31
33
35
36
38
39
42
44
46
8
12
15
17
21
23
25
29
32
33
3
8
12
15
18
27
35
41
42
45
4
9
10
11
14
16
21
26
27
28
3
8
10
12
13
14
15
20
22
24
2
7
8
9
10
12
18
23
24
26
65
