time_cost:6443ms
ontime_proportion:0.566667
max_delay:28
avg_delay:5.333333
avg_flowtime:36.633333
object function value:4554.444444
0
0
11
14
16
17
19
24
33
41
43
0
0
0
0
0
0
0
0
0
0
0
0
0
0
0
0
20
26
31
34
0
0
0
1
2
4
27
32
40
42
0
0
0
0
0
0
0
2
4
6
0
0
0
0
0
0
24
30
37
39
0
5
6
9
11
12
17
23
28
31
0
0
0
0
0
0
0
0
3
5
0
0
0
0
0
0
0
1
2
5
0
6
17
19
20
22
26
33
41
43
0
0
0
0
1
3
23
33
39
41
0
0
0
0
0
0
0
0
0
0
0
0
0
0
1
2
20
25
31
34
0
0
0
0
0
2
28
33
43
45
0
0
0
0
0
0
25
31
39
41
0
0
2
3
5
6
17
21
27
32
0
0
0
0
3
5
39
46
55
57
0
0
0
0
0
0
0
0
0
1
0
0
2
5
7
8
16
20
28
33
0
0
0
0
0
0
0
0
0
1
0
0
2
4
6
7
18
22
28
33
0
0
0
0
0
0
0
0
0
0
0
0
0
0
0
0
23
28
33
36
0
0
0
2
3
5
32
39
49
51
0
0
0
0
0
0
0
0
0
2
0
0
0
0
0
1
20
27
31
35
0
0
0
0
0
1
20
25
31
33
0
0
0
0
0
1
23
30
34
35
0
0
0
0
0
0
0
0
0
1
0
0
0
0
0
0
32
37
47
49
0
0
0
0
0
0
0
0
2
4
0
0
0
0
2
3
16
22
30
32
0
4
6
9
11
13
23
28
34
38
0
0
0
0
0
0
0
0
0
0
0
0
0
0
0
0
20
24
30
32
0
0
0
0
2
3
31
39
45
47
0
2
5
7
8
10
35
41
51
55
0
0
0
0
0
0
22
27
32
37
0
0
0
0
0
0
25
31
35
38
10
15
19
21
22
24
37
44
53
55
12
16
22
24
25
30
35
42
51
56
4
8
10
15
17
19
23
29
34
37
5
9
12
14
15
17
29
36
45
47
10
16
18
21
23
24
27
32
37
40
0
6
9
12
19
21
41
45
55
57
16
20
26
28
30
35
38
43
53
55
0
5
6
9
11
12
22
29
34
37
5
9
12
14
16
17
21
27
32
36
3
8
9
12
14
15
25
32
36
42
9
12
19
23
25
26
28
31
36
39
13
17
25
27
29
32
38
43
53
58
6
12
16
18
21
23
42
47
58
60
2
7
8
11
13
14
23
30
37
40
17
22
28
29
31
32
33
36
38
39
0
4
6
9
11
13
21
26
39
44
16
20
27
30
34
38
41
46
56
58
0
5
6
9
13
14
29
35
42
45
9
15
18
21
23
24
26
30
42
45
14
19
27
29
30
32
37
41
50
52
12
17
24
26
27
29
33
40
49
51
4
8
11
16
18
19
23
28
34
36
0
5
9
12
14
15
27
34
41
44
4
8
11
13
15
16
19
25
32
37
12
16
19
22
24
25
27
33
40
43
5
11
13
16
19
20
29
36
43
47
11
14
22
25
27
28
30
35
44
47
12
18
21
24
26
27
35
40
47
52
5
10
13
16
18
20
28
35
43
46
5
9
12
14
16
17
19
24
32
38
10
17
21
24
26
27
31
39
47
50
5
12
13
16
19
20
30
36
45
48
8
14
16
22
24
31
38
45
55
58
8
12
14
17
20
22
31
37
46
49
0
6
24
27
28
30
34
39
49
51
9
15
18
27
29
30
32
41
50
53
9
14
21
24
26
27
35
41
51
54
1
6
9
11
13
16
36
43
51
53
16
21
29
31
32
36
39
45
53
56
15
19
26
28
30
33
38
46
54
56
12
17
21
26
28
34
39
45
53
56
14
19
24
27
29
30
35
40
48
54
8
14
16
18
24
26
43
49
60
62
12
17
24
26
27
29
42
48
58
61
20
24
29
30
32
33
34
37
39
42
14
19
26
28
31
33
39
46
56
59
7
12
16
20
22
24
31
37
46
49
18
23
30
31
33
37
39
43
52
54
18
22
29
31
33
34
35
38
40
41
8
13
15
18
20
22
35
41
55
58
13
18
24
28
31
38
43
48
57
60
63
