time_cost:3200103ms
ontime_proportion:0.800000
max_delay:32
avg_delay:2.922222
avg_flowtime:29.166667
object function value:1972.222222
0
0
0
0
0
0
0
0
0
1
4
0
0
0
0
1
3
10
15
18
19
0
0
0
0
0
0
0
0
0
2
0
0
2
4
5
6
35
48
50
52
0
0
0
2
3
4
9
18
22
25
0
0
0
0
0
0
1
33
35
38
0
0
0
0
0
0
0
0
3
6
0
0
0
0
0
2
28
37
39
40
0
0
0
0
0
0
0
0
0
0
0
0
0
0
0
1
11
20
22
24
0
0
0
0
0
0
0
0
0
0
0
0
0
0
0
0
14
21
24
27
0
0
0
0
0
0
16
22
25
29
0
2
4
7
9
11
20
26
29
32
0
0
0
0
0
1
9
14
16
19
0
0
0
0
0
0
18
25
28
29
0
0
0
0
0
0
0
0
1
3
0
0
0
0
0
0
0
0
0
0
0
0
0
0
0
0
0
1
5
8
0
0
0
0
0
0
0
0
0
0
0
0
0
0
0
0
0
0
2
12
0
0
0
1
2
4
20
28
31
32
24
30
32
33
34
35
37
41
44
46
0
0
0
0
0
0
0
0
0
1
0
0
0
0
0
0
0
0
0
0
0
0
0
0
0
0
0
1
4
7
0
0
0
0
0
0
20
26
28
29
0
0
0
0
0
0
0
0
0
0
0
0
0
1
2
3
15
21
23
24
0
4
7
8
9
11
25
34
37
38
0
0
0
0
0
0
17
23
25
28
0
0
0
0
0
0
0
0
1
4
0
0
0
0
0
0
0
1
3
6
0
3
4
6
7
9
14
21
23
25
0
0
0
0
0
0
0
0
2
3
0
3
6
7
8
10
28
35
38
39
0
0
0
0
2
4
29
39
41
44
0
0
0
0
0
0
0
0
0
0
0
0
0
0
0
0
0
2
6
7
0
0
0
0
0
2
24
33
36
37
17
24
27
28
29
31
33
45
48
49
1
7
9
12
18
20
25
34
36
39
0
3
8
11
15
17
43
54
56
59
20
26
29
30
31
33
37
51
54
55
6
10
11
13
14
16
19
25
26
30
0
13
19
22
24
26
31
39
41
47
21
29
31
32
33
34
41
53
55
56
5
9
10
12
13
15
16
21
23
26
3
7
9
12
13
15
25
31
33
36
22
31
33
36
38
40
41
49
51
54
11
15
17
20
26
28
34
47
49
52
24
33
36
37
38
40
44
56
59
61
6
11
13
16
18
20
25
35
37
42
5
10
16
19
21
22
36
50
53
56
3
8
10
12
16
17
26
36
38
40
4
10
13
14
19
21
28
36
39
40
15
22
25
26
27
29
30
38
41
42
13
19
22
23
24
26
27
31
34
36
5
8
10
13
14
16
18
22
24
27
6
11
15
16
17
19
32
44
47
48
6
13
15
20
21
25
44
57
59
60
2
6
7
10
12
14
16
20
22
26
2
6
7
9
10
12
13
18
19
21
0
5
7
9
12
13
33
43
45
47
14
19
21
22
23
24
28
37
40
41
8
14
17
18
28
30
44
55
58
59
8
13
15
17
22
23
31
40
42
44
17
24
26
27
28
29
31
38
40
41
9
13
14
16
17
19
20
25
30
32
11
16
19
20
25
27
31
39
42
43
3
9
12
15
19
21
33
43
45
49
0
5
8
9
10
12
28
41
44
45
17
25
27
30
31
33
35
41
43
46
10
17
20
21
22
24
34
46
49
50
20
27
30
33
35
36
40
54
57
60
13
17
19
23
25
27
31
41
43
46
11
16
18
20
21
22
23
31
34
36
0
14
27
30
31
33
35
42
44
47
8
11
15
18
22
24
28
39
41
44
3
8
12
14
15
16
21
29
32
35
10
15
18
19
27
29
32
42
46
47
1
5
8
9
11
13
23
30
33
34
6
10
12
18
20
22
24
28
32
35
6
11
14
15
16
18
19
27
30
31
1
7
12
15
17
18
39
51
54
57
23
32
34
35
36
38
40
49
52
53
15
22
25
26
29
31
33
44
47
48
20
28
31
34
36
37
38
43
46
49
1
18
21
24
26
27
28
36
39
43
12
19
21
23
24
25
26
33
35
37
62
