time_cost:1894508ms
ontime_proportion:0.877778
max_delay:23
avg_delay:1.755556
avg_flowtime:23.744444
object function value:1013.703704
0
0
0
0
0
2
4
7
10
12
14
0
0
0
0
0
0
6
11
13
15
0
0
0
0
0
0
0
0
1
2
0
0
0
0
1
3
5
9
12
13
0
0
1
4
5
6
9
14
15
18
0
0
0
0
3
5
7
12
13
17
0
0
0
0
0
0
0
0
2
4
0
0
0
0
0
0
10
14
15
16
0
0
0
0
0
0
0
0
0
2
0
0
0
0
0
0
0
0
0
1
0
0
0
0
1
2
10
15
16
19
0
0
0
1
2
3
10
14
16
18
0
0
0
0
4
7
9
14
17
20
0
0
2
5
6
8
10
15
17
20
0
0
0
0
0
0
11
15
18
19
0
0
0
0
0
0
0
0
0
1
0
0
0
0
0
0
14
19
21
23
0
0
0
0
6
8
11
16
19
21
0
3
4
7
8
10
15
20
21
24
0
0
0
0
0
0
13
18
20
23
0
0
0
0
0
0
0
0
0
0
0
0
0
0
0
0
12
17
19
22
0
0
0
0
0
0
0
0
1
2
0
0
0
0
0
0
0
0
2
4
0
0
0
0
6
8
14
17
19
20
0
2
4
6
7
9
14
19
21
23
0
0
0
0
0
0
0
0
0
0
0
0
0
0
0
0
0
0
0
0
0
0
0
0
0
0
0
0
0
4
0
0
0
0
0
0
14
17
20
21
0
2
4
6
8
10
13
16
18
20
0
3
5
7
10
12
19
24
26
28
0
2
3
5
6
8
13
19
22
23
0
0
0
0
0
0
14
18
20
23
0
0
0
1
9
11
17
21
24
25
0
0
0
0
0
1
17
22
24
26
0
0
0
0
8
10
15
18
20
21
0
0
0
3
11
13
24
28
31
32
0
0
0
3
4
6
15
20
23
26
0
0
0
0
0
0
0
0
1
3
7
10
12
14
15
17
18
21
23
27
18
22
23
24
25
26
28
32
33
34
3
7
8
9
11
13
16
20
23
24
1
5
7
8
11
13
27
31
32
34
5
12
14
17
18
20
27
34
36
39
10
14
15
16
18
20
23
28
29
30
24
27
28
29
30
32
33
36
39
40
9
12
14
16
17
19
20
25
27
31
4
11
13
15
17
18
24
29
35
40
20
25
26
27
28
30
32
37
38
39
19
24
25
28
29
30
32
37
38
41
22
27
29
31
32
33
34
39
41
43
21
26
28
31
32
34
35
40
42
45
32
36
37
38
41
43
45
49
52
53
22
28
30
33
34
36
37
42
44
47
6
10
11
12
14
18
20
24
27
28
9
13
14
15
20
22
27
32
36
42
7
10
12
13
16
17
18
21
30
31
18
23
25
27
28
29
30
35
37
39
2
7
9
13
19
21
25
30
32
35
2
5
6
8
13
15
37
40
41
42
17
22
24
27
28
30
31
36
38
41
1
4
6
8
9
11
28
32
35
37
4
9
10
13
15
16
36
41
45
48
1
5
6
9
10
11
31
35
37
40
9
13
15
18
21
23
31
35
37
38
25
30
32
35
36
38
39
44
47
50
2
7
8
14
15
16
36
41
45
48
26
29
31
32
34
35
40
43
50
51
30
33
34
35
36
38
43
46
48
49
4
9
10
11
12
14
30
36
38
44
21
25
28
29
31
33
35
39
42
43
31
35
37
38
40
42
45
49
52
53
27
32
34
37
38
40
41
47
49
52
21
24
26
28
29
31
35
38
40
42
23
26
28
29
31
32
33
37
39
41
5
9
10
11
13
15
35
39
40
45
24
28
29
30
32
34
36
40
41
42
22
27
29
32
33
35
36
41
43
46
27
30
32
34
35
37
38
41
43
45
3
6
8
10
16
18
42
45
49
51
29
33
36
37
39
41
43
47
51
52
40
43
44
45
46
48
49
52
53
54
0
4
7
8
13
18
41
45
48
50
29
32
34
36
37
39
40
43
45
47
3
7
8
10
16
19
44
48
51
52
1
6
7
10
11
12
39
45
46
49
35
38
39
40
41
43
44
47
48
49
0
4
7
14
22
24
38
42
47
54
26
31
32
35
36
37
39
44
45
48
56
