time_cost:2357731ms
ontime_proportion:0.755556
max_delay:31
avg_delay:4.122222
avg_flowtime:28.566667
object function value:2396.666667
0
0
0
0
0
0
0
8
12
14
16
0
0
0
0
0
0
0
0
0
0
0
0
0
0
0
1
17
22
25
28
0
0
0
0
0
0
0
0
0
1
0
0
0
0
0
0
16
21
24
25
0
0
8
11
13
24
28
40
44
47
18
26
28
30
31
32
34
38
40
42
0
0
0
0
0
0
0
0
1
3
0
0
0
0
0
0
27
31
34
36
0
1
4
7
9
13
35
44
47
51
0
0
0
2
4
5
11
20
23
26
0
0
0
0
0
0
0
0
0
0
0
0
2
5
6
7
16
24
27
31
0
0
0
0
1
3
31
44
47
49
0
0
0
4
6
8
30
37
41
44
0
0
0
0
0
1
29
41
43
48
0
0
0
0
0
0
0
2
3
5
0
0
2
4
5
6
12
19
21
24
0
0
0
0
0
0
0
0
2
9
0
0
0
0
0
0
11
16
21
24
0
0
0
0
0
0
0
0
0
0
0
0
0
0
0
0
8
13
16
18
0
0
2
6
11
14
16
25
30
34
0
0
0
0
0
0
13
18
22
25
0
0
0
2
3
4
38
45
47
50
0
0
0
0
0
0
0
0
1
4
0
0
0
0
0
2
35
44
49
50
0
0
0
0
0
0
0
0
0
2
0
0
0
0
0
0
0
0
0
0
0
0
0
0
0
0
0
2
3
5
0
0
0
0
1
3
13
20
23
24
0
0
0
0
0
0
0
0
0
0
0
0
0
0
2
5
31
46
48
50
0
3
8
10
15
17
26
36
39
46
0
0
0
0
0
0
0
0
0
0
0
0
0
0
0
1
9
16
18
21
19
29
32
33
34
36
38
43
47
49
0
3
5
7
8
9
11
16
18
20
0
0
0
0
0
0
17
23
25
27
0
0
0
0
0
0
0
0
0
0
22
30
33
36
37
38
40
43
46
49
17
25
28
31
33
34
36
41
44
47
1
9
12
15
17
18
36
47
50
53
6
11
14
17
19
21
23
27
30
33
0
4
6
8
9
10
12
16
19
26
21
28
31
34
35
36
38
41
44
50
4
7
10
13
14
15
19
27
34
37
22
27
33
36
38
39
41
47
50
53
27
32
36
38
39
41
43
50
53
55
22
31
36
38
40
42
44
50
54
56
9
15
17
18
20
22
41
55
57
58
12
19
29
32
34
35
39
48
51
55
21
28
37
40
42
44
46
51
53
58
30
38
40
42
44
46
48
53
55
57
5
9
11
13
14
16
18
22
24
26
9
17
20
22
23
24
26
30
32
34
24
32
35
38
39
40
42
46
49
52
7
12
14
16
18
20
21
28
29
31
13
21
23
25
26
27
29
33
35
37
9
14
17
20
22
24
33
39
42
45
6
9
10
12
13
15
16
21
22
24
15
20
22
24
25
27
31
37
42
44
6
10
13
16
18
20
27
34
38
44
0
4
6
9
10
12
14
18
20
23
10
13
18
21
22
23
28
38
41
44
6
10
12
14
17
19
27
36
38
40
4
8
9
11
12
14
19
26
27
29
26
30
33
35
36
38
39
47
48
51
34
42
45
46
47
49
51
56
59
60
22
33
38
39
41
43
45
55
58
59
1
4
5
7
8
10
11
14
15
17
3
8
10
12
14
16
18
23
25
27
7
13
16
19
21
30
40
52
56
57
7
12
17
19
21
28
35
42
46
48
1
10
13
19
21
22
27
38
41
49
2
5
6
8
9
11
12
15
16
18
23
31
33
35
36
38
40
49
51
53
2
6
8
11
12
13
15
19
21
23
18
24
26
27
28
29
31
35
39
40
2
6
8
10
11
12
14
18
20
22
28
36
39
42
44
45
47
52
55
59
3
6
11
14
15
16
33
39
43
47
2
7
9
14
16
18
20
25
27
29
6
11
17
19
21
25
31
48
49
51
5
8
11
14
16
18
20
23
26
29
24
35
38
39
40
42
44
49
52
53
4
13
16
18
19
21
23
33
37
40
1
5
7
9
10
11
13
17
19
21
25
33
36
39
40
41
43
46
49
58
25
30
31
36
37
39
42
55
57
59
61
