time_cost:2501997ms
ontime_proportion:0.755556
max_delay:32
avg_delay:3.888889
avg_flowtime:30.144444
object function value:2449.259259
0
0
0
0
1
2
4
15
20
23
24
0
0
0
0
6
8
48
58
60
61
0
0
0
0
0
0
0
0
0
0
0
0
0
0
0
0
0
3
5
7
0
0
0
0
0
0
0
0
0
0
0
0
0
0
0
0
0
0
0
1
0
0
0
0
0
0
0
0
0
1
0
0
0
0
2
4
10
17
20
23
0
0
0
0
0
0
0
0
2
3
0
0
3
4
5
7
48
56
59
60
0
0
1
4
6
8
13
22
23
26
0
0
0
0
0
0
0
0
0
0
0
0
0
0
2
4
28
44
47
50
0
0
1
3
4
5
26
31
33
35
0
0
0
0
0
0
0
20
22
25
0
0
0
0
0
0
0
0
3
10
0
0
0
0
0
1
25
29
31
32
0
0
0
0
0
0
0
0
0
0
0
0
1
3
4
6
35
41
42
44
0
0
0
0
0
2
13
19
25
26
0
0
0
0
0
0
18
23
25
28
0
2
5
8
10
11
31
36
39
43
0
0
0
0
0
0
0
0
0
6
0
0
0
0
0
1
37
43
46
47
0
0
0
0
0
0
28
40
43
46
0
0
0
0
0
0
0
0
3
8
0
0
0
3
4
6
25
34
36
39
0
0
0
0
0
0
1
6
8
11
0
0
0
0
0
0
36
43
45
48
0
0
0
0
0
0
0
2
12
15
0
0
0
0
0
0
9
13
16
17
0
1
3
6
8
10
28
35
47
50
0
0
0
0
1
2
26
36
39
41
0
0
0
0
0
0
0
1
3
6
0
0
0
0
0
0
0
7
10
11
0
0
0
0
0
0
0
0
0
0
0
3
6
7
8
10
11
16
19
20
0
0
0
0
2
3
41
49
52
55
0
0
0
0
0
0
22
28
32
35
0
0
0
0
0
0
3
9
11
14
8
12
14
18
27
29
46
52
54
57
21
42
45
46
47
49
50
55
58
59
4
8
9
11
12
14
40
48
49
51
17
27
30
33
35
36
37
42
45
50
21
26
27
30
32
34
36
40
41
44
4
7
9
13
17
19
20
23
25
28
10
14
15
18
20
22
24
29
32
35
4
9
11
12
13
15
17
22
24
26
7
13
15
18
19
21
25
34
37
40
1
4
6
9
10
12
23
27
38
41
1
4
6
9
11
13
14
18
20
23
21
31
34
37
39
40
41
46
49
53
16
30
33
34
36
38
44
52
57
58
10
15
17
23
25
29
31
40
41
48
5
10
21
24
27
28
29
37
40
47
10
17
20
23
25
26
27
36
39
42
11
16
19
20
25
27
32
40
44
45
6
25
28
29
30
32
33
38
41
42
19
24
25
28
30
32
34
39
42
46
0
4
7
8
9
11
17
30
33
36
23
31
34
35
36
38
39
43
46
47
5
13
15
17
18
19
20
25
27
30
1
5
7
16
21
23
24
33
35
39
20
24
30
33
34
36
38
41
44
47
5
9
12
13
14
16
17
21
24
25
14
26
29
32
34
35
36
41
44
47
19
25
28
31
33
34
44
51
54
57
11
16
18
20
26
28
46
54
57
59
28
35
37
38
39
41
43
48
50
51
1
6
8
11
15
17
31
34
36
39
5
10
13
15
16
18
31
37
40
41
7
11
14
15
19
21
39
46
51
52
9
14
17
19
27
28
48
54
57
59
13
18
20
21
22
24
26
33
35
36
15
22
24
25
26
28
30
38
42
43
11
15
18
20
21
23
24
28
32
35
22
28
29
32
34
36
42
50
51
54
8
13
15
18
20
22
23
26
28
31
5
10
13
14
15
17
18
23
26
27
3
6
19
22
24
26
28
33
35
38
4
8
11
12
13
15
16
20
23
25
31
37
38
40
41
43
44
51
55
57
12
19
24
25
28
30
31
39
43
45
14
19
21
22
23
25
27
32
34
36
10
15
18
21
23
25
26
29
31
34
4
11
13
14
15
17
19
24
26
27
2
7
11
14
18
19
39
45
48
51
38
45
48
49
50
52
53
57
60
61
2
5
9
12
17
19
41
49
51
54
9
15
18
19
22
23
27
35
38
41
62
