time_cost:6118ms
ontime_proportion:0.544444
max_delay:32
avg_delay:5.366667
avg_flowtime:34.855556
object function value:4717.407407
0
0
0
0
0
1
2
28
40
43
46
0
0
2
5
7
9
18
26
28
31
0
0
0
0
0
1
25
28
29
30
0
0
0
0
0
0
0
0
0
3
0
0
0
0
2
4
20
23
25
28
0
0
0
0
0
0
0
0
2
3
0
0
0
0
0
0
17
20
21
24
0
0
0
0
1
2
21
25
28
30
0
0
0
2
3
4
30
41
44
46
0
0
0
2
4
6
17
20
23
27
0
0
0
0
1
2
27
36
37
38
0
1
2
4
5
6
28
32
33
34
0
0
0
0
0
0
0
0
0
0
0
0
0
0
0
1
18
21
23
24
0
0
0
0
0
0
25
32
33
34
0
0
0
0
0
0
22
30
32
35
0
5
8
11
12
13
27
40
46
49
0
3
5
6
8
9
19
23
26
31
0
0
1
2
3
4
28
32
33
34
0
0
0
0
0
0
0
0
0
1
0
0
1
2
4
6
33
43
44
45
0
0
0
0
0
0
0
0
1
4
0
0
0
0
0
1
22
30
32
34
0
3
5
8
10
12
19
28
33
38
0
0
0
0
0
0
0
2
3
5
0
2
5
8
10
12
21
27
36
39
0
0
0
0
0
0
0
0
0
0
0
0
1
2
4
5
18
23
25
33
0
0
0
0
1
2
20
28
34
36
0
0
0
0
0
0
0
0
0
0
0
0
0
0
0
0
21
27
35
38
0
0
0
0
0
0
14
28
31
33
0
1
2
3
4
6
34
44
45
46
0
0
0
0
0
0
20
25
27
28
0
0
0
0
0
0
0
0
0
1
0
0
0
0
0
1
17
25
27
30
0
0
0
0
2
4
24
35
38
42
0
0
0
0
0
0
0
0
0
5
0
5
8
10
13
14
32
44
47
49
0
0
0
0
0
0
0
43
46
50
3
13
16
17
18
19
23
38
41
42
18
25
26
27
28
29
36
45
46
47
18
24
25
26
27
30
41
50
51
52
6
11
15
17
25
27
39
49
50
52
1
10
13
16
33
35
43
54
55
57
5
9
11
13
15
18
25
34
36
38
0
6
9
11
12
13
24
33
36
38
9
14
15
16
17
20
29
34
35
36
12
19
20
21
22
24
31
36
37
39
0
3
6
10
12
14
24
34
41
44
14
19
20
21
24
25
28
31
32
33
4
8
11
13
15
16
22
29
32
34
0
6
9
12
14
16
38
47
49
51
1
5
8
12
14
15
20
25
38
41
11
16
18
19
21
23
24
32
34
37
7
16
19
20
22
24
35
46
49
50
7
12
16
18
29
31
40
49
52
54
12
18
20
21
23
25
26
30
32
40
8
12
15
17
26
28
35
41
42
44
1
8
13
15
19
21
31
37
38
40
5
11
14
15
17
20
31
36
39
40
4
11
14
16
18
19
31
46
49
51
2
15
17
18
20
22
23
34
36
37
14
20
22
23
25
27
28
32
34
35
2
5
8
11
13
15
16
20
26
32
8
19
22
23
24
25
35
51
54
55
5
8
11
14
16
18
27
37
40
43
8
16
19
20
21
22
24
35
38
39
3
11
14
16
19
21
31
49
52
54
10
18
19
20
24
26
29
35
36
37
5
10
13
15
16
17
21
31
34
36
0
3
6
10
12
14
17
25
28
31
15
23
25
26
28
29
30
33
35
37
8
14
20
22
29
31
39
48
54
56
5
8
11
14
16
18
25
37
40
43
4
7
10
13
18
20
29
38
57
60
14
17
19
23
27
28
36
41
43
44
12
17
19
21
36
38
46
57
59
60
17
22
24
25
35
37
44
55
57
58
13
22
23
25
35
37
44
56
58
59
9
15
18
19
20
21
31
38
41
42
8
14
20
23
33
35
43
55
57
59
2
13
16
18
20
23
32
52
55
57
12
19
22
24
27
28
36
52
56
57
14
22
23
24
31
33
40
50
51
53
9
14
17
18
19
23
34
41
44
45
10
15
18
20
31
33
42
51
52
55
13
19
20
21
22
24
26
33
34
35
15
23
25
26
37
38
45
55
59
60
4
9
11
17
25
27
34
39
41
47
62
