time_cost:2359547ms
ontime_proportion:0.566667
max_delay:38
avg_delay:6.688889
avg_flowtime:33.488889
object function value:4449.629630
0
0
0
0
0
0
1
10
15
17
19
0
0
2
4
5
6
24
31
33
35
0
0
0
0
0
2
19
25
27
29
0
0
0
0
4
10
29
36
39
40
0
0
0
0
0
0
0
0
2
3
0
0
0
0
0
12
41
51
55
59
0
0
0
0
0
0
10
17
19
24
0
0
2
4
6
8
33
40
42
44
0
0
0
0
0
0
14
21
23
25
0
0
0
0
0
1
11
15
18
21
0
0
0
0
0
0
0
0
0
4
0
3
6
9
11
12
35
44
47
50
0
0
0
0
1
2
8
12
14
15
0
0
0
0
0
0
23
28
29
32
0
0
0
0
2
5
31
38
41
45
0
2
5
9
11
14
47
56
60
63
0
1
4
7
9
10
18
25
28
31
0
0
0
0
0
0
19
24
26
28
0
0
0
0
0
0
0
2
8
11
0
0
0
0
0
0
21
26
28
29
0
3
7
10
26
28
35
40
44
48
0
0
0
1
3
5
24
29
31
34
0
0
0
0
0
0
0
0
0
2
0
0
0
0
0
0
0
0
1
4
0
0
2
3
4
6
20
25
28
29
0
0
0
0
0
0
0
0
2
4
0
0
0
0
0
0
0
0
0
2
0
0
0
1
4
10
49
62
65
67
0
0
0
0
0
0
15
20
22
24
0
2
3
5
7
9
26
32
37
39
0
2
3
5
6
8
23
27
29
31
0
0
0
0
1
3
16
22
24
26
0
0
0
0
2
4
21
28
31
32
0
0
0
0
0
0
0
0
0
0
0
0
0
1
2
4
21
28
33
34
0
0
0
0
3
7
26
33
38
41
0
0
0
0
1
3
28
32
34
36
0
0
0
0
0
0
0
0
0
0
0
0
0
0
0
0
0
2
16
19
0
0
0
0
0
0
0
0
0
1
28
34
36
38
39
41
43
47
49
51
12
17
19
25
27
35
49
61
64
66
15
22
25
26
27
29
31
38
41
42
16
22
25
28
30
31
37
45
48
51
9
14
17
20
21
23
26
31
34
35
6
10
12
14
15
16
23
29
31
33
3
8
10
12
14
16
18
26
28
30
9
13
15
17
20
21
37
43
45
47
9
12
15
18
29
33
46
56
59
62
8
13
14
16
18
20
23
28
31
33
5
10
13
14
16
18
31
38
41
42
6
9
10
12
29
31
36
42
43
45
14
24
26
27
28
29
35
43
50
51
15
18
21
24
25
26
38
45
51
54
4
10
16
18
23
25
34
41
43
46
20
26
41
44
45
46
49
58
61
64
4
7
8
10
11
13
28
31
33
35
6
11
12
14
16
18
19
24
25
30
32
40
46
49
51
52
54
59
63
66
1
6
8
13
16
18
30
36
39
41
11
16
19
20
21
23
32
37
40
42
8
11
14
17
18
20
34
41
44
47
1
6
20
23
26
27
41
50
53
56
2
5
6
8
9
11
28
33
34
36
13
19
22
24
25
27
29
34
37
39
18
21
29
32
34
36
44
53
57
60
2
8
13
15
16
17
31
36
38
41
16
20
23
28
30
32
34
37
40
43
11
17
19
21
22
23
37
43
46
48
2
6
8
11
12
14
25
29
31
33
7
10
11
13
14
16
18
22
23
25
1
6
10
11
13
15
26
31
35
36
1
6
9
11
13
15
19
25
27
30
23
29
32
35
37
39
48
59
62
65
25
31
35
37
38
40
45
54
57
59
6
9
11
15
21
24
37
42
44
46
9
15
18
19
20
22
29
36
40
41
0
4
6
7
8
9
19
23
26
27
5
8
11
14
15
19
31
34
37
40
11
14
15
17
18
20
34
39
44
46
12
19
21
25
26
31
45
53
56
58
0
5
6
8
10
12
23
28
29
31
14
19
20
22
28
30
37
43
45
47
14
19
23
26
28
29
39
48
54
57
6
14
17
18
19
21
40
51
54
55
0
5
18
22
24
26
40
49
51
53
13
18
20
22
24
26
29
34
36
38
27
33
36
39
41
43
45
48
51
54
5
8
11
15
23
33
47
55
58
64
6
11
14
16
18
21
34
40
42
44
68
