time_cost:6237ms
ontime_proportion:0.555556
max_delay:30
avg_delay:5.444444
avg_flowtime:35.166667
object function value:4616.666667
0
0
0
0
0
0
2
17
23
26
29
0
0
0
0
0
0
0
0
0
1
0
0
0
3
5
7
17
25
30
33
0
0
0
0
4
6
29
36
37
39
0
1
4
7
8
9
24
32
35
38
0
3
5
6
8
10
19
26
28
29
0
0
0
0
0
0
0
0
1
5
8
12
15
18
20
21
28
32
33
34
0
0
1
2
3
5
24
34
35
36
0
0
0
0
1
4
32
41
42
43
0
0
0
0
0
0
23
32
35
39
0
0
0
0
0
0
20
26
28
31
0
0
0
0
0
0
0
0
2
4
0
0
0
0
2
3
32
40
43
44
0
0
0
0
0
0
0
0
0
1
0
0
0
0
0
0
0
0
0
0
0
2
5
10
11
12
31
40
43
44
0
0
0
0
0
1
20
25
28
31
0
0
0
0
1
2
29
36
41
43
0
0
0
1
2
3
29
38
41
42
0
0
0
0
0
0
33
43
44
45
0
1
3
4
6
7
22
27
29
30
0
0
0
1
3
4
23
28
30
32
0
0
0
0
0
0
25
35
38
41
0
0
1
2
4
6
21
28
30
31
0
0
2
3
6
8
20
27
29
30
0
0
0
0
0
1
15
23
25
28
0
0
0
0
0
0
0
5
7
8
0
0
0
0
0
0
0
1
2
3
0
0
0
0
3
4
32
42
45
46
0
0
0
0
1
2
28
38
41
43
0
4
10
13
14
15
19
33
44
47
0
0
0
0
0
0
28
35
38
39
0
0
0
0
0
1
37
45
48
50
0
0
0
0
0
0
0
2
4
5
0
0
0
0
0
0
0
0
0
3
0
0
0
0
2
4
39
47
48
49
0
0
0
0
0
0
0
3
4
5
0
0
0
0
3
5
43
52
53
54
0
0
0
0
5
8
33
40
41
42
5
11
13
14
19
21
22
28
30
31
7
13
19
21
30
32
39
49
50
52
15
21
23
24
26
27
28
31
33
34
6
10
12
14
16
18
21
27
29
32
5
10
12
15
17
19
23
32
34
37
16
22
24
25
26
27
33
39
40
41
3
7
13
16
18
19
24
35
38
42
13
23
24
25
26
28
34
45
46
47
14
19
21
22
24
25
26
29
31
35
11
17
19
20
22
24
25
30
32
33
10
17
21
22
27
28
33
41
44
45
8
12
15
17
19
20
29
48
51
53
3
8
10
13
15
17
20
25
31
37
2
5
8
16
18
20
21
33
36
40
2
7
9
12
14
16
18
25
29
32
4
11
14
16
21
22
34
43
46
48
11
16
21
22
30
34
41
49
52
54
1
4
7
10
12
14
23
29
32
35
17
24
25
26
27
28
36
44
45
46
7
13
16
18
21
22
28
39
42
44
0
5
7
10
12
14
17
24
31
36
14
21
22
24
25
27
31
38
39
41
3
7
14
18
28
30
37
44
47
50
16
23
24
26
27
29
36
42
43
44
13
18
20
21
23
25
26
30
32
45
0
8
18
21
29
31
38
46
49
52
7
16
19
20
21
22
33
43
46
47
8
14
18
20
22
24
41
48
49
51
9
14
17
19
28
32
38
46
49
51
17
22
24
26
28
29
30
33
35
37
9
15
19
22
23
25
37
46
47
49
7
15
18
19
20
21
41
51
54
55
8
14
17
19
22
29
35
43
46
48
3
6
9
12
14
16
22
29
38
41
4
9
11
14
17
19
27
41
43
47
1
4
6
8
10
12
26
35
37
38
12
15
17
18
20
22
38
46
49
51
12
18
21
23
24
27
41
52
55
56
9
13
17
20
30
32
46
55
57
58
12
20
23
27
29
31
38
48
51
53
4
9
11
14
16
18
23
31
33
36
11
20
23
24
25
26
29
37
40
42
18
24
25
26
29
30
42
51
52
53
12
17
20
21
22
23
38
48
51
52
3
11
14
17
19
20
25
37
41
44
4
10
16
19
30
31
45
55
58
61
12
20
23
24
25
26
39
49
52
54
17
24
25
26
29
31
45
54
55
56
12
19
22
23
25
30
44
53
56
57
18
23
24
25
28
29
39
47
48
50
62
