time_cost:2748590ms
ontime_proportion:0.766667
max_delay:28
avg_delay:3.200000
avg_flowtime:28.244444
object function value:2274.814815
0
0
0
0
0
0
1
42
46
48
49
0
0
0
1
2
4
6
9
10
13
0
1
3
6
7
9
10
15
17
21
8
10
12
18
24
26
35
40
42
45
0
0
0
0
0
0
0
0
0
0
0
0
1
2
4
6
18
22
23
24
0
0
0
0
0
0
0
0
0
1
0
0
0
0
0
0
0
0
0
0
0
0
0
0
1
2
31
36
40
46
0
0
0
0
0
0
0
0
1
2
0
0
0
1
3
4
23
26
29
30
0
0
0
0
0
0
0
0
0
1
0
0
0
0
0
1
35
40
45
48
0
0
0
0
1
2
29
34
36
38
0
0
1
2
4
6
48
52
53
54
0
4
6
9
10
12
14
19
24
27
0
0
0
0
0
0
27
32
35
38
0
0
0
0
0
0
10
14
15
16
0
0
0
0
0
1
3
6
8
9
0
0
0
0
0
0
0
0
0
0
3
4
6
8
9
11
15
19
21
23
0
2
3
4
5
7
32
35
36
38
0
0
0
0
0
0
39
43
45
47
0
0
0
0
0
0
0
0
0
0
0
0
8
13
19
21
30
35
37
40
0
0
0
0
0
1
18
24
26
28
0
2
5
6
8
10
41
47
50
51
0
0
0
0
5
7
39
42
43
44
0
0
0
2
3
5
13
16
18
20
0
0
0
1
2
4
46
52
54
57
0
0
0
0
0
0
0
0
1
3
0
0
0
0
0
0
11
14
16
18
0
5
6
10
11
13
26
31
32
35
3
5
7
9
14
18
28
31
33
35
0
3
4
5
6
8
10
15
16
17
0
0
0
0
0
0
0
0
2
5
0
0
0
0
4
5
34
39
41
43
0
3
5
6
8
16
26
30
31
33
0
0
0
0
1
3
27
30
31
32
0
0
0
0
0
0
33
38
43
46
9
14
15
18
19
21
23
28
29
32
15
18
19
20
21
23
24
27
28
29
15
18
21
23
24
27
36
39
45
47
12
17
18
21
22
23
26
31
35
38
2
6
9
12
14
16
18
23
26
27
5
8
10
11
20
24
36
39
41
44
31
36
38
41
42
44
46
51
53
56
27
30
32
34
35
37
38
41
43
45
0
4
6
7
16
24
35
39
40
41
8
13
20
23
26
28
43
48
50
53
10
16
17
19
25
29
37
42
44
46
18
21
22
23
26
28
38
41
42
43
39
43
44
45
46
47
49
53
54
55
14
18
20
21
23
31
51
55
57
58
23
27
28
29
30
31
36
40
41
42
11
15
16
17
21
29
44
48
49
50
15
20
22
25
26
28
30
35
37
40
30
33
34
35
36
38
39
42
43
44
9
12
14
16
19
20
22
25
27
30
5
9
10
11
15
17
19
23
24
25
4
9
12
13
23
29
45
49
52
53
4
8
9
10
12
14
25
29
30
31
5
9
10
11
16
21
34
38
40
41
0
4
5
6
11
13
23
28
29
30
5
10
11
14
15
16
18
23
24
27
28
34
38
40
41
43
46
50
52
54
25
29
30
31
33
35
49
54
56
57
5
10
11
12
13
15
17
22
23
24
14
19
20
21
23
25
31
36
41
42
18
22
23
24
25
26
29
33
34
35
8
11
13
16
17
19
22
25
27
29
22
27
29
31
32
33
38
43
46
48
6
10
11
12
20
22
30
34
35
36
25
30
32
34
35
36
37
42
44
46
1
5
6
7
9
11
14
18
19
20
0
3
4
5
13
15
20
23
26
27
8
12
13
14
16
19
21
25
27
28
2
6
9
10
12
14
16
20
23
24
6
11
12
15
17
18
20
25
26
29
14
17
19
21
22
24
25
28
30
32
10
15
16
17
20
25
40
44
48
49
43
46
47
48
49
51
52
55
57
58
22
26
27
28
30
32
42
46
48
49
6
10
13
14
18
20
22
26
29
36
4
8
9
10
11
12
19
23
25
26
31
36
37
40
41
42
48
53
55
58
1
6
7
8
9
11
13
18
20
21
0
6
7
12
18
22
33
38
40
45
9
14
15
16
17
19
27
32
33
34
17
22
23
26
27
28
32
37
38
41
59
