time_cost:2279664ms
ontime_proportion:0.711111
max_delay:33
avg_delay:5.466667
avg_flowtime:27.777778
object function value:2814.814815
0
0
3
5
7
8
9
12
16
18
20
0
0
0
0
0
0
0
2
7
9
0
0
0
0
0
0
0
0
0
0
0
0
0
0
0
0
0
0
1
4
0
0
0
0
0
0
0
0
0
0
0
0
2
4
5
7
38
46
48
50
0
0
0
0
1
2
11
14
17
20
0
0
0
0
2
5
42
51
53
55
0
0
0
0
0
0
0
0
0
1
0
0
0
0
0
2
14
17
18
20
0
4
12
19
25
28
40
48
50
52
0
0
0
0
0
1
10
16
21
23
3
6
8
11
12
13
19
24
26
29
0
3
15
18
21
23
32
37
40
46
0
0
0
0
0
0
24
29
32
34
0
1
4
5
6
8
29
36
39
40
0
0
0
0
0
1
6
11
13
16
0
0
0
0
0
0
0
0
1
3
0
0
0
0
0
0
0
0
0
0
0
0
0
0
0
3
22
29
32
35
0
0
0
0
0
0
0
0
0
0
0
1
2
4
6
8
32
37
39
42
0
0
0
0
0
0
0
0
0
1
0
0
0
0
0
0
0
0
0
0
0
0
0
0
0
0
0
0
3
8
0
0
0
0
0
0
0
0
2
6
0
0
0
0
0
0
0
0
2
3
0
0
0
1
3
6
43
54
57
58
0
2
4
6
16
19
37
44
46
48
0
0
0
0
0
0
15
20
24
25
0
0
0
0
1
4
39
47
49
51
0
3
6
9
10
11
30
35
38
41
0
0
0
0
0
0
0
0
0
1
0
0
0
0
0
4
35
40
42
44
0
0
0
0
0
0
34
52
55
56
0
6
9
16
25
27
37
43
46
51
0
1
3
5
7
9
39
46
48
50
0
0
0
0
2
3
19
23
25
27
0
0
0
0
0
0
0
0
0
2
0
0
0
0
1
2
12
17
21
24
2
8
10
12
13
15
26
30
32
34
9
14
17
18
19
21
23
28
31
32
7
26
29
34
36
37
39
44
47
54
9
14
15
17
18
20
21
25
26
28
14
19
20
22
26
28
32
37
38
40
19
26
28
30
31
33
35
39
42
44
22
27
29
30
33
35
46
55
57
58
31
40
41
43
44
46
47
50
51
53
4
8
10
11
12
13
15
19
23
24
6
11
12
14
16
18
26
31
33
35
2
5
6
8
9
11
23
27
29
31
18
25
27
28
29
30
42
53
55
56
7
13
15
17
19
21
23
28
30
32
1
8
10
12
14
16
18
23
25
27
23
26
27
29
30
32
33
36
37
39
10
16
17
19
21
23
24
30
31
33
16
19
22
25
26
27
29
32
35
40
6
11
14
17
19
20
22
27
30
35
4
7
8
10
11
13
16
20
21
24
2
6
8
10
11
12
14
18
20
22
6
10
12
14
15
17
19
23
25
28
2
5
6
8
9
11
12
15
19
22
15
24
27
30
31
32
34
37
40
43
14
21
24
25
27
29
35
43
46
47
31
41
43
45
47
49
51
56
58
60
8
12
15
18
20
21
27
32
35
38
5
9
11
12
13
14
31
35
37
38
1
4
5
7
8
10
11
14
15
17
13
20
22
23
24
25
27
31
33
34
23
32
35
38
40
41
43
48
51
54
8
15
18
20
23
26
28
35
38
40
7
12
13
15
17
19
30
35
38
41
1
4
5
7
8
10
11
15
17
19
22
27
30
31
32
34
36
41
44
45
6
11
14
15
20
22
24
31
34
37
33
44
47
48
49
51
53
58
61
62
3
7
9
12
14
17
28
33
35
37
2
11
14
15
16
18
41
51
54
55
32
41
44
45
46
48
50
57
60
61
11
18
22
23
24
26
28
34
40
41
5
9
11
13
14
16
18
22
24
26
17
21
23
25
28
29
37
41
44
46
28
33
36
39
41
43
45
49
52
55
3
8
11
12
13
15
17
22
25
27
19
25
28
30
32
34
36
41
43
50
19
25
27
32
34
36
37
42
43
48
30
38
41
42
43
45
47
57
60
62
1
6
8
10
12
14
16
21
23
25
12
17
19
21
22
24
26
30
32
35
12
17
20
22
24
26
27
32
34
38
63
