time_cost:2104940ms
ontime_proportion:0.655556
max_delay:37
avg_delay:6.900000
avg_flowtime:31.911111
object function value:3508.148148
0
0
0
0
0
0
0
21
31
34
37
0
0
0
0
0
0
33
45
50
53
0
0
0
0
0
0
29
37
40
45
0
0
0
0
0
0
38
53
54
56
0
0
0
0
0
0
0
0
0
1
0
0
0
0
0
0
41
55
59
60
0
0
0
0
0
1
14
17
18
20
0
0
0
2
4
6
9
14
21
25
0
0
0
0
0
0
0
0
0
0
0
0
0
0
0
0
0
0
1
3
0
0
0
0
2
4
36
48
51
54
0
0
0
0
0
0
38
50
56
59
0
0
0
0
0
4
42
57
62
65
4
10
12
14
16
18
22
28
30
32
0
0
0
0
0
0
23
34
37
38
0
2
4
6
7
8
20
32
34
36
0
0
0
0
0
0
0
0
1
3
0
3
4
6
7
9
17
22
23
25
0
0
0
0
0
0
0
0
0
0
0
0
0
0
0
0
0
0
0
4
0
0
0
0
2
3
17
22
25
28
0
0
0
0
0
0
0
0
2
4
0
0
0
0
3
8
42
58
62
64
0
1
3
4
5
6
13
20
22
23
0
0
0
0
0
0
31
40
43
46
0
5
7
9
11
13
33
45
47
50
0
0
0
0
2
3
16
21
24
27
0
0
0
0
1
3
12
17
18
20
0
0
0
0
0
0
0
1
3
4
0
0
0
0
0
0
0
0
0
1
0
0
0
0
0
2
13
20
21
24
0
2
4
6
8
10
20
26
28
30
0
0
0
0
0
0
30
40
45
47
0
2
4
11
15
26
29
40
42
44
0
0
0
0
1
2
16
24
26
28
0
0
0
0
0
0
0
0
0
2
0
0
0
0
0
0
0
0
0
1
0
0
0
0
0
0
0
0
0
0
0
0
0
0
0
0
0
0
0
0
8
13
15
17
18
20
23
32
34
36
13
17
19
21
24
28
32
42
46
50
14
21
24
25
27
30
34
48
52
56
30
38
41
44
45
46
48
52
56
59
19
30
32
34
35
37
39
43
45
47
2
5
13
16
21
24
26
34
37
40
4
8
10
11
15
17
29
38
40
41
21
25
28
31
32
33
35
49
53
56
2
7
9
11
12
13
15
19
21
23
2
6
8
10
11
12
32
42
44
46
19
26
29
32
34
39
41
44
47
50
8
15
19
22
25
29
34
47
50
53
5
10
12
13
14
15
17
21
23
24
8
12
14
15
16
17
19
24
26
27
2
7
10
11
12
14
16
21
24
25
9
16
17
19
25
28
33
47
48
50
6
9
10
12
13
15
16
23
24
26
11
15
16
18
20
24
36
49
52
54
2
8
11
14
16
18
27
39
42
47
12
18
20
21
22
23
25
31
34
35
9
14
17
20
27
31
36
49
53
55
27
32
35
38
40
42
44
47
50
53
1
4
7
10
12
16
19
24
27
30
6
12
15
18
20
22
24
34
37
40
8
11
12
14
25
27
35
47
49
52
30
42
43
45
47
49
50
55
56
58
10
16
20
22
25
27
35
48
51
53
12
18
21
22
23
25
27
34
37
39
29
37
40
43
44
45
47
50
53
56
32
41
44
47
49
51
53
56
59
62
17
23
26
27
28
30
32
43
48
49
10
16
18
20
23
26
28
37
40
42
8
13
16
17
18
20
22
27
30
32
9
12
15
18
20
22
24
28
31
37
7
10
13
16
18
21
27
36
39
44
19
28
31
34
36
37
39
44
47
54
3
8
9
11
27
29
38
54
60
62
30
39
42
45
47
49
51
55
59
64
1
4
7
12
14
19
27
35
38
41
24
37
38
40
41
43
44
51
53
55
0
3
6
9
10
11
13
18
21
24
33
44
47
50
52
54
56
59
62
65
5
9
11
12
13
15
38
53
58
59
3
8
10
12
14
16
22
30
32
34
17
26
29
32
34
35
37
42
45
48
11
17
20
21
22
24
26
31
34
35
22
29
32
35
37
38
40
46
49
52
0
5
8
9
10
12
14
19
22
23
7
11
14
18
19
20
22
25
28
31
5
15
18
21
23
25
27
33
36
39
3
10
12
16
20
22
24
29
31
34
67
