time_cost:2198298ms
ontime_proportion:0.711111
max_delay:36
avg_delay:5.655556
avg_flowtime:28.122222
object function value:2826.296296
0
0
0
0
0
0
0
0
0
0
0
0
0
0
0
0
0
39
43
44
45
0
3
4
5
27
31
51
56
57
59
0
0
0
0
0
0
22
28
29
30
0
0
0
0
0
0
0
0
2
3
0
0
0
0
31
33
53
58
60
63
0
0
0
1
3
5
22
26
29
30
0
0
0
1
11
13
48
53
54
55
0
0
0
0
0
1
11
16
18
21
0
0
0
0
0
0
39
42
44
45
0
0
0
0
5
7
31
36
37
38
0
0
1
2
7
8
38
41
43
44
0
0
0
0
0
0
32
36
38
39
0
0
1
2
3
5
21
26
27
28
26
29
31
34
35
37
39
44
46
49
0
0
0
0
2
26
52
56
58
59
0
0
0
0
0
0
0
2
3
4
0
1
2
3
5
7
22
26
27
28
0
0
0
0
0
0
0
0
2
6
0
0
0
3
4
6
16
21
23
26
0
0
0
0
0
1
15
20
22
24
0
0
0
0
2
12
52
56
57
58
0
0
0
0
0
2
13
18
19
20
0
0
0
0
0
0
0
0
0
0
0
0
0
0
0
0
0
0
0
0
0
0
0
0
0
0
0
1
3
4
0
0
0
0
0
0
0
0
0
1
0
0
0
0
7
9
43
48
49
50
0
0
0
0
0
0
0
0
0
0
0
0
0
0
0
0
0
0
0
3
0
0
0
0
0
0
0
2
5
6
0
0
0
0
29
33
56
60
61
62
0
0
0
0
0
0
0
0
1
2
0
0
0
0
0
0
0
0
0
1
0
0
0
0
0
0
0
0
3
6
0
6
8
11
12
14
26
31
33
36
0
0
0
0
5
7
24
29
30
31
0
0
0
0
0
2
15
19
22
23
0
0
2
5
8
29
49
54
56
59
0
0
0
0
0
0
0
1
2
3
2
5
7
8
10
11
15
18
20
21
12
16
17
19
20
22
24
28
29
32
26
29
30
31
32
34
35
38
39
40
36
39
41
42
44
45
51
54
56
57
4
8
11
12
14
16
18
25
28
30
1
6
8
10
11
12
38
43
45
47
8
13
14
15
18
20
33
38
39
40
17
20
21
22
23
25
29
32
33
34
6
10
11
12
15
18
20
24
25
26
41
46
48
51
52
54
55
60
62
65
29
34
36
39
40
42
44
49
51
54
1
4
6
8
9
11
12
15
17
20
3
10
12
14
16
18
38
44
46
48
11
15
16
17
19
21
25
30
31
32
7
11
12
14
15
16
27
31
32
34
4
8
9
10
11
12
14
18
19
20
8
13
15
18
21
23
43
48
50
53
17
21
22
23
24
25
27
31
32
33
10
15
17
19
23
24
48
53
55
57
5
8
9
10
11
13
14
17
19
20
22
25
26
27
28
30
31
36
38
40
13
17
18
20
21
24
26
30
31
33
1
4
6
12
14
15
16
19
21
24
15
20
22
25
26
28
34
39
41
44
8
12
13
14
33
35
56
60
61
62
1
4
6
7
9
10
19
22
24
25
13
17
20
21
25
27
47
51
55
57
9
12
14
16
17
19
20
23
25
27
3
9
10
11
12
16
18
23
26
29
1
6
10
13
16
19
20
25
27
30
12
17
18
19
21
23
42
47
48
49
12
15
17
19
21
25
26
29
31
34
1
4
6
7
9
10
17
20
22
23
6
16
19
23
25
29
56
61
63
65
34
39
40
43
44
45
47
52
53
56
10
14
15
16
18
20
22
26
27
28
2
7
9
12
13
15
17
22
24
28
29
34
36
39
41
43
54
61
63
65
23
27
28
29
30
31
34
38
39
40
5
9
12
13
16
20
21
24
26
30
5
11
13
15
20
22
46
51
53
55
4
8
11
12
14
16
18
22
25
28
8
12
15
16
22
26
28
32
35
36
1
5
6
7
8
9
24
28
29
31
8
12
13
15
18
21
23
27
28
29
11
14
16
18
23
26
28
31
33
35
29
33
36
37
39
41
43
47
50
51
8
13
14
19
20
23
25
30
31
34
8
11
13
15
17
18
19
22
24
25
5
9
10
11
16
18
20
24
25
26
66
