time_cost:5941ms
ontime_proportion:0.455556
max_delay:36
avg_delay:7.833333
avg_flowtime:36.777778
object function value:5670.370370
0
0
0
0
0
0
0
18
23
25
27
0
0
0
0
1
3
15
20
25
29
0
0
0
0
0
0
0
0
0
0
0
0
0
0
0
0
0
0
0
3
0
0
0
0
0
1
35
46
48
50
0
0
0
0
4
6
18
24
28
30
0
0
0
0
1
2
32
40
49
52
0
0
0
0
2
4
16
22
27
28
0
0
0
0
0
0
0
28
31
33
0
0
0
0
0
6
35
45
47
49
0
0
0
0
0
0
0
0
2
3
0
0
0
0
0
0
0
2
4
5
0
0
0
0
2
3
22
29
33
36
0
0
0
0
0
0
32
40
49
52
0
0
3
6
8
10
24
32
35
38
0
0
0
0
0
0
35
46
50
52
0
0
0
0
1
2
15
20
30
32
0
0
0
0
0
0
0
0
0
2
0
2
4
6
7
9
21
25
34
36
0
0
0
0
0
0
0
3
6
12
0
0
0
0
0
0
0
0
0
0
0
0
0
0
2
4
22
30
32
34
0
0
0
0
0
0
0
0
0
2
0
1
3
5
7
9
24
32
34
36
0
4
6
8
10
12
22
29
31
38
0
0
0
0
0
0
0
0
0
0
0
0
0
2
3
5
39
50
53
54
0
0
0
0
0
0
0
0
0
0
13
19
22
24
25
27
37
48
52
54
0
5
7
9
11
13
27
35
37
39
0
0
0
0
3
5
27
31
36
39
4
21
24
26
27
32
42
53
55
57
0
2
5
8
12
14
27
34
38
41
0
0
0
0
0
0
0
0
0
2
0
0
2
5
6
7
29
34
38
41
0
0
0
0
0
0
0
0
5
8
0
3
8
11
13
15
24
31
36
39
0
0
0
0
0
8
43
53
55
57
0
0
0
0
0
0
15
21
23
25
0
0
0
0
0
7
38
47
54
56
3
8
11
14
16
17
27
37
40
43
14
20
22
25
26
33
44
54
57
59
5
9
12
15
17
19
27
34
43
46
12
19
21
23
24
27
28
31
33
35
1
6
8
10
15
21
30
41
43
45
19
25
27
29
31
37
46
56
57
59
8
15
18
19
20
23
40
50
53
54
0
4
6
10
11
13
25
32
35
37
12
18
20
21
23
24
26
30
32
33
4
9
12
15
17
18
20
25
28
40
3
8
11
16
18
19
27
37
40
43
16
26
28
29
30
31
39
49
52
53
12
18
21
24
28
32
33
39
41
43
1
6
9
12
14
16
29
37
46
50
6
12
15
18
19
22
35
43
56
59
6
12
15
16
18
25
29
37
40
41
9
15
18
20
21
25
41
51
54
55
9
16
18
20
26
28
30
37
39
41
18
23
29
31
33
38
48
58
60
62
18
24
27
28
29
30
39
48
52
53
17
24
26
27
30
36
46
57
59
60
6
12
15
17
23
26
28
34
37
38
7
12
15
17
19
21
22
27
28
33
7
15
16
18
21
23
24
29
30
42
8
14
17
18
26
28
43
55
59
60
2
7
9
11
13
15
17
22
24
26
21
28
29
31
32
38
48
58
59
61
8
11
14
19
24
29
45
55
60
63
13
18
20
22
28
35
48
59
62
64
14
23
25
27
28
34
47
59
61
63
11
18
21
24
25
26
32
43
64
67
8
12
19
23
34
39
50
59
63
66
1
9
12
18
20
21
23
28
31
36
4
11
14
16
19
21
30
40
41
43
15
20
23
25
30
33
34
40
43
45
2
13
16
22
25
28
30
33
41
44
15
21
26
28
31
39
49
61
63
65
11
17
19
21
29
31
33
39
43
45
11
18
19
21
23
25
35
44
45
48
8
15
17
20
27
30
32
37
41
44
1
6
9
15
17
19
21
26
32
35
21
26
30
32
36
43
52
62
65
67
11
16
19
21
30
33
35
40
44
46
14
22
24
26
35
41
51
61
66
68
9
17
18
20
22
24
32
43
44
46
18
27
29
30
35
41
51
63
67
68
2
7
9
13
15
17
19
24
26
29
13
19
21
23
26
30
31
36
38
40
5
9
12
17
21
23
25
28
35
38
20
26
28
29
36
43
51
63
67
68
69
