time_cost:2552563ms
ontime_proportion:0.777778
max_delay:30
avg_delay:4.211111
avg_flowtime:28.711111
object function value:2179.259259
0
0
0
0
2
4
6
34
39
51
54
0
0
0
0
0
0
0
0
0
0
0
1
3
6
8
10
32
39
44
48
0
0
0
0
0
0
0
0
0
0
0
0
0
0
0
2
7
12
14
15
0
0
0
0
0
0
0
0
0
0
0
0
0
0
2
4
28
35
38
44
0
0
0
0
0
0
0
0
0
1
0
0
0
0
0
0
0
3
11
14
0
0
0
0
0
0
0
0
0
0
0
0
0
0
0
0
0
2
7
11
0
0
1
2
3
5
31
37
42
43
0
0
0
1
4
6
40
46
52
55
0
0
0
0
0
2
23
29
34
37
0
0
0
0
2
4
22
28
31
32
0
0
0
0
6
8
41
46
55
58
0
0
0
0
0
0
0
0
2
5
0
0
0
0
0
0
0
0
0
7
0
0
0
0
0
0
0
0
0
0
0
0
0
0
0
0
0
0
0
0
0
0
0
0
0
0
38
42
49
52
0
0
0
0
0
0
0
0
0
1
0
0
0
0
0
0
17
23
25
28
0
0
2
5
9
12
31
39
47
50
0
0
0
0
0
0
12
16
24
25
0
2
4
7
8
10
12
15
17
20
0
0
0
0
0
1
7
14
17
20
0
0
0
0
0
0
24
31
32
37
0
0
0
0
0
0
0
0
1
4
0
0
0
0
0
0
0
2
9
12
0
3
4
7
9
11
13
17
20
23
0
2
5
6
7
9
10
14
17
18
0
0
0
0
0
0
0
0
1
2
0
0
0
0
0
0
33
40
47
49
25
31
32
35
37
39
41
45
46
49
0
0
0
0
0
0
0
3
6
7
0
0
3
4
5
7
8
12
15
16
0
0
0
0
1
3
4
9
12
13
0
0
0
0
0
2
27
35
38
41
0
0
0
0
0
0
31
38
45
48
0
12
15
16
18
20
26
32
35
36
31
37
41
44
46
48
50
54
55
58
5
10
13
16
18
20
23
27
29
32
7
11
14
15
16
19
20
25
28
29
8
17
19
20
24
26
34
41
54
55
21
27
29
32
34
36
37
40
42
50
15
22
27
28
29
31
32
36
42
43
9
13
15
18
20
22
24
32
36
39
0
4
5
9
11
13
28
32
37
40
2
5
7
10
17
19
30
35
39
46
23
32
35
38
40
41
42
47
50
53
29
35
40
42
43
45
46
50
55
57
6
10
13
14
17
18
20
24
28
29
9
17
20
21
22
24
25
29
34
35
5
10
13
15
16
18
19
24
27
28
13
20
22
25
26
28
30
33
36
39
10
15
18
21
23
24
39
46
55
58
20
25
28
29
30
32
33
37
41
42
3
6
8
9
10
11
13
16
18
19
2
7
9
11
12
13
14
19
21
24
15
20
25
28
30
32
33
37
43
46
18
23
25
28
29
31
38
44
52
55
8
15
16
18
19
21
30
39
43
45
3
8
11
13
14
15
16
21
23
26
21
27
28
30
31
33
34
38
39
41
12
19
21
23
24
25
26
31
34
36
7
12
14
17
22
24
35
42
49
54
21
26
29
32
34
36
37
40
42
45
5
8
11
12
14
15
24
30
34
35
27
34
36
39
41
43
45
49
52
55
2
7
10
13
15
16
17
22
25
30
11
15
18
21
23
25
30
37
41
47
15
25
28
34
36
38
39
42
44
52
14
20
23
24
25
27
28
34
37
38
5
9
10
13
15
17
19
23
24
27
20
28
31
34
36
37
38
43
46
49
2
7
9
12
14
15
16
21
24
27
28
35
39
42
44
46
47
50
52
56
3
10
12
13
15
17
25
32
35
38
22
28
32
34
37
39
40
44
54
56
18
28
31
34
36
37
38
43
46
49
26
31
34
37
39
41
43
47
48
51
1
5
6
9
18
20
35
44
49
52
2
7
10
11
12
14
15
20
23
24
10
18
23
25
26
27
28
33
35
37
1
4
6
10
12
14
15
18
20
25
10
16
18
20
21
23
24
29
32
36
8
14
15
19
21
23
33
39
49
53
17
25
28
29
32
34
36
41
45
46
12
18
20
21
25
27
35
40
53
54
60
