time_cost:2784639ms
ontime_proportion:0.655556
max_delay:34
avg_delay:6.966667
avg_flowtime:33.744444
object function value:3569.259259
0
0
0
1
3
5
7
30
40
41
43
0
0
0
0
0
0
0
0
3
6
17
22
25
27
28
30
48
59
61
63
0
0
0
1
6
8
36
46
49
50
0
0
0
0
0
0
0
0
0
2
0
0
0
1
3
5
35
44
46
47
22
29
34
37
38
39
41
46
53
56
0
0
0
0
0
0
9
15
18
20
0
1
2
4
7
9
39
50
51
54
0
0
0
2
5
7
33
41
44
47
0
0
0
0
1
3
14
20
22
29
0
1
4
7
9
13
15
19
23
26
5
9
11
13
14
16
18
22
26
28
0
0
0
0
0
0
0
0
3
6
0
0
0
0
0
0
44
59
62
63
0
0
2
3
4
6
13
21
24
25
0
0
0
0
0
2
22
31
32
35
19
24
25
27
28
30
31
36
37
39
0
18
22
27
30
32
39
48
50
52
0
0
0
0
1
3
17
24
28
29
0
0
0
0
2
4
25
32
33
38
0
0
0
0
3
5
39
55
56
58
0
0
0
0
0
0
0
0
1
3
0
0
0
1
9
13
44
59
62
63
0
0
0
0
0
0
12
18
19
21
0
0
0
0
7
9
40
56
59
60
0
0
0
0
3
5
30
41
44
46
0
0
0
0
0
0
16
24
26
28
0
0
0
0
0
0
14
21
23
25
0
0
0
0
0
0
0
0
1
3
14
19
22
23
24
26
28
34
38
39
0
0
0
0
0
0
0
0
0
2
0
0
0
0
0
0
42
50
53
54
0
0
0
0
0
0
0
0
0
4
0
0
0
0
0
0
0
0
0
0
0
0
0
0
0
1
13
18
21
23
0
0
0
0
0
0
0
0
0
0
0
1
2
4
5
7
19
24
25
27
0
0
0
0
1
3
31
41
44
45
0
0
0
0
0
0
0
0
0
0
0
5
8
11
13
22
30
39
42
46
0
3
6
9
10
11
18
22
27
30
0
3
4
6
7
9
10
14
15
19
23
31
34
37
38
39
41
46
52
55
7
11
20
23
24
25
27
35
38
43
19
27
30
33
35
36
38
43
46
49
6
10
13
15
18
26
35
45
48
51
18
27
29
31
32
33
35
39
42
44
8
12
15
18
19
20
22
29
32
35
14
18
23
25
26
28
36
47
49
51
3
7
9
13
15
20
33
41
43
45
12
26
29
32
34
35
37
42
47
50
30
37
40
43
45
47
49
52
55
58
30
40
43
46
48
49
51
56
59
62
9
16
18
20
22
24
26
32
36
39
3
28
33
34
36
38
40
53
56
58
6
9
12
15
16
17
20
26
29
32
5
11
18
20
22
24
34
43
45
48
9
17
18
20
22
24
25
31
32
34
29
35
38
42
43
44
46
49
52
55
4
9
12
15
17
18
20
25
28
31
22
32
35
38
40
41
43
49
52
55
3
6
12
15
16
18
26
33
41
44
5
12
14
17
18
19
21
25
27
29
1
5
7
9
11
14
18
24
27
29
0
4
6
8
9
10
33
43
45
47
0
3
6
9
10
11
13
16
19
22
30
38
41
42
43
45
47
54
57
59
1
7
9
10
11
12
14
20
23
24
11
17
20
23
25
26
28
36
39
42
5
10
12
14
17
24
27
34
36
38
22
30
31
33
34
36
37
49
50
52
22
29
31
33
35
37
39
44
47
50
8
14
16
18
19
21
37
49
51
53
9
15
20
25
27
29
35
45
47
52
9
15
18
19
20
22
25
32
35
36
2
8
10
12
15
17
25
32
35
37
8
13
14
19
21
28
34
45
46
48
5
9
10
12
13
15
16
20
21
23
30
38
41
42
43
45
47
52
55
56
2
6
8
10
11
12
40
57
59
60
10
14
17
20
23
28
39
47
50
53
5
9
11
13
14
16
18
22
24
26
25
34
37
40
42
43
45
50
53
56
2
5
8
11
13
15
35
46
49
52
16
22
24
26
28
30
32
37
39
41
7
12
15
16
17
19
21
26
29
30
25
37
40
41
42
44
46
51
55
56
2
12
15
18
20
22
24
29
33
45
10
15
16
18
19
21
22
25
26
28
64
