time_cost:10394ms
ontime_proportion:0.700000
max_delay:23
avg_delay:3.322222
avg_flowtime:26.500000
object function value:2883.333333
0
0
0
0
0
0
0
0
0
0
0
0
0
0
0
0
29
39
44
46
47
8
13
14
15
16
20
30
36
37
38
11
13
15
16
18
19
23
26
30
34
0
0
0
0
0
2
30
35
36
37
0
0
0
0
5
7
35
39
42
43
0
0
0
1
2
4
27
33
35
36
0
0
0
0
0
0
20
23
25
28
0
0
0
0
0
0
0
0
2
4
0
0
0
0
0
0
0
4
6
8
0
0
0
0
0
0
18
26
29
30
0
0
0
0
0
0
0
0
0
1
0
0
0
0
0
0
22
27
28
31
0
0
0
0
0
0
0
0
0
0
0
0
0
0
0
0
10
12
13
14
0
0
0
0
0
0
0
1
4
8
0
0
0
0
0
0
0
4
10
14
0
0
0
0
0
5
35
40
41
42
0
0
0
0
0
0
0
0
1
3
0
0
0
0
0
1
25
28
30
31
0
0
0
0
0
0
0
0
1
3
0
0
1
2
3
5
29
34
35
36
0
0
0
0
2
4
35
40
42
44
0
0
2
4
5
6
31
36
38
40
0
0
0
3
7
9
28
33
35
38
0
0
0
0
0
2
34
38
39
40
0
0
1
2
3
5
20
26
27
28
0
2
5
6
10
12
34
38
41
42
0
0
0
0
0
0
0
0
2
5
0
2
3
4
22
26
44
50
51
52
0
0
0
0
0
0
0
0
0
1
0
2
4
6
9
12
20
23
25
27
0
0
0
0
1
2
13
18
20
23
0
0
0
0
0
0
0
0
0
0
0
0
0
2
3
5
42
48
50
52
0
0
0
0
1
3
22
25
26
27
0
0
0
0
0
0
0
0
0
0
0
0
0
0
0
0
0
1
3
5
0
1
2
3
5
7
33
37
38
40
0
0
0
0
0
0
0
0
0
0
7
12
13
14
15
17
20
25
26
27
16
20
21
22
23
24
26
30
31
36
4
7
9
11
12
14
16
19
22
24
22
25
26
27
28
30
31
35
36
37
0
3
4
5
6
8
30
33
34
35
9
15
17
22
23
25
30
35
37
40
5
9
10
11
14
15
17
21
22
23
17
20
22
24
25
27
28
31
33
35
8
13
15
18
19
23
40
45
47
49
11
14
15
16
17
20
23
27
28
29
22
26
27
28
29
30
32
36
37
38
14
18
19
20
22
24
26
30
31
32
12
17
20
22
27
28
36
41
43
45
10
14
15
16
17
18
22
26
27
28
2
7
9
12
13
14
15
21
24
27
2
6
9
10
12
14
16
20
23
25
1
6
11
13
15
17
37
42
44
46
6
10
11
12
14
16
18
22
23
24
1
4
5
6
7
9
13
16
17
18
2
6
7
8
9
10
14
18
20
21
29
33
36
37
39
41
43
47
50
52
1
5
6
8
9
11
33
37
38
39
0
5
7
9
10
11
12
17
19
21
7
11
12
13
15
24
45
50
51
52
27
31
34
35
37
39
41
45
49
50
20
23
27
29
30
32
38
41
43
45
19
22
24
26
27
29
41
46
48
50
6
10
13
14
16
18
23
28
31
32
14
18
19
20
21
22
26
30
31
32
10
15
16
17
19
23
34
39
40
41
6
11
13
17
18
20
36
41
43
46
1
4
5
6
7
9
18
21
23
24
21
26
27
30
31
32
36
41
42
45
9
14
16
19
20
21
40
45
46
49
1
5
6
7
8
9
25
29
30
31
3
8
9
10
11
15
17
23
24
26
4
8
9
10
12
14
16
20
21
24
8
13
15
17
18
19
25
30
32
35
3
8
9
12
14
16
21
27
28
32
13
16
18
20
21
23
26
29
31
33
2
6
7
8
9
10
30
34
35
36
13
16
18
19
21
22
25
28
30
33
6
11
12
13
19
26
39
44
45
46
14
19
21
23
24
26
33
36
38
40
18
22
23
24
26
28
31
35
36
39
5
9
10
11
14
20
38
43
45
46
11
16
18
20
21
22
26
31
33
35
26
31
33
35
36
37
38
43
45
47
35
38
40
41
43
44
45
48
50
51
5
10
12
15
26
28
37
42
44
47
54
