time_cost:3405380ms
ontime_proportion:0.655556
max_delay:35
avg_delay:6.933333
avg_flowtime:33.422222
object function value:3558.518519
0
0
0
1
3
5
7
9
20
21
23
0
0
0
0
0
0
0
0
1
4
0
3
5
7
8
9
12
17
20
22
0
0
0
1
6
7
33
42
45
46
0
0
0
0
0
0
0
0
0
2
0
0
0
2
4
6
37
47
49
50
10
15
30
33
34
35
37
43
47
50
0
0
0
0
0
0
31
40
43
45
0
1
2
4
6
8
13
19
21
26
0
0
0
0
2
4
26
30
33
36
0
0
0
0
1
3
28
34
36
38
0
1
4
7
18
25
37
49
52
56
6
16
18
20
21
24
33
45
47
49
0
0
0
0
0
0
0
0
1
3
0
0
0
0
0
0
46
59
63
64
0
0
2
3
4
6
11
24
27
28
0
0
0
0
0
2
29
36
37
39
0
3
4
6
7
9
11
18
19
21
0
5
7
9
11
13
15
20
22
24
0
0
0
0
4
9
33
42
46
47
0
0
0
0
2
4
12
18
23
25
0
0
0
0
0
2
22
30
31
33
0
0
0
0
0
0
0
0
1
3
0
0
0
1
3
5
36
46
49
50
0
0
0
0
0
0
35
46
48
50
0
0
0
0
5
10
45
59
63
64
0
0
0
0
8
11
34
48
50
52
0
0
0
0
0
0
17
26
28
30
0
0
0
0
0
0
10
16
18
20
0
0
0
0
0
0
0
0
3
5
21
31
34
35
36
38
40
45
48
49
0
0
0
0
0
0
0
0
0
2
0
0
0
0
0
0
10
17
19
20
0
0
0
0
0
0
0
0
0
6
0
0
0
0
0
0
0
0
0
0
0
0
0
0
0
1
33
40
44
45
0
0
0
0
0
0
0
0
0
0
0
1
3
5
9
13
47
58
61
63
0
0
0
0
2
4
35
43
47
48
0
0
0
0
0
0
0
0
0
0
0
9
12
16
18
20
28
36
39
42
30
37
40
43
44
45
47
51
54
57
0
3
4
6
7
9
29
36
37
39
6
11
18
21
22
23
32
39
43
46
21
24
27
30
31
32
45
55
58
61
0
9
12
15
17
18
20
27
38
41
29
37
39
41
42
43
45
49
51
53
0
4
6
8
9
10
19
25
28
30
8
12
28
31
32
33
35
40
43
46
26
34
36
38
39
41
43
54
57
59
8
13
15
17
18
20
25
37
44
46
1
6
9
14
17
18
26
33
39
42
3
6
9
12
14
16
18
21
25
29
29
37
40
43
45
46
48
54
57
60
2
7
9
11
13
15
17
22
24
26
3
8
11
12
15
17
19
24
29
30
12
17
20
23
24
25
27
33
41
44
21
29
31
33
35
37
39
44
46
50
14
22
23
25
27
29
30
36
38
40
26
33
36
39
40
41
43
46
49
52
15
23
26
29
31
32
41
52
55
58
12
19
22
25
27
28
38
51
54
57
5
8
11
14
15
16
18
21
24
27
24
32
35
36
37
39
41
49
51
53
9
15
17
19
20
22
24
28
31
33
0
4
6
10
11
12
43
57
59
61
31
39
42
45
46
47
49
52
55
58
12
19
23
24
25
27
38
49
52
53
19
25
27
28
29
30
37
47
50
51
6
12
15
20
22
23
30
39
44
47
8
14
16
18
19
20
22
27
29
31
9
12
15
17
19
21
28
36
46
48
25
31
33
35
37
39
41
46
48
52
8
15
17
19
25
30
47
59
61
63
7
14
16
18
20
22
24
31
33
35
5
11
14
15
16
18
20
27
34
35
23
33
35
37
39
41
43
52
54
56
1
6
7
9
11
13
14
19
20
22
4
7
8
10
13
15
16
19
20
22
3
8
11
12
13
15
17
22
25
26
2
6
8
9
10
11
13
17
19
21
13
22
25
28
30
32
34
37
41
44
6
12
14
16
17
19
24
30
33
35
16
28
31
34
38
40
42
56
60
63
5
9
12
15
23
26
34
42
45
48
28
35
37
39
41
43
45
50
52
54
21
30
33
34
35
37
39
51
54
55
4
14
17
18
21
24
33
43
46
47
21
27
30
33
35
37
39
48
51
54
7
11
12
14
15
17
18
21
22
24
65
