time_cost:5950ms
ontime_proportion:0.477778
max_delay:48
avg_delay:8.444444
avg_flowtime:37.688889
object function value:5478.518519
0
0
0
0
1
3
4
27
34
37
39
0
0
0
0
0
0
0
42
45
47
0
0
0
0
0
0
11
26
28
31
0
0
0
0
0
0
0
0
0
0
0
0
0
0
0
0
0
0
2
3
0
0
0
0
0
0
0
0
0
1
0
0
0
0
0
0
26
32
36
39
0
0
0
0
0
0
0
0
0
1
0
0
0
0
3
4
21
30
32
36
0
0
0
0
0
0
0
0
0
0
0
0
0
0
0
1
25
31
40
43
0
0
0
0
0
0
0
0
0
2
0
0
0
0
0
0
0
0
0
0
0
0
3
5
6
8
33
41
44
46
0
0
0
2
5
6
20
28
30
33
0
0
0
0
1
3
11
17
19
21
0
4
7
9
11
12
14
18
21
23
0
7
9
11
12
13
29
37
39
41
0
0
0
0
0
0
0
0
0
0
0
0
0
0
0
0
0
0
0
2
0
0
0
0
0
0
29
33
36
38
0
2
5
7
8
10
35
45
48
50
0
0
0
0
0
0
0
0
2
5
0
1
4
6
8
9
31
39
42
44
0
0
0
0
1
3
11
17
19
23
0
3
4
7
9
10
21
29
32
35
0
0
0
0
0
1
26
33
43
51
0
0
0
0
0
0
0
0
1
4
0
0
0
0
0
0
34
44
47
49
0
0
0
0
0
0
12
31
36
41
0
0
1
4
6
7
38
53
54
57
0
0
0
0
1
2
39
52
55
58
0
3
6
8
9
11
12
19
22
24
0
0
0
0
0
0
0
0
0
0
0
0
1
3
4
6
10
16
18
20
0
0
0
0
0
0
11
19
21
23
0
0
0
0
0
0
9
15
17
19
0
0
0
0
0
0
34
43
46
48
0
0
0
0
3
5
15
23
26
28
18
22
24
26
27
28
30
36
38
40
9
14
16
18
19
21
27
35
38
40
5
11
12
15
17
18
42
54
57
60
12
16
20
22
23
25
35
48
51
53
3
9
11
13
14
15
17
21
23
25
4
8
18
21
23
24
42
54
56
59
9
13
22
24
25
27
38
51
53
55
3
7
9
11
12
14
16
22
24
27
4
8
11
13
14
16
17
23
26
29
1
5
8
10
12
13
31
38
41
43
7
11
13
14
16
17
18
21
23
26
8
14
16
17
19
20
21
24
26
29
10
15
21
23
24
26
38
51
54
56
10
16
26
28
29
31
42
54
58
60
4
9
11
13
15
17
20
28
30
35
4
8
13
17
19
20
24
30
33
37
0
5
7
9
10
12
15
26
28
30
24
30
32
33
35
36
37
46
48
49
13
19
28
30
31
33
47
57
63
65
5
9
11
14
16
20
45
55
60
63
13
18
26
28
29
32
49
59
66
68
13
18
24
26
31
34
51
60
68
70
22
28
30
31
33
34
35
48
50
51
20
26
32
34
35
36
52
61
68
70
16
20
26
28
33
35
52
62
75
77
0
6
8
10
12
13
19
26
28
31
22
27
33
35
36
37
54
63
70
72
22
27
34
36
37
38
52
62
71
73
8
13
16
19
22
23
24
30
35
41
1
5
7
10
13
15
44
55
60
63
5
11
14
16
17
19
24
32
36
38
20
25
33
35
38
42
56
66
73
75
5
10
11
14
16
17
43
56
59
62
8
15
17
19
21
22
23
28
31
35
15
22
30
32
41
44
56
67
74
76
7
14
16
19
21
22
24
32
35
40
8
12
21
24
28
32
48
57
63
66
24
29
35
36
38
39
40
47
49
50
14
20
28
30
39
42
56
65
72
74
18
24
28
30
36
40
54
64
70
72
19
24
30
32
41
43
56
65
72
75
4
9
17
20
22
23
47
57
62
65
0
7
14
17
19
26
49
58
65
68
2
5
23
26
28
30
46
58
65
68
17
23
31
33
43
45
58
68
74
77
23
29
36
37
39
40
41
50
52
53
5
9
18
21
26
29
48
60
68
71
0
11
14
16
17
19
25
33
38
40
26
31
35
38
40
41
42
49
51
53
9
13
16
18
20
21
30
37
40
45
0
11
14
16
18
19
31
40
43
47
78
