time_cost:2519549ms
ontime_proportion:0.744444
max_delay:30
avg_delay:4.166667
avg_flowtime:30.100000
object function value:2558.888889
0
0
4
6
8
9
10
11
16
18
20
0
0
0
0
0
0
21
31
35
39
0
0
0
0
0
0
0
0
3
4
0
0
0
1
2
3
9
15
17
19
0
0
0
0
19
21
38
51
52
55
0
0
0
0
0
0
0
0
2
3
0
0
0
0
0
0
26
32
35
37
0
0
0
0
0
0
0
3
7
10
0
3
5
7
9
11
33
46
51
53
0
0
0
0
1
3
5
11
14
15
0
0
0
0
0
0
0
0
0
0
0
0
0
0
0
0
0
0
0
1
0
0
1
2
3
5
34
40
42
43
0
0
0
0
0
0
0
0
0
0
0
2
11
14
18
20
37
51
55
58
0
0
0
1
4
7
36
42
44
45
0
0
0
0
0
0
33
44
48
51
0
0
0
0
2
4
33
39
42
43
0
0
0
0
5
7
23
32
36
38
0
0
1
4
7
9
31
43
46
49
0
0
0
0
0
0
20
23
30
33
0
0
0
1
2
4
8
14
17
20
0
0
0
2
5
7
21
28
29
33
0
0
0
0
0
0
16
19
24
27
0
0
2
3
4
5
20
33
35
36
0
0
0
0
0
0
31
42
43
46
0
0
0
0
0
0
14
26
28
29
0
0
0
0
0
0
0
0
0
1
0
1
3
6
7
9
11
16
18
21
0
0
0
0
3
5
12
17
21
24
0
0
0
0
0
0
13
19
21
22
0
0
1
3
4
6
32
42
44
45
0
0
0
0
0
1
10
14
17
18
0
0
0
0
1
4
31
37
43
46
0
0
0
0
0
0
0
2
5
6
0
0
0
0
0
0
0
1
4
5
0
0
0
0
1
2
13
18
20
22
0
0
0
0
0
1
26
34
38
39
0
0
0
0
0
0
35
44
47
50
0
0
0
0
0
2
28
36
40
41
1
5
8
9
10
12
13
17
20
21
4
7
9
12
13
15
17
20
22
25
2
7
10
11
12
14
15
20
23
24
9
23
26
29
31
32
33
38
41
44
5
12
14
18
19
20
21
27
29
31
7
12
14
16
19
20
35
50
53
55
17
28
31
32
33
35
36
44
49
50
4
9
11
13
14
15
16
21
23
25
18
22
25
26
27
28
37
47
49
50
8
14
17
20
22
23
24
29
32
35
7
11
13
14
15
16
23
26
29
30
26
32
35
38
40
41
42
47
50
53
29
39
42
45
46
48
49
54
57
59
2
7
10
12
13
15
16
21
24
25
30
38
40
43
45
47
48
52
55
58
23
29
32
35
37
38
39
44
50
53
25
35
37
40
42
44
46
50
51
55
6
12
15
18
20
21
29
41
44
47
6
10
12
15
16
18
20
23
25
28
25
33
36
37
38
40
41
47
50
53
20
30
33
34
35
37
38
47
50
51
7
10
15
18
20
22
31
35
40
46
17
26
29
34
36
38
39
52
54
57
7
12
14
17
18
19
20
25
27
29
1
5
6
8
9
11
28
33
38
40
31
37
40
41
42
44
45
50
53
54
4
9
12
15
17
18
19
24
27
30
25
30
33
36
37
39
41
49
53
56
9
13
16
17
18
19
40
51
54
55
1
4
6
7
8
9
11
14
16
17
5
10
12
13
15
16
18
21
23
25
12
17
20
23
25
26
28
34
37
40
3
8
10
11
12
13
15
18
20
21
9
15
18
20
21
23
24
33
34
36
14
24
26
29
31
33
34
40
43
46
13
25
29
31
32
34
35
44
47
48
3
6
8
13
17
19
32
42
46
49
1
5
7
10
11
13
17
28
30
33
28
34
37
38
39
41
42
46
49
52
32
37
39
42
43
45
47
50
52
56
4
8
11
12
13
15
16
20
23
24
1
5
6
8
9
11
22
32
33
35
21
27
30
32
33
35
36
42
45
46
14
18
19
21
22
24
27
32
33
35
25
30
32
33
34
35
37
40
43
44
12
16
18
19
20
21
24
28
31
32
2
7
9
11
12
13
14
23
25
27
0
3
5
8
15
17
29
36
38
44
27
36
39
40
41
43
44
48
51
52
19
25
26
29
31
33
38
45
46
57
60
