time_cost:6054ms
ontime_proportion:0.500000
max_delay:31
avg_delay:5.777778
avg_flowtime:35.733333
object function value:5191.111111
0
0
0
1
4
6
7
22
27
29
32
0
0
1
3
4
6
23
28
30
32
0
0
0
0
0
0
0
0
0
0
0
0
0
0
2
4
26
31
34
36
0
0
0
0
0
0
19
24
31
35
0
0
0
0
2
3
16
19
27
30
0
0
0
0
0
0
0
0
0
0
0
0
0
0
0
0
0
0
2
4
0
0
0
0
0
0
15
21
26
29
0
0
0
0
0
0
3
23
30
32
0
0
0
0
0
0
0
0
0
2
0
0
0
0
0
0
0
0
0
0
0
0
0
0
0
0
0
0
1
4
0
0
0
1
3
4
17
21
26
27
0
0
1
3
4
6
17
22
29
32
0
0
0
0
0
0
0
0
0
0
0
0
0
0
0
0
22
25
29
31
0
2
4
6
7
8
21
27
33
35
0
0
0
0
0
0
0
0
0
0
0
0
0
0
1
5
19
27
33
35
0
0
0
0
0
0
21
26
33
35
0
0
0
0
0
1
14
19
32
35
0
0
0
0
0
0
22
29
36
39
0
3
5
8
10
12
29
35
37
40
0
0
0
0
0
0
0
1
37
40
0
0
0
0
0
0
24
31
37
40
0
4
6
8
9
11
25
30
32
34
0
0
0
0
0
0
0
1
4
6
0
0
0
0
0
0
0
0
0
2
0
0
0
0
0
1
27
33
35
37
0
0
0
0
0
0
0
0
0
2
0
0
0
0
0
0
23
30
37
40
0
0
0
0
1
5
27
32
35
37
0
0
0
0
0
0
19
24
27
30
0
0
0
0
0
2
17
26
31
33
0
0
3
5
6
8
26
31
33
35
0
0
0
0
0
0
31
37
40
43
0
0
0
0
3
4
26
29
32
33
0
0
0
0
1
2
22
28
31
33
0
1
2
5
7
9
30
36
39
42
4
8
13
15
16
18
29
34
37
39
3
8
11
13
14
16
30
36
40
42
18
22
25
27
28
29
33
38
42
44
4
8
10
13
15
17
25
32
39
42
5
10
11
14
16
17
27
35
42
45
11
14
18
21
23
24
34
38
43
46
10
16
20
23
25
26
33
37
42
45
4
8
10
13
17
19
27
36
44
47
0
4
6
8
9
14
21
29
35
37
1
5
7
9
10
12
21
28
35
37
0
3
19
25
27
28
30
36
44
48
6
10
15
18
19
21
37
42
54
56
0
5
6
9
11
13
35
40
45
48
4
9
10
16
18
19
34
39
44
51
9
14
18
21
23
24
29
38
45
48
8
12
17
19
20
22
25
31
40
42
1
6
8
11
13
14
36
41
46
50
2
6
8
11
13
15
31
38
47
50
17
21
27
29
32
35
49
53
59
61
18
23
27
29
30
31
45
49
55
57
2
6
8
11
13
15
35
40
47
50
4
10
13
16
18
20
33
40
49
52
18
22
25
28
29
31
44
48
55
57
14
19
25
26
28
29
30
33
35
36
0
11
16
18
19
21
25
34
40
42
8
13
18
20
21
23
26
34
42
44
6
11
13
15
18
20
40
45
51
53
5
10
13
15
16
23
41
45
52
54
0
4
7
9
11
12
17
21
29
31
9
14
17
19
21
28
46
51
58
60
13
17
24
28
29
30
32
36
42
44
13
17
19
22
24
25
37
41
48
52
6
11
14
20
22
23
33
41
50
56
10
16
20
24
26
32
35
40
50
53
9
14
18
21
22
27
44
49
56
58
8
13
15
19
23
25
35
42
53
56
12
17
23
25
26
27
31
40
48
50
14
18
21
23
24
33
46
51
57
59
4
8
13
15
17
18
20
24
27
29
14
20
23
25
26
28
41
47
53
55
13
18
22
24
30
33
45
50
57
59
19
24
26
27
29
30
31
34
36
37
13
17
25
27
28
30
32
38
47
49
13
18
24
26
27
29
41
46
53
55
8
13
15
19
21
22
39
44
50
56
8
13
15
18
20
21
39
44
49
58
14
20
23
26
31
34
48
53
59
61
12
15
22
27
30
34
36
42
53
56
0
4
11
13
15
16
22
26
29
33
11
15
21
26
29
32
36
41
52
58
62
