time_cost:6079ms
ontime_proportion:0.555556
max_delay:43
avg_delay:6.588889
avg_flowtime:35.377778
object function value:4623.703704
0
0
0
0
0
0
0
0
0
2
4
0
0
0
0
0
0
0
0
1
2
0
0
0
0
0
0
28
31
34
39
0
0
1
3
4
5
19
26
28
30
5
10
13
16
18
19
21
26
30
36
0
0
0
0
0
0
11
17
26
28
0
0
1
2
3
4
19
25
27
28
0
0
0
2
5
8
47
59
64
67
0
0
0
3
5
6
29
38
42
45
0
0
0
0
1
3
18
23
25
27
0
0
0
0
0
0
0
0
0
0
0
0
0
0
3
5
31
41
43
45
0
0
0
0
0
0
13
22
24
27
0
0
0
0
0
0
0
0
0
0
0
0
0
0
0
0
0
1
4
5
0
0
0
0
0
0
0
0
0
0
0
0
0
0
4
7
44
58
61
63
0
0
2
4
6
8
22
34
36
39
0
0
0
0
0
0
13
24
31
32
0
0
30
33
35
36
38
46
49
52
0
0
0
0
2
6
19
27
29
31
0
0
0
0
1
3
19
28
32
42
0
0
0
0
0
0
19
25
26
29
0
0
0
0
0
0
0
0
3
6
0
0
0
0
1
3
27
36
40
42
0
0
0
0
0
0
27
36
42
44
0
0
0
0
0
2
17
20
56
59
39
49
53
54
55
57
59
67
70
71
0
0
0
0
0
0
0
0
0
0
0
0
0
0
0
0
0
0
3
6
0
0
0
0
0
0
50
64
67
69
0
7
10
13
14
15
33
40
43
46
0
0
0
0
6
10
49
63
67
70
0
0
0
0
0
0
0
2
11
17
0
1
2
4
23
33
53
66
69
71
0
0
0
0
0
1
23
31
33
34
0
0
0
0
0
1
17
25
30
32
0
0
0
0
0
0
0
1
4
7
10
15
18
21
23
24
26
31
37
40
8
13
16
17
18
20
22
27
31
32
2
7
9
14
17
19
20
29
35
37
7
12
15
18
20
22
24
29
33
36
1
4
7
10
12
14
16
19
22
25
14
23
26
27
29
31
48
62
66
67
5
10
21
24
26
27
34
44
48
51
10
15
17
19
20
22
24
30
33
35
34
42
45
48
49
50
52
55
59
62
6
12
14
16
17
31
53
65
67
70
13
22
26
28
29
31
33
39
44
46
6
13
16
18
24
26
28
34
38
40
11
20
23
24
25
26
28
32
34
35
2
5
6
8
12
14
30
36
38
41
1
6
7
9
11
13
14
19
20
25
5
10
13
16
18
19
33
41
44
47
29
38
41
44
46
47
49
54
57
60
14
22
25
26
27
29
37
51
55
56
9
16
18
21
22
24
26
30
32
39
26
32
34
36
37
39
54
66
69
71
5
11
14
18
19
21
23
29
34
36
3
8
9
11
15
17
48
62
63
65
15
27
30
31
32
33
35
39
42
43
14
20
23
26
28
29
42
57
60
63
23
33
36
39
41
42
44
53
56
62
0
5
8
9
10
12
32
39
42
43
9
14
17
19
21
24
42
56
63
64
1
4
5
7
8
10
41
52
53
55
0
8
10
12
14
16
18
23
25
27
0
5
8
9
10
12
14
19
22
23
3
6
7
9
10
12
13
16
17
19
5
8
23
26
27
28
30
33
36
39
37
47
51
53
55
57
58
63
65
67
9
13
15
18
19
21
27
34
36
38
0
8
11
14
16
17
19
24
27
30
8
13
20
27
29
31
33
36
39
42
31
37
40
43
44
45
47
50
53
56
10
17
19
20
23
25
45
60
62
63
36
47
50
53
54
55
57
60
63
66
10
17
19
21
22
23
25
29
32
34
13
19
20
22
24
26
39
53
54
57
0
3
4
6
7
9
22
26
27
29
20
29
31
33
34
35
37
45
47
49
2
5
8
11
12
14
16
19
22
25
4
9
12
15
17
18
28
36
39
42
4
9
10
12
14
16
29
37
38
40
5
11
12
14
15
18
19
22
28
30
10
16
18
20
21
23
24
27
28
30
27
34
37
38
39
41
43
48
52
53
23
28
29
31
32
34
42
54
59
61
8
15
16
20
26
28
31
38
40
44
14
17
20
23
25
27
34
43
46
49
73
