time_cost:5947ms
ontime_proportion:0.644444
max_delay:29
avg_delay:5.588889
avg_flowtime:29.155556
object function value:3527.407407
0
0
0
0
0
0
0
0
0
0
0
0
0
0
0
0
1
18
27
30
31
0
0
0
3
5
6
28
37
40
43
0
0
0
0
0
0
0
0
0
1
0
0
0
0
0
0
41
51
54
57
0
0
0
0
0
0
0
0
0
1
0
0
0
0
0
0
0
0
2
3
0
0
0
0
0
0
0
0
0
0
0
0
0
1
3
5
16
22
36
39
0
0
0
0
0
0
0
0
0
0
0
0
0
0
1
2
41
49
51
54
0
0
0
0
0
0
39
46
49
50
0
0
0
0
0
0
31
39
43
44
0
0
0
0
0
2
22
28
33
36
0
0
0
0
0
0
23
30
32
35
0
0
0
0
0
1
13
22
23
25
0
0
0
0
0
0
0
0
1
4
0
0
0
0
0
0
0
0
0
2
0
0
0
0
1
2
15
23
25
26
0
0
0
0
0
0
11
19
25
27
0
0
0
0
0
0
0
0
0
0
0
0
1
2
3
4
24
30
32
33
0
0
0
0
0
0
0
0
0
0
0
0
0
0
0
0
35
41
48
51
0
2
4
6
7
8
32
40
43
45
9
14
16
17
21
23
39
49
51
52
0
0
0
0
0
0
0
0
0
0
0
0
0
0
0
0
0
0
0
0
0
0
0
0
0
0
14
16
18
21
0
0
0
1
3
5
15
23
24
27
0
3
5
6
7
8
29
36
38
39
0
0
0
0
0
0
0
0
2
6
29
35
38
39
40
42
43
47
50
51
0
0
0
0
0
0
0
0
1
4
14
18
20
21
22
23
37
45
47
48
0
0
0
0
0
0
0
0
0
0
0
0
0
0
0
0
35
44
48
49
0
0
2
5
7
9
42
51
52
55
0
0
0
0
0
0
0
0
0
0
0
0
0
0
0
2
21
26
28
31
16
20
22
23
24
25
27
31
33
36
18
27
30
33
35
36
37
42
45
49
12
25
29
35
37
39
40
43
45
48
0
11
14
15
17
19
32
40
43
44
5
10
12
13
14
16
18
24
26
27
18
27
28
30
31
33
34
38
39
42
10
19
22
23
24
26
28
35
38
40
6
13
16
17
22
25
35
47
50
51
5
12
15
18
20
21
26
36
39
42
26
34
37
38
39
41
42
46
49
50
4
8
9
11
12
14
33
42
43
45
0
5
8
9
22
27
42
54
57
58
19
25
27
28
29
31
33
38
40
41
9
14
17
20
21
23
25
30
32
37
9
12
14
15
16
17
24
30
33
34
1
4
6
9
10
12
17
23
28
31
4
9
11
15
20
22
36
47
49
51
19
29
31
32
33
35
37
42
44
46
31
40
42
44
45
46
47
52
54
56
4
8
11
12
13
15
16
20
23
24
30
39
42
43
44
46
47
52
55
56
2
5
7
8
9
10
26
31
35
36
13
19
21
23
24
25
26
32
34
36
26
33
35
36
37
38
40
43
45
46
6
13
16
18
19
21
22
26
27
29
9
14
16
17
18
20
24
34
36
37
5
9
10
12
19
21
35
43
44
46
28
37
38
40
41
43
44
48
50
52
1
6
9
10
11
13
22
27
31
33
28
37
39
40
41
43
45
50
52
53
10
21
22
25
27
29
38
45
46
49
5
9
12
14
15
17
24
32
36
37
8
16
18
20
21
22
30
39
41
43
8
13
16
19
21
22
23
28
31
34
1
10
13
16
18
19
23
33
36
42
0
4
7
8
9
11
12
16
19
20
4
8
9
12
16
18
20
24
25
29
1
7
10
13
15
16
17
24
42
47
19
25
27
28
29
30
32
35
37
38
8
15
18
21
23
24
32
44
47
51
21
27
30
33
35
36
37
42
45
48
1
4
6
9
10
12
14
17
20
23
11
21
24
25
26
28
33
45
48
51
5
9
12
13
14
16
17
21
24
25
10
18
20
24
26
28
29
32
35
38
0
5
7
8
9
11
13
21
23
24
5
11
13
16
17
19
21
24
26
29
1
6
9
10
11
13
14
18
21
22
8
16
19
22
25
26
27
32
35
38
16
38
40
41
42
44
46
54
56
57
59
