time_cost:6094ms
ontime_proportion:0.722222
max_delay:24
avg_delay:2.188889
avg_flowtime:28.822222
object function value:2738.518519
0
0
0
0
1
3
4
26
30
31
32
0
0
0
0
0
0
0
2
4
6
0
0
0
0
0
0
0
0
0
0
0
0
0
0
0
0
20
23
26
27
0
0
0
0
0
0
0
1
3
7
0
0
0
0
0
0
0
0
0
0
0
0
0
0
0
0
0
0
0
1
0
0
0
0
0
0
18
21
24
26
0
0
1
2
4
5
23
26
28
29
0
0
0
1
2
3
28
32
33
34
0
0
0
0
0
0
0
0
3
4
0
0
0
0
0
1
30
36
37
40
0
0
0
0
0
0
0
1
2
3
0
0
0
0
0
0
18
21
23
25
0
0
0
0
0
0
0
0
0
0
0
0
0
0
0
0
0
0
0
2
0
0
0
0
0
0
30
33
34
35
0
0
0
0
0
0
0
0
0
4
0
4
5
6
7
8
26
30
31
32
0
0
2
5
6
8
18
33
38
41
0
0
0
0
0
0
21
24
26
31
0
4
5
6
7
9
27
32
33
34
0
0
0
1
2
4
20
23
25
27
0
0
0
0
0
0
21
25
26
27
0
0
0
0
0
1
21
26
28
31
0
3
4
5
6
8
30
35
36
37
0
1
3
4
6
7
23
26
28
29
0
0
0
0
0
0
0
0
0
0
0
1
2
4
5
6
32
36
37
38
0
3
4
5
6
7
35
39
40
41
0
0
0
0
2
3
25
28
30
33
0
0
0
0
0
0
19
23
26
27
0
0
0
0
0
1
23
28
32
34
0
0
0
0
0
1
34
39
40
43
0
0
0
0
0
0
0
0
0
0
0
0
0
0
8
10
32
35
36
37
0
0
0
0
0
0
0
0
1
3
0
0
1
2
4
6
20
24
27
29
0
0
0
0
0
0
0
0
0
0
0
0
0
0
0
0
0
0
0
0
13
18
19
20
24
26
36
41
42
43
0
5
7
10
11
13
28
37
40
43
16
20
21
23
26
30
39
43
44
45
7
12
13
16
17
18
23
28
29
32
8
13
15
17
20
22
34
40
44
46
9
13
14
15
17
19
25
29
30
33
13
16
18
24
26
27
29
32
34
35
0
4
7
8
10
12
18
22
25
33
7
12
17
22
31
32
40
45
47
49
1
6
8
11
12
14
22
29
34
37
2
7
9
12
13
15
35
40
43
46
5
9
12
13
15
17
19
31
34
35
7
13
15
20
22
28
35
40
41
44
2
6
9
10
12
14
30
34
37
38
18
21
22
28
29
32
39
42
43
44
4
8
11
12
14
16
22
26
29
30
15
19
21
22
24
25
27
30
32
33
16
20
21
22
25
26
31
35
36
37
4
9
11
14
26
28
35
41
46
49
9
13
14
15
17
19
23
27
28
29
3
7
10
11
13
15
21
25
28
29
2
7
10
13
14
16
35
40
43
46
16
19
21
26
28
29
31
34
36
38
15
18
20
21
23
24
28
33
35
38
7
12
14
17
18
20
38
43
45
48
6
11
14
19
21
25
42
47
49
52
14
19
20
21
22
24
30
36
37
38
12
16
17
18
20
22
24
28
29
30
12
16
17
20
22
24
26
30
31
32
15
18
20
21
23
24
28
31
33
43
18
21
23
24
29
31
39
42
43
44
2
6
9
10
15
17
33
37
40
41
6
10
13
14
16
18
28
32
35
38
3
10
13
14
18
20
32
36
39
40
4
9
11
14
21
23
32
37
39
42
19
22
23
24
27
30
37
40
41
42
9
14
18
29
30
31
40
45
46
49
10
15
18
23
28
30
40
45
49
51
13
18
19
20
24
26
33
38
39
40
11
14
21
23
32
35
42
47
49
51
12
16
17
18
20
22
24
28
29
35
2
11
13
17
27
33
40
45
49
52
15
20
22
24
27
28
36
39
41
45
12
15
19
21
32
34
42
45
47
49
7
14
21
24
29
31
40
46
48
51
11
15
16
17
19
21
26
30
31
37
16
20
22
23
26
29
39
43
44
45
12
17
22
30
31
33
43
47
51
53
6
11
17
22
31
33
41
46
47
50
14
19
20
21
24
28
37
42
43
46
54
