time_cost:2727603ms
ontime_proportion:0.811111
max_delay:25
avg_delay:1.600000
avg_flowtime:26.622222
object function value:1776.296296
0
0
0
0
0
0
0
0
0
1
9
0
0
0
0
1
3
10
17
20
21
0
0
0
0
0
0
0
0
0
2
0
0
2
4
5
6
8
16
18
20
0
0
0
2
3
4
11
22
24
26
0
0
0
0
0
0
0
1
3
6
0
0
0
0
0
0
0
14
17
22
0
0
0
0
0
2
16
24
26
27
0
0
0
0
0
0
0
0
0
0
0
0
0
0
0
1
15
23
25
27
0
0
0
0
0
0
0
0
0
0
0
0
0
0
0
0
17
26
29
32
0
0
0
0
0
0
12
20
23
24
0
2
4
7
9
11
12
15
20
23
0
0
0
0
0
1
6
12
14
19
0
0
0
0
0
0
8
13
16
17
0
0
0
0
0
0
0
0
1
3
0
0
0
0
0
0
0
0
0
0
0
0
0
0
0
0
0
1
8
12
0
0
0
0
0
0
0
0
0
0
0
0
0
0
0
0
0
0
11
14
0
0
0
1
2
4
9
18
23
25
0
2
4
5
6
7
18
25
27
28
0
0
0
0
0
0
0
0
0
1
0
0
0
0
0
0
0
0
0
0
0
0
0
0
0
0
10
14
17
21
0
0
0
0
0
0
0
3
5
6
0
0
0
0
0
0
0
0
0
0
0
0
0
1
2
3
11
16
18
19
0
4
8
9
10
12
21
31
37
38
0
0
0
0
0
0
14
18
20
26
0
0
0
0
0
0
0
0
1
4
0
0
0
0
0
0
0
1
3
6
0
3
4
6
7
9
23
34
35
37
0
0
0
0
0
0
0
0
2
3
0
1
4
5
6
8
15
21
24
25
0
0
0
0
2
4
20
29
31
34
0
0
0
0
0
0
0
0
0
0
0
0
0
0
0
0
0
27
30
31
0
0
0
0
0
2
14
20
23
24
4
9
12
13
14
16
24
34
38
39
1
4
6
9
11
13
14
17
19
22
0
3
5
8
9
11
13
16
18
21
16
24
27
28
29
31
32
36
39
41
4
8
9
11
12
14
24
41
43
45
16
22
24
27
29
31
32
35
38
41
2
5
7
8
9
10
27
37
40
41
5
9
10
12
13
15
16
24
29
31
2
5
7
10
11
13
15
18
26
31
20
27
29
32
34
36
37
42
44
47
14
20
22
25
27
29
30
37
39
44
19
29
32
33
34
36
37
42
45
46
21
30
32
35
37
39
40
44
46
49
22
32
35
38
40
41
42
48
51
54
10
20
22
24
25
26
30
45
47
49
4
9
12
13
14
16
18
26
31
32
6
13
16
18
19
21
33
47
50
51
11
19
22
23
24
26
27
32
35
36
8
12
14
17
18
20
22
30
32
35
5
10
13
14
15
17
35
49
52
53
10
18
20
21
22
24
34
51
53
54
26
35
36
39
41
43
45
50
51
55
2
6
7
9
10
12
13
17
18
20
0
7
9
11
17
18
25
35
37
40
23
32
34
35
36
37
39
42
45
46
5
10
13
14
16
18
38
53
56
57
5
10
12
15
20
21
25
35
37
42
9
14
16
17
18
19
21
29
31
32
4
8
11
13
19
22
28
34
35
37
1
7
11
12
15
17
24
33
36
37
28
39
41
44
46
48
49
52
54
57
28
44
47
48
49
51
52
57
60
61
17
22
24
27
28
30
32
37
39
42
27
39
42
43
44
46
47
52
55
56
1
7
33
36
38
39
40
56
59
62
7
12
14
17
19
21
31
46
48
51
17
25
27
29
30
31
32
39
41
43
17
24
26
29
30
32
34
37
39
42
3
6
8
11
12
14
24
29
35
38
20
27
29
31
32
34
35
40
42
44
19
26
29
30
31
33
34
39
42
46
0
4
7
8
16
18
28
36
39
43
20
29
30
33
35
37
39
43
44
47
6
11
14
15
21
23
28
42
45
47
26
39
42
45
47
48
49
54
57
60
33
47
49
50
51
53
55
60
62
63
24
31
34
35
37
39
40
44
47
48
2
7
10
13
17
18
38
55
58
62
9
23
26
29
33
34
35
41
44
48
23
31
33
35
36
37
38
44
46
49
64
