time_cost:2837445ms
ontime_proportion:0.711111
max_delay:30
avg_delay:4.844444
avg_flowtime:29.677778
object function value:2878.148148
0
0
0
2
5
7
8
28
33
36
39
0
0
0
1
5
6
27
32
35
38
0
0
0
0
0
0
0
0
0
2
0
0
0
1
3
5
15
19
22
26
0
0
0
0
3
5
16
23
26
27
0
0
0
0
0
0
40
45
49
50
0
0
0
0
0
1
12
16
19
20
0
0
0
0
0
0
0
0
2
5
0
0
0
0
0
1
28
35
39
40
0
0
0
0
0
0
17
21
22
24
0
0
0
0
0
0
8
12
13
16
0
0
0
0
0
0
30
35
37
38
0
0
0
0
1
2
31
37
41
42
0
0
0
0
1
3
26
33
36
39
0
0
0
0
0
0
0
0
2
4
0
0
0
0
0
0
0
2
4
15
0
0
0
0
1
3
9
12
14
17
0
0
0
0
0
0
0
0
0
0
0
0
1
2
3
5
10
15
18
19
0
0
0
0
0
0
0
5
8
9
0
0
0
0
0
0
0
0
0
1
0
0
0
0
6
7
38
43
46
50
0
0
0
1
3
4
20
25
27
29
0
0
1
4
6
7
32
39
45
48
0
0
0
6
8
9
32
38
45
48
0
0
0
0
4
6
21
29
33
36
0
0
0
0
0
0
0
0
2
5
0
0
0
0
0
0
0
0
0
1
6
11
13
15
16
17
18
24
26
29
0
4
5
8
25
27
43
47
50
52
0
1
3
13
25
27
40
45
52
55
0
0
0
0
0
0
0
32
35
39
0
3
5
8
9
11
13
19
21
24
0
0
0
0
0
0
12
17
20
21
0
0
0
0
1
3
15
20
25
27
0
5
9
10
17
19
25
32
37
38
0
0
0
0
0
0
0
0
0
0
0
0
0
0
0
0
40
46
55
58
0
0
0
0
0
0
29
35
38
41
0
5
7
8
9
11
13
18
20
21
10
14
22
25
27
29
35
39
41
45
4
14
18
21
22
23
33
38
40
42
24
28
29
32
33
35
36
40
42
44
0
30
33
36
37
39
41
44
48
51
14
19
21
22
23
25
27
32
34
35
4
9
12
13
17
19
23
30
33
34
10
15
18
20
21
22
30
38
42
44
4
8
9
11
12
14
15
19
20
22
9
14
20
22
23
25
33
39
44
46
21
26
31
34
36
38
41
45
48
53
3
7
8
10
16
18
32
38
40
42
3
8
11
12
25
27
41
46
50
51
25
29
30
32
35
37
39
43
45
47
8
12
13
16
23
25
40
44
47
51
3
8
11
12
13
15
16
21
25
26
33
42
46
48
49
51
52
56
57
59
9
13
16
19
22
26
37
43
51
54
15
20
22
23
24
25
29
36
40
41
28
35
38
40
41
43
44
48
54
56
5
9
12
13
18
20
36
40
44
45
5
8
10
13
14
16
18
21
23
26
1
4
6
9
11
13
14
17
19
23
11
15
16
18
19
21
23
27
28
32
3
6
8
11
15
17
21
26
28
33
2
5
7
10
11
13
21
24
26
29
3
8
11
12
13
15
16
21
24
25
20
26
27
30
32
34
36
40
46
49
24
30
33
35
36
37
38
45
52
54
8
13
16
19
20
21
22
27
30
32
29
36
40
43
45
47
49
53
54
57
6
13
15
18
20
23
34
40
49
52
0
3
5
8
11
13
18
27
30
35
3
6
8
9
10
11
13
17
19
20
17
24
26
27
28
29
35
42
48
49
0
4
5
7
8
10
13
17
20
23
5
11
14
17
19
20
21
27
34
37
8
11
13
14
15
16
19
22
24
25
17
22
24
27
29
31
32
37
41
46
21
26
31
33
34
36
37
41
43
45
9
13
14
16
17
19
29
34
35
37
0
3
7
8
10
11
33
36
39
40
33
37
38
40
41
43
44
48
51
53
12
15
17
20
21
23
27
30
32
35
19
23
25
28
30
32
37
41
42
47
25
29
32
33
34
36
37
41
44
48
7
10
12
13
14
18
24
27
29
30
28
34
38
41
42
44
46
49
56
59
8
15
17
18
19
21
23
28
30
31
20
24
27
30
32
34
37
43
49
52
24
29
31
34
35
37
38
42
44
46
60
