time_cost:2823378ms
ontime_proportion:0.711111
max_delay:30
avg_delay:4.844444
avg_flowtime:31.255556
object function value:2930.740741
0
0
0
0
0
0
0
9
14
17
21
0
0
0
0
0
1
11
15
17
20
0
0
0
3
5
7
30
38
41
45
0
0
0
0
0
0
0
0
2
9
0
0
0
1
2
4
13
17
19
21
0
0
0
0
0
0
0
0
2
4
0
0
0
0
0
0
5
8
9
11
0
0
0
0
0
1
16
19
21
23
0
0
0
0
1
3
16
24
27
28
0
0
0
0
1
3
17
21
26
28
0
0
0
0
0
0
0
0
1
4
0
0
3
6
8
9
26
33
36
39
0
0
0
0
0
2
3
8
12
14
0
0
0
0
0
0
0
0
0
2
0
0
0
2
4
6
12
17
21
23
0
0
0
0
0
0
16
21
23
25
0
0
0
0
0
0
16
20
22
24
0
0
0
0
0
0
0
0
2
3
0
0
0
0
0
0
0
2
5
8
0
0
0
0
0
0
19
32
34
36
0
0
0
0
0
0
13
22
25
26
0
0
0
0
3
5
22
25
28
31
0
4
6
8
9
11
34
44
46
48
0
0
0
0
0
0
11
17
23
28
0
0
0
0
0
0
0
0
0
1
0
0
0
0
0
0
0
8
10
14
0
0
0
0
0
0
0
0
0
3
0
0
0
0
3
4
28
33
35
37
0
0
0
0
0
2
32
41
43
45
0
3
6
9
10
11
28
33
36
39
0
0
0
0
0
0
0
0
0
0
0
0
0
0
0
0
0
0
0
0
0
2
4
6
8
10
25
31
33
38
0
0
0
0
1
3
19
23
27
29
0
0
0
0
0
0
22
28
30
34
0
0
0
0
5
7
37
42
45
47
0
0
0
0
6
8
32
39
41
43
0
0
0
0
0
0
0
1
3
5
0
0
2
3
4
5
31
39
41
42
0
0
0
0
0
0
0
0
0
1
0
5
7
9
10
21
30
35
37
39
11
16
19
22
24
26
33
41
44
50
14
18
22
25
27
29
31
39
42
47
13
16
19
21
24
26
33
37
39
41
9
15
18
19
20
22
24
29
32
37
28
36
39
40
41
42
44
48
50
51
3
10
13
14
15
21
36
49
52
54
5
10
11
13
15
17
18
23
25
35
10
13
16
19
21
24
28
34
37
41
1
4
5
8
26
29
39
44
48
50
16
21
24
27
28
29
31
36
40
43
12
19
21
23
29
39
43
55
57
59
23
29
31
33
35
37
42
54
56
58
2
6
8
9
10
12
29
37
39
40
4
7
9
11
12
14
25
30
32
34
0
6
11
14
20
22
34
40
43
45
8
14
17
20
22
23
26
33
36
39
11
18
20
24
26
31
41
52
54
56
11
14
15
17
18
20
30
36
39
41
17
22
24
26
28
30
32
38
41
43
21
26
29
32
34
35
37
43
47
50
0
8
12
13
14
15
33
43
45
46
7
13
16
19
22
23
37
45
50
53
19
24
26
28
30
32
37
44
46
48
0
3
9
12
23
27
43
52
55
58
8
13
15
17
19
25
35
46
48
50
1
6
8
10
12
14
23
31
33
38
2
9
11
13
18
20
27
37
43
45
3
7
9
10
12
13
24
29
32
33
15
20
22
24
25
27
33
39
43
45
16
20
23
26
27
28
31
36
40
44
23
33
36
38
39
40
42
46
48
50
8
11
14
17
20
26
34
40
50
53
23
28
31
34
36
38
40
46
49
52
8
28
31
34
36
37
39
46
50
53
3
8
10
12
14
16
19
26
28
35
6
11
14
15
25
36
41
53
56
57
20
27
29
31
33
35
37
44
47
51
19
24
26
28
29
31
37
48
51
53
14
18
20
22
23
24
26
31
33
35
2
5
8
11
13
16
34
45
48
51
14
24
27
30
32
33
38
50
53
56
0
3
6
9
11
12
36
41
45
48
5
9
14
16
17
19
39
50
52
54
7
12
14
16
17
18
24
31
34
36
6
11
13
15
17
19
21
26
30
32
12
17
19
21
23
25
28
35
38
40
4
9
12
13
14
16
18
23
26
27
19
27
29
31
32
34
36
42
45
47
7
11
13
15
16
18
26
31
34
36
60
