time_cost:5746ms
ontime_proportion:0.588889
max_delay:33
avg_delay:6.677778
avg_flowtime:33.811111
object function value:4238.148148
0
0
0
0
0
0
2
25
34
39
41
0
0
0
0
0
0
0
0
0
0
0
0
0
0
0
0
0
0
0
6
0
0
0
0
0
0
36
45
53
55
0
0
0
0
0
0
0
0
2
4
0
0
0
0
1
5
29
34
46
48
0
0
0
0
2
3
7
10
15
22
0
0
1
2
4
5
38
44
57
58
0
0
0
0
2
3
12
20
23
27
0
0
0
0
1
3
27
39
42
43
0
0
0
0
1
4
29
34
45
46
0
0
2
5
7
8
34
40
49
52
0
0
0
0
0
0
0
0
0
0
0
0
0
0
0
0
0
0
1
3
0
0
0
0
0
1
32
37
48
51
0
0
0
0
2
4
37
48
53
55
0
0
0
0
0
0
37
43
55
58
0
0
0
0
0
0
35
40
52
54
0
0
0
0
0
0
0
0
0
2
0
3
5
7
8
10
30
41
46
48
6
11
16
22
23
26
36
47
51
53
6
11
14
16
19
21
23
31
36
38
0
0
0
0
0
0
0
0
0
0
0
0
0
0
0
0
0
0
0
2
0
0
2
4
5
7
30
37
46
48
0
0
0
0
0
0
10
15
19
25
0
2
4
6
7
12
32
44
46
48
0
0
0
0
0
0
14
21
24
26
23
30
36
39
41
42
44
48
52
55
0
0
2
3
5
6
29
40
45
46
0
0
0
0
0
1
19
23
30
36
0
0
0
0
0
0
18
26
29
30
0
0
1
4
6
7
17
24
27
31
0
0
0
0
0
0
16
20
28
30
0
0
0
0
0
0
0
0
0
2
0
3
6
8
9
11
13
17
26
28
0
0
0
0
0
0
29
32
43
45
0
0
0
0
0
0
0
0
0
1
0
0
0
0
0
2
17
23
30
35
0
0
0
0
0
0
0
0
0
0
21
25
31
34
36
37
39
43
44
48
25
30
40
43
45
47
48
52
54
57
16
24
26
29
31
32
34
37
40
46
5
9
11
14
15
16
18
23
29
33
3
8
15
17
18
20
33
38
48
50
4
10
11
16
18
19
21
26
34
39
5
8
10
11
13
14
15
18
20
21
18
25
29
32
34
35
37
42
43
46
28
32
41
44
46
47
49
52
58
61
11
20
22
25
26
28
30
34
38
42
6
11
13
18
20
21
24
28
40
43
12
16
23
26
28
30
31
35
37
40
24
32
43
46
48
49
51
56
58
61
9
14
16
19
21
22
24
29
30
33
8
12
18
20
22
23
25
29
32
34
20
25
33
35
37
38
40
44
47
49
22
26
35
36
38
39
40
43
57
59
13
21
26
29
31
33
34
38
40
43
12
17
22
24
25
27
32
37
48
50
0
4
6
8
9
10
18
25
30
34
6
11
16
19
21
24
37
42
54
57
1
7
13
15
16
18
19
24
26
28
10
18
20
23
25
27
28
33
37
40
9
15
18
20
21
23
24
28
34
38
0
3
8
11
13
14
16
19
21
25
16
22
24
25
27
28
29
32
38
39
0
3
5
8
12
19
36
41
52
55
9
15
19
21
23
25
32
43
48
50
3
8
12
15
17
25
39
45
58
61
6
12
13
16
18
19
36
46
50
53
8
13
16
18
20
24
32
41
47
49
3
6
9
12
14
17
21
26
34
37
23
28
36
38
39
40
42
46
50
53
10
14
24
27
29
30
32
36
37
40
1
5
7
9
10
12
14
18
24
26
1
5
8
10
11
13
14
18
21
23
9
12
17
18
20
21
27
30
40
41
1
5
8
10
11
13
15
20
28
30
5
9
11
15
16
21
28
39
43
46
24
28
38
40
41
43
45
49
52
54
22
29
33
37
39
40
42
46
49
52
8
13
15
20
22
24
25
35
41
43
5
9
11
13
14
15
17
21
27
29
3
6
8
9
11
12
13
16
18
23
9
13
18
20
21
23
33
39
50
52
11
16
20
23
25
26
28
33
34
37
20
27
32
34
35
37
39
43
45
48
1
5
8
13
15
16
26
36
43
48
1
8
10
12
13
15
19
27
32
34
2
10
12
14
15
17
19
23
25
27
63
