time_cost:10351ms
ontime_proportion:0.655556
max_delay:25
avg_delay:3.966667
avg_flowtime:29.088889
object function value:3414.074074
0
0
3
6
7
9
13
20
25
28
30
0
0
0
0
0
0
24
27
29
30
0
0
0
1
3
5
25
29
32
35
0
2
3
4
7
9
27
30
31
32
0
0
0
0
0
1
24
29
30
33
0
0
0
0
0
0
0
0
2
7
0
0
0
0
0
0
23
28
30
33
0
0
0
0
0
0
0
0
0
0
0
0
0
0
0
0
0
0
0
0
0
0
0
0
0
1
24
28
29
30
0
0
0
3
4
6
22
25
27
29
0
0
0
0
0
0
0
0
0
0
0
0
0
0
0
0
36
40
41
42
0
0
0
1
5
7
40
44
47
49
0
0
0
0
0
0
0
0
1
2
0
0
0
0
0
0
43
48
49
50
0
0
0
0
1
4
32
38
39
40
0
0
0
0
0
0
0
0
0
0
0
0
0
0
0
0
0
0
1
3
0
0
0
0
0
1
19
24
25
27
0
0
2
4
7
8
31
34
36
39
13
18
20
23
24
26
28
33
35
38
0
0
0
0
0
0
14
17
19
20
0
0
0
0
2
4
41
45
46
47
0
0
0
0
0
3
23
27
28
29
0
0
0
0
0
0
0
0
7
10
0
0
0
0
0
0
0
0
0
1
0
0
0
0
1
3
38
41
43
45
0
0
0
0
1
3
39
44
46
48
0
2
3
4
5
7
17
20
22
23
0
1
2
3
4
6
16
19
22
23
0
0
0
0
0
0
29
32
33
37
0
0
0
0
1
2
16
21
27
30
0
0
0
0
0
0
0
0
0
4
0
0
0
0
0
0
0
2
3
4
0
3
5
7
8
10
37
40
42
44
0
0
1
4
6
7
27
33
34
37
0
0
0
0
0
0
21
25
28
29
0
0
0
2
3
5
12
15
17
19
0
0
0
0
0
0
0
2
5
6
9
13
14
15
16
18
21
25
26
27
21
24
25
26
27
29
34
37
38
39
8
13
15
18
20
22
37
42
45
48
19
22
24
25
27
28
29
32
34
37
4
9
11
14
15
17
18
23
25
30
33
38
39
40
41
43
45
50
51
52
2
7
9
11
12
13
32
37
39
41
12
19
20
24
25
26
37
42
43
46
2
14
16
21
26
28
35
41
43
46
0
5
6
7
8
10
35
40
41
42
1
4
6
7
9
10
27
30
32
33
22
25
27
28
30
31
33
36
38
39
2
7
9
12
13
15
16
21
23
26
17
21
22
23
29
31
46
50
51
53
9
12
14
18
20
21
35
38
40
41
4
7
9
11
24
26
34
37
40
42
9
12
13
14
18
20
32
35
37
38
17
21
24
25
27
29
35
42
45
46
0
10
15
17
19
21
30
33
35
42
17
22
23
24
25
27
41
46
48
49
13
17
18
19
21
23
42
46
49
50
23
28
29
32
33
34
36
41
42
45
12
16
19
20
22
24
26
30
33
34
7
13
15
17
18
19
30
36
38
43
12
17
19
22
23
25
26
31
33
36
32
35
37
39
40
42
43
46
48
50
9
13
16
17
19
21
29
33
36
39
2
7
8
9
10
12
15
20
21
22
7
10
12
14
15
17
33
36
39
41
7
12
13
16
17
18
20
25
26
29
9
15
16
17
18
20
30
36
38
39
11
18
19
20
21
23
35
40
41
42
3
8
10
12
13
15
20
23
25
27
4
9
12
15
16
25
46
51
52
55
7
11
12
13
21
22
38
42
44
45
1
6
7
10
11
12
25
30
31
34
0
4
5
6
7
8
25
29
30
31
6
11
12
13
14
16
18
23
24
25
1
4
6
8
28
30
37
40
42
46
40
43
44
45
46
48
49
52
53
54
12
17
18
21
29
32
48
53
54
55
3
8
10
12
13
14
29
34
36
41
10
15
17
20
23
27
44
49
51
54
6
9
10
11
12
14
16
19
20
23
7
12
13
16
17
18
30
35
37
40
3
6
8
9
11
12
13
16
18
24
6
10
11
13
14
16
24
28
29
31
11
14
15
16
17
19
21
24
25
26
14
18
19
20
22
24
28
32
33
35
5
9
11
13
26
30
46
51
52
53
56
