time_cost:6319ms
ontime_proportion:0.500000
max_delay:33
avg_delay:7.166667
avg_flowtime:37.400000
object function value:5246.666667
0
0
0
0
0
0
0
0
0
0
1
0
0
0
1
2
3
27
38
44
47
0
0
0
0
1
2
31
38
47
50
0
0
0
0
0
0
0
1
3
4
0
0
1
3
5
7
16
24
26
28
0
0
0
0
0
0
0
0
2
8
0
4
6
8
9
11
18
27
30
32
0
0
0
0
0
2
13
21
27
30
0
0
1
5
7
9
24
29
34
37
0
0
2
3
4
6
34
43
46
47
0
0
1
4
6
8
16
24
25
27
0
1
3
5
7
9
13
22
25
27
0
0
0
0
0
0
0
0
6
9
0
0
0
0
0
0
21
28
31
34
0
0
0
0
0
0
0
0
0
2
0
3
4
6
8
10
18
25
27
31
0
0
0
0
0
0
0
24
35
38
0
0
0
0
0
0
16
21
32
35
0
0
0
0
0
1
19
28
30
34
0
0
1
3
5
7
22
30
32
34
0
0
0
2
3
5
25
33
35
37
0
0
0
0
3
5
21
32
34
35
0
0
3
5
6
8
27
35
37
39
0
0
0
0
0
0
21
28
30
32
0
0
0
0
0
0
30
45
48
49
0
2
4
5
9
11
36
44
46
47
0
0
0
0
3
6
25
36
38
39
0
0
0
0
0
1
35
46
49
50
0
0
0
0
0
0
0
0
0
0
0
3
4
7
8
10
36
44
45
47
0
0
0
0
0
0
0
0
0
0
0
0
0
0
0
0
13
25
35
38
0
0
0
0
0
0
0
0
0
0
0
0
0
0
4
8
26
37
41
42
0
0
0
0
0
0
0
2
5
7
0
0
0
0
1
4
20
29
31
35
0
0
0
0
0
0
15
29
38
43
0
0
0
0
4
11
29
39
42
43
0
0
0
0
0
0
0
0
0
0
0
0
0
0
5
13
31
41
45
48
2
7
10
13
15
16
25
32
35
40
1
4
7
10
11
12
32
40
51
54
5
12
15
18
20
22
24
30
35
38
3
8
11
14
16
17
24
32
37
40
3
6
9
12
14
16
23
33
38
41
15
22
24
26
27
28
33
42
44
46
17
24
26
27
28
30
37
46
48
49
9
17
20
22
23
25
27
31
33
35
10
14
18
20
25
27
32
42
44
46
4
11
13
15
17
19
21
26
28
30
9
15
20
22
25
27
29
41
43
45
13
21
24
26
29
34
35
47
50
52
9
16
18
20
27
30
33
44
48
50
11
19
21
22
26
28
30
39
42
43
8
13
14
16
18
20
32
41
42
44
5
16
19
20
21
23
39
49
52
53
17
23
25
27
31
34
42
52
54
56
17
23
25
26
28
32
40
48
50
51
0
3
4
7
10
13
34
44
47
49
9
14
17
19
30
34
41
51
53
55
2
5
8
19
22
24
26
34
39
44
6
12
17
21
24
26
28
36
41
44
5
16
19
20
23
25
40
50
53
54
8
15
16
18
20
22
23
28
29
32
10
15
18
19
22
24
41
56
59
60
8
13
18
21
27
29
31
43
46
51
21
25
26
28
29
31
39
50
51
53
6
11
14
17
19
21
29
35
39
42
5
8
11
14
16
18
28
35
38
41
17
25
27
28
29
32
37
48
50
51
8
13
16
18
32
36
44
53
55
57
3
8
11
14
16
17
22
33
43
46
4
9
12
15
17
18
30
41
49
53
7
12
16
18
24
26
31
41
42
44
2
10
13
17
20
22
29
38
49
53
12
19
22
23
26
29
46
57
60
61
12
19
22
24
28
31
34
45
49
52
13
19
21
23
32
36
45
54
56
58
21
27
29
30
36
40
46
55
57
58
19
26
28
29
34
38
45
55
57
58
0
5
8
12
14
15
27
37
40
43
18
26
28
29
37
42
48
59
61
62
1
18
22
25
28
32
37
48
52
55
12
18
21
22
35
40
48
57
60
61
1
4
7
10
11
14
37
49
54
57
1
6
8
10
12
14
23
31
33
36
13
21
23
26
37
42
49
60
62
64
14
21
23
25
34
38
44
53
55
58
4
9
14
18
22
23
33
46
51
55
9
16
22
25
29
33
35
46
52
55
65
