time_cost:2722366ms
ontime_proportion:0.700000
max_delay:34
avg_delay:3.855556
avg_flowtime:29.911111
object function value:2997.037037
0
0
0
0
0
0
0
0
0
0
1
0
5
6
9
10
11
30
35
36
39
0
0
0
0
0
0
0
0
1
5
0
0
0
0
1
3
18
23
25
28
0
0
0
0
0
0
0
0
0
2
0
0
0
0
0
0
0
0
1
2
0
0
0
0
0
0
0
0
0
1
0
4
5
6
8
10
30
34
35
36
0
0
0
0
0
0
12
17
19
21
0
0
0
0
0
0
0
0
1
3
0
0
2
3
5
6
21
25
28
30
0
0
0
0
0
0
0
0
0
3
0
0
0
0
0
0
0
1
3
4
0
0
0
1
2
3
33
37
38
39
0
2
5
8
13
15
35
39
42
43
0
0
0
0
0
0
0
0
0
0
0
0
0
0
0
0
0
0
0
3
0
0
0
0
1
3
24
27
28
29
0
4
5
6
8
10
18
22
23
24
0
0
0
0
2
4
13
17
20
21
0
0
0
0
0
0
0
0
1
6
0
0
0
0
0
0
22
27
28
29
0
0
0
0
0
0
0
0
0
0
0
0
0
0
0
0
9
14
15
16
0
3
5
7
11
14
51
54
56
58
0
0
0
0
0
0
15
19
21
24
0
0
0
0
0
0
20
23
25
28
0
0
0
0
0
0
0
2
3
4
0
0
3
4
6
8
34
38
39
40
0
0
0
0
0
1
29
33
34
35
0
3
5
10
11
13
24
27
29
31
0
0
0
0
3
5
39
44
46
49
0
0
0
0
0
0
4
7
9
10
0
0
0
0
3
4
23
28
30
33
0
0
0
0
4
6
35
38
40
42
0
0
0
0
3
5
17
20
21
24
0
0
0
0
1
2
38
43
45
49
0
0
0
0
0
0
38
42
44
45
0
1
2
3
4
6
23
27
28
30
0
0
0
0
0
1
14
20
23
25
22
26
29
30
34
36
47
52
55
56
0
5
7
10
11
12
33
38
39
42
6
9
12
13
18
25
32
35
36
37
3
8
9
12
14
16
19
24
25
28
7
12
13
14
16
18
38
43
44
45
8
12
16
17
25
29
51
56
59
60
18
21
22
23
27
31
54
57
58
59
4
9
10
11
12
14
16
21
22
24
7
11
12
13
15
19
46
50
51
52
2
7
8
11
12
13
33
39
40
43
19
24
25
28
29
30
48
53
54
58
9
13
14
15
17
19
30
34
35
36
0
5
6
7
9
17
37
41
42
43
1
6
7
8
9
11
18
23
24
25
4
9
11
13
14
15
28
33
35
38
12
17
18
21
22
23
25
30
31
34
10
15
17
19
20
21
43
48
50
52
9
12
13
14
15
17
22
25
27
28
12
16
17
18
19
20
27
31
32
33
5
10
11
13
15
18
27
32
33
34
15
18
20
22
23
25
27
31
33
35
12
16
17
18
20
22
24
29
30
31
7
12
14
16
17
18
32
37
39
41
1
4
6
9
10
12
25
28
31
33
17
22
23
26
27
28
41
46
47
50
5
8
10
11
13
26
55
59
61
62
2
7
8
12
13
14
16
21
24
27
11
15
16
17
18
22
48
51
52
53
3
8
13
18
20
22
41
46
49
52
0
5
6
7
8
9
28
32
33
34
9
14
15
20
22
26
50
55
56
59
17
22
29
32
33
34
44
51
53
55
14
18
21
22
25
27
46
50
53
54
4
9
11
13
14
16
23
28
30
32
14
20
22
25
28
32
53
59
61
63
24
28
29
30
32
34
43
47
48
49
15
18
20
23
24
26
27
30
32
35
12
16
17
20
21
23
50
54
55
56
8
12
15
19
21
23
28
32
35
36
25
29
32
33
35
37
44
48
52
53
21
25
28
29
31
35
54
58
61
62
12
15
18
20
22
24
31
34
36
38
5
10
11
14
15
16
30
35
36
39
8
12
15
16
18
20
26
30
33
34
19
22
24
26
29
33
54
57
59
60
10
15
16
19
20
21
28
33
34
37
21
24
26
28
29
31
32
35
37
39
28
33
34
35
36
38
49
55
57
58
22
25
27
29
30
32
38
41
43
45
16
19
21
22
24
25
41
44
46
47
64
