time_cost:10631ms
ontime_proportion:0.655556
max_delay:34
avg_delay:4.800000
avg_flowtime:29.633333
object function value:3432.222222
0
0
0
0
0
0
0
27
30
32
33
0
0
0
0
0
0
0
0
2
5
14
20
24
26
27
29
31
37
38
42
0
0
0
0
0
0
26
32
35
37
0
0
0
0
0
0
0
0
0
1
0
0
0
0
0
0
0
0
1
4
3
7
10
11
22
25
45
56
59
60
0
1
14
17
20
21
34
40
43
46
0
0
0
1
3
4
23
28
30
31
0
0
0
0
1
2
10
17
20
24
0
0
0
0
1
2
15
24
27
28
0
0
0
0
0
0
0
1
3
16
0
1
4
7
9
11
12
19
22
25
0
2
3
4
5
7
14
23
24
25
0
0
0
0
2
4
22
28
29
30
0
0
0
0
4
5
43
51
55
56
0
0
1
2
3
5
17
25
27
28
0
0
0
0
0
0
39
46
49
52
0
0
0
0
0
0
0
0
0
0
0
0
0
0
0
0
0
4
14
18
0
0
0
0
0
0
0
0
0
1
0
0
0
0
0
0
0
0
0
0
0
0
0
0
0
0
0
0
0
0
0
0
0
0
0
0
0
0
0
1
0
0
0
0
0
0
0
0
1
2
3
7
9
10
12
13
27
32
34
35
0
0
0
0
0
0
26
35
37
38
0
0
0
0
4
6
27
34
35
38
0
0
0
0
0
0
39
45
47
50
0
0
0
0
0
1
26
38
40
43
0
0
3
6
8
9
32
37
40
43
0
0
0
0
0
0
0
0
1
3
0
0
0
0
1
3
9
12
14
28
0
0
0
0
0
1
10
19
21
22
0
0
0
0
0
0
0
0
0
3
0
0
0
0
28
30
48
57
58
59
0
0
0
0
7
9
33
37
39
40
0
0
0
0
0
0
0
0
0
0
0
0
0
0
0
0
17
33
36
37
0
0
0
0
0
0
18
32
35
38
24
29
32
35
37
39
40
43
46
49
7
11
13
14
16
18
19
22
24
25
10
15
16
17
18
20
22
27
28
29
11
18
19
20
21
22
23
26
27
28
0
3
5
10
24
26
45
59
61
62
33
39
41
42
44
45
46
49
51
52
14
20
22
23
25
27
37
44
46
47
1
6
7
8
9
11
36
41
43
44
12
22
24
25
27
28
30
35
37
38
38
46
49
50
51
52
53
58
61
62
9
14
17
18
19
20
21
26
29
30
0
5
7
10
12
14
43
54
56
59
5
8
9
12
13
14
15
18
23
25
13
20
23
27
28
29
31
36
39
41
3
7
8
15
16
18
20
24
25
27
20
27
28
29
30
31
36
40
42
43
12
17
20
21
22
23
40
47
50
51
2
5
7
8
10
12
30
33
35
36
0
14
17
23
25
27
28
32
35
38
6
9
11
12
14
16
17
20
22
23
30
37
39
42
44
46
47
52
54
57
7
13
16
18
19
20
22
26
29
31
4
7
10
13
19
21
24
35
38
41
1
4
6
7
10
11
14
30
32
33
5
10
11
12
16
18
23
29
30
31
5
9
12
15
18
19
24
29
32
35
4
7
9
10
12
13
29
40
42
43
5
9
12
14
20
22
33
39
42
44
7
12
13
15
16
18
19
24
26
27
10
14
17
20
21
22
42
50
53
56
14
19
21
24
26
28
29
35
37
40
36
42
45
48
50
52
53
56
59
62
7
12
14
15
18
20
21
28
30
31
12
27
30
31
32
33
34
39
43
44
35
41
44
45
46
47
48
53
56
57
9
16
18
21
23
25
26
31
33
36
5
10
13
14
15
16
17
22
26
28
5
10
11
12
13
15
16
22
23
26
0
5
6
7
8
10
14
23
27
30
9
12
13
14
15
16
17
21
23
26
5
16
19
22
23
24
43
54
57
60
1
4
5
6
7
8
20
25
26
27
0
5
7
8
11
13
24
30
31
32
0
3
4
5
6
7
19
24
25
27
0
9
12
13
14
15
16
21
25
27
20
24
27
30
31
32
41
49
52
55
8
13
20
23
24
25
27
38
41
44
10
17
20
22
23
24
26
30
33
37
4
7
9
13
18
19
30
35
37
40
1
16
18
19
21
22
23
26
28
29
64
