time_cost:2894172ms
ontime_proportion:0.733333
max_delay:27
avg_delay:4.655556
avg_flowtime:29.922222
object function value:2664.074074
0
0
0
0
0
0
0
8
11
24
27
0
0
0
0
0
1
16
24
26
28
0
0
0
3
9
11
32
39
42
45
0
0
0
0
0
0
0
2
4
6
0
0
0
1
2
4
9
13
14
16
0
0
0
0
0
0
0
0
2
4
0
0
0
0
0
0
11
14
15
17
0
0
0
0
0
1
22
26
27
29
0
0
0
0
1
3
30
45
48
49
0
0
0
0
4
6
26
33
35
38
0
0
0
0
0
0
0
0
1
3
0
0
0
3
5
6
29
39
42
45
0
0
0
0
0
2
4
11
12
14
0
0
0
0
0
0
0
0
0
2
0
0
0
2
6
8
34
41
47
49
0
0
0
0
0
0
9
13
15
17
0
0
0
0
0
0
29
37
39
41
0
0
0
0
0
0
0
0
2
3
0
0
0
0
0
0
0
2
5
8
0
0
0
0
0
0
6
11
13
15
0
0
0
0
0
0
0
15
19
21
0
0
0
0
5
7
34
40
44
47
0
2
4
6
7
10
35
51
54
56
0
0
0
0
0
0
20
26
36
39
0
0
0
0
0
0
0
0
0
2
0
0
0
0
0
0
0
15
17
21
0
0
0
0
0
0
0
0
0
0
0
0
0
0
1
2
39
47
53
56
0
0
0
0
0
2
33
45
48
50
0
3
6
9
10
11
13
16
19
22
0
0
0
0
0
0
0
0
0
0
0
0
0
0
0
0
0
0
0
0
0
0
2
4
6
8
13
22
25
27
0
0
0
0
1
3
7
10
11
14
0
0
0
0
0
0
25
29
31
34
0
0
0
0
3
5
16
20
22
25
0
0
0
0
2
4
7
12
13
15
0
0
0
0
0
0
0
1
3
5
0
0
3
4
5
6
18
26
28
29
0
0
0
0
0
0
0
0
0
1
0
4
6
8
9
11
13
17
19
21
1
4
7
10
12
14
16
19
22
25
24
30
33
36
38
40
42
48
51
54
20
23
24
27
28
30
33
39
43
45
20
28
32
33
35
37
43
55
58
59
5
9
11
12
13
14
16
20
22
23
3
8
12
13
18
20
39
54
57
58
9
14
15
17
19
21
22
29
30
37
8
12
16
19
21
23
30
39
42
45
23
28
29
31
32
34
35
40
44
47
12
17
23
26
27
28
35
48
51
54
25
32
34
36
37
38
40
44
46
48
20
28
30
32
34
36
38
43
45
47
15
24
27
28
29
30
34
47
49
50
4
7
8
10
11
13
14
17
18
20
0
5
7
9
11
13
31
39
42
49
11
17
20
23
25
26
28
34
37
42
4
9
11
13
15
17
19
24
26
28
19
22
23
25
26
31
38
45
49
51
10
15
17
19
21
23
25
31
35
38
20
25
28
31
33
34
36
41
45
51
0
4
6
7
8
9
23
30
32
33
7
12
15
18
20
21
25
32
41
44
7
15
17
21
23
25
30
37
39
41
26
33
36
39
41
43
45
49
52
55
19
26
28
30
31
33
35
42
47
49
1
7
10
13
16
18
33
46
49
51
2
7
9
11
13
15
17
22
26
29
16
21
25
26
27
28
30
35
37
38
8
13
15
18
19
21
37
45
50
52
28
34
37
41
42
43
45
48
52
55
15
19
21
23
24
25
27
32
34
37
5
9
12
15
17
19
31
37
40
46
27
36
39
42
44
46
48
51
54
57
23
29
32
35
37
39
41
46
51
54
22
27
29
34
36
38
40
45
48
51
11
20
23
24
25
27
38
54
57
58
21
31
33
36
38
40
42
53
56
58
2
6
8
14
17
19
27
37
40
42
3
7
9
11
13
14
29
35
38
40
2
5
8
11
14
16
18
23
26
30
15
26
29
32
34
35
37
42
45
48
0
29
32
35
36
37
39
42
46
49
6
11
13
17
23
25
38
52
55
57
12
19
22
24
25
27
30
37
40
42
10
15
17
19
21
23
25
33
35
37
2
9
10
12
15
17
34
44
49
51
3
8
11
13
14
16
18
23
28
29
14
22
24
26
27
29
31
35
37
39
12
18
20
22
25
29
36
43
51
53
60
