time_cost:2408381ms
ontime_proportion:0.666667
max_delay:35
avg_delay:5.833333
avg_flowtime:31.866667
object function value:3395.555556
0
0
0
0
0
0
0
5
11
15
17
0
0
0
0
0
1
17
22
23
25
0
0
0
0
1
2
25
29
31
33
0
3
5
6
7
8
29
33
35
37
0
5
8
9
10
12
33
38
41
42
0
0
1
2
3
5
31
38
41
42
0
0
0
0
0
0
0
1
4
7
0
0
0
0
0
0
0
0
0
0
0
0
0
0
1
2
13
18
20
21
0
0
0
0
0
0
0
0
0
1
0
0
0
0
4
5
26
36
39
43
0
0
0
0
0
0
0
0
0
1
0
0
0
0
0
0
14
20
23
24
0
0
0
0
0
2
7
11
12
14
0
0
0
0
0
0
0
0
0
0
0
0
0
0
0
0
0
0
2
4
0
0
0
1
2
4
27
32
36
37
0
0
0
0
0
0
0
0
0
2
0
0
2
5
6
8
21
28
31
33
0
0
0
0
0
0
0
2
5
6
0
0
0
0
2
3
40
45
48
51
0
0
0
0
2
4
20
28
30
32
0
0
0
0
0
6
29
33
35
36
0
6
8
10
12
14
22
30
32
34
0
0
0
0
0
0
17
23
25
27
0
0
0
2
4
9
43
48
51
54
0
0
2
4
5
7
17
21
23
25
0
0
0
0
0
0
0
0
1
3
0
0
1
3
5
7
15
21
22
24
0
0
0
0
0
0
0
0
0
2
0
0
0
0
2
4
6
11
12
16
0
0
0
0
0
0
0
2
4
7
0
0
0
0
0
1
29
35
37
44
0
0
0
0
0
0
0
0
0
0
19
25
28
31
33
34
36
41
45
52
0
0
0
0
0
0
0
1
3
5
0
0
0
0
0
0
14
20
23
26
0
0
0
0
0
0
18
23
26
29
3
6
12
15
16
17
32
35
38
41
0
0
0
0
0
0
0
0
0
0
9
14
16
18
19
21
23
27
34
37
0
8
22
25
36
37
49
56
60
63
13
18
20
22
24
26
30
35
37
39
11
17
19
24
26
28
30
39
42
44
7
12
15
19
21
23
25
32
35
38
0
5
8
11
13
14
38
44
47
54
5
9
14
16
17
18
33
41
44
46
5
11
27
30
33
35
46
52
55
58
5
9
11
12
14
16
33
43
47
48
4
9
10
12
14
16
17
23
25
27
15
23
26
27
28
30
40
45
48
49
28
31
32
34
35
37
40
43
44
46
15
19
21
23
25
27
45
52
54
56
5
10
12
14
16
18
48
55
57
59
11
16
18
19
20
21
36
43
45
46
27
30
33
36
38
40
49
56
60
63
0
4
6
8
9
10
40
47
49
51
16
22
25
28
29
30
32
35
38
41
10
15
17
18
19
20
31
43
46
47
22
27
28
30
32
34
37
42
43
46
14
17
20
23
24
25
33
37
40
43
4
7
9
11
13
15
31
40
43
45
0
4
6
8
9
11
35
44
46
49
8
13
14
16
18
20
24
29
30
33
20
25
28
31
33
35
37
40
43
47
9
15
18
19
20
22
24
30
33
34
19
24
27
28
31
33
43
49
52
53
25
28
29
31
34
39
49
54
56
58
1
5
7
9
11
29
35
45
48
50
19
24
25
27
29
31
35
40
42
45
10
14
16
18
26
35
49
54
58
60
21
25
27
29
30
32
36
41
43
45
14
19
21
23
25
27
29
38
41
43
0
4
6
8
9
11
19
25
27
29
9
14
17
20
22
23
35
41
45
50
12
19
22
23
24
26
28
33
36
37
2
8
10
12
14
16
24
30
36
38
10
16
19
22
24
25
27
35
38
42
18
22
24
26
27
29
45
50
52
54
22
27
32
35
37
38
44
51
54
57
7
12
15
17
22
24
34
45
48
49
2
6
8
10
11
13
27
38
41
44
10
14
15
17
18
20
34
37
39
41
7
10
11
13
39
42
52
56
59
61
13
17
19
20
21
22
42
48
50
51
10
15
17
20
22
24
46
55
58
60
20
26
30
32
37
40
51
57
61
63
6
11
14
15
20
28
52
59
63
64
4
8
11
14
15
16
23
29
32
35
2
11
14
15
16
18
25
32
35
36
65
