time_cost:5286ms
ontime_proportion:0.566667
max_delay:34
avg_delay:7.088889
avg_flowtime:33.222222
object function value:4440.740741
0
0
0
3
6
8
9
20
27
29
35
0
0
0
0
0
6
41
46
55
58
0
0
0
0
0
0
0
0
0
0
0
0
0
1
3
4
33
41
46
49
0
0
1
3
4
5
25
38
43
45
0
0
0
0
1
2
22
31
39
45
11
15
18
20
21
22
24
28
34
36
0
0
0
0
0
0
0
0
1
2
0
0
0
0
1
3
12
23
25
27
0
0
0
0
0
0
0
0
3
5
0
0
0
0
0
0
0
0
0
0
0
4
6
9
10
14
16
22
24
27
0
0
1
4
6
7
9
12
14
17
0
0
0
1
3
5
19
26
29
45
0
0
0
0
0
1
16
21
26
29
7
11
12
15
17
18
20
26
30
33
0
0
0
0
0
0
0
0
0
3
0
0
0
3
5
6
20
28
32
36
0
0
0
0
0
0
0
0
0
0
0
1
3
5
6
8
44
49
60
62
0
3
5
9
12
28
40
46
56
58
0
0
0
3
5
11
33
45
48
50
0
0
0
0
0
0
7
14
16
27
0
0
0
0
1
2
13
17
22
23
15
19
26
28
29
30
32
36
38
40
0
0
0
0
0
0
0
0
2
6
0
0
0
0
0
0
23
33
37
39
0
0
0
0
0
0
0
2
21
25
0
0
0
0
0
0
32
46
47
54
0
0
0
0
0
0
44
50
61
63
0
0
0
2
3
4
18
23
28
33
0
0
0
0
0
0
0
0
54
57
0
0
0
0
0
0
0
0
0
0
0
0
0
0
0
0
0
0
42
49
0
0
0
0
0
0
35
42
47
49
0
0
0
0
0
0
0
0
2
8
0
4
6
8
9
10
33
38
47
49
0
0
0
0
0
0
0
0
0
5
0
2
4
6
17
19
28
41
44
46
0
0
0
0
0
0
0
0
0
0
5
10
11
14
16
19
22
27
31
35
10
13
17
18
20
21
22
25
29
31
0
4
6
8
9
10
12
16
18
20
11
15
18
21
23
24
39
44
49
52
10
14
17
19
20
22
25
29
36
38
8
13
16
18
24
28
39
44
52
54
6
13
15
17
18
19
21
25
27
34
38
44
49
50
52
53
54
57
60
61
8
12
15
16
18
23
33
39
45
46
5
9
11
13
14
16
20
27
30
37
9
15
19
22
24
25
27
30
32
38
10
17
20
22
23
25
26
30
35
37
5
11
13
15
16
17
24
36
39
41
1
6
9
12
13
15
24
35
42
44
18
23
29
31
32
34
35
39
42
44
4
8
10
12
13
14
41
47
58
60
4
7
9
10
12
13
14
17
19
20
6
10
14
17
22
24
27
32
39
43
8
11
14
17
19
20
26
30
37
41
18
28
32
34
35
37
38
42
46
50
3
8
9
12
14
15
17
22
23
26
4
8
12
14
15
16
18
22
24
26
25
29
36
39
41
43
44
48
51
54
17
24
27
30
32
34
35
39
42
48
31
36
44
46
47
49
50
54
57
59
22
26
34
36
38
39
43
47
58
60
2
7
8
14
16
17
22
27
31
37
3
9
12
14
17
20
32
43
46
50
2
6
8
10
11
13
40
45
54
56
19
24
30
31
33
34
36
40
46
47
1
5
7
9
10
12
14
18
20
22
10
20
22
25
27
28
30
35
36
39
37
42
49
51
52
54
56
60
62
64
12
20
23
25
27
28
30
34
37
40
0
4
6
8
9
10
29
34
40
42
13
18
20
23
25
26
28
33
34
37
7
12
14
20
22
23
29
40
45
46
17
25
34
35
37
38
39
42
46
47
31
36
45
47
49
50
52
56
59
61
15
20
26
29
31
33
36
42
50
56
16
24
26
29
31
32
34
38
39
42
4
9
12
14
15
18
25
37
41
43
8
14
17
19
21
22
32
44
48
50
10
19
22
24
25
27
28
32
35
39
2
6
9
11
12
14
15
21
25
29
0
3
5
6
8
9
29
40
45
51
11
16
19
22
24
25
29
34
42
45
1
5
7
9
10
12
14
18
24
27
14
19
23
24
26
27
28
31
33
34
29
33
40
42
43
45
46
50
53
55
65
