time_cost:2355266ms
ontime_proportion:0.777778
max_delay:29
avg_delay:3.300000
avg_flowtime:27.244444
object function value:2130.370370
0
0
0
0
0
26
28
47
51
54
55
0
0
0
1
2
11
44
48
49
52
0
0
1
3
4
5
39
44
50
52
0
0
0
0
0
0
0
0
0
1
0
5
7
9
10
11
12
17
19
21
0
0
0
2
3
4
26
31
35
40
0
0
0
0
0
2
20
24
25
26
0
4
12
15
16
18
32
37
39
42
0
3
5
7
8
10
21
24
26
28
0
0
0
0
0
0
0
2
4
7
0
0
0
0
0
0
0
0
0
0
0
0
0
0
0
0
0
1
2
5
0
2
3
4
5
7
34
39
40
41
0
0
1
2
4
6
9
13
14
16
0
3
4
5
7
9
31
35
36
37
0
0
0
0
0
1
27
33
34
35
0
0
0
0
0
0
0
0
0
4
0
0
0
0
0
0
0
1
5
6
0
0
0
0
1
3
33
37
38
39
0
0
0
0
0
2
22
27
29
31
0
0
0
0
0
0
0
0
0
0
0
0
0
0
15
17
44
49
52
55
0
0
0
0
0
0
0
0
5
8
0
0
0
0
0
1
25
28
30
32
0
0
1
2
3
5
10
15
16
17
0
0
0
0
0
0
19
22
24
25
0
0
0
0
0
0
0
0
0
0
0
0
0
0
26
30
48
52
55
56
0
0
0
0
1
2
4
9
10
13
0
0
0
0
0
0
0
0
0
0
13
16
17
18
21
23
33
36
37
39
0
0
0
0
0
0
0
0
0
0
0
0
0
0
2
4
32
36
37
38
0
0
0
0
0
0
0
0
0
1
0
0
0
0
0
0
0
0
0
3
0
0
2
5
6
8
10
15
17
24
0
2
3
4
5
7
20
23
24
25
0
0
0
0
0
0
15
20
22
25
0
2
4
6
7
9
26
31
34
37
0
0
0
0
0
0
18
22
25
26
5
9
10
11
13
15
17
21
22
23
7
10
12
15
16
18
23
26
28
30
10
13
15
16
18
19
31
34
37
38
11
14
16
18
19
21
29
32
34
36
27
31
32
33
35
39
49
54
55
56
20
25
27
30
31
33
39
44
46
49
4
8
9
10
11
12
16
22
23
24
0
4
5
6
7
8
16
20
21
23
14
18
19
20
21
22
27
31
32
33
7
11
14
15
19
21
35
39
42
43
23
26
27
28
29
31
32
36
37
38
22
26
27
28
35
37
51
55
56
57
10
13
14
15
18
20
30
33
34
36
2
7
8
11
12
14
25
30
31
34
15
18
20
21
25
26
27
31
33
34
20
24
25
26
27
28
30
34
35
36
5
8
9
10
11
13
34
37
38
39
16
21
22
23
24
26
28
33
34
35
12
16
17
20
26
29
31
35
36
37
5
10
11
14
15
16
18
23
24
27
1
5
6
7
9
11
21
25
26
27
27
32
33
36
37
38
42
47
48
51
37
42
44
46
47
48
49
54
56
58
24
29
30
33
34
35
37
42
43
46
10
17
19
21
26
30
33
37
39
41
5
8
11
12
14
17
24
28
30
31
2
7
8
11
12
13
15
20
21
24
8
11
13
18
23
24
47
50
52
53
13
17
20
21
23
25
29
33
36
37
8
12
13
16
22
24
43
47
48
49
9
12
14
15
17
19
24
27
28
29
4
7
8
9
10
12
36
39
40
41
14
19
20
21
28
30
50
56
57
58
8
12
15
21
24
27
29
34
37
38
8
12
15
19
21
23
26
30
33
34
23
27
28
29
31
33
39
43
46
47
22
27
28
29
33
35
44
49
51
52
2
7
9
11
12
13
15
20
22
24
2
5
7
8
10
11
20
23
26
27
13
18
20
23
24
26
36
41
43
46
7
10
12
14
15
18
33
36
38
40
2
5
6
7
8
10
12
15
16
17
2
5
6
7
29
32
52
55
56
57
7
10
12
13
15
17
41
44
46
47
13
16
18
20
22
24
26
29
31
34
5
10
11
12
13
15
17
22
23
24
18
23
25
27
28
29
47
52
54
56
11
14
15
16
17
19
31
34
36
37
12
15
17
19
20
22
23
26
28
31
3
8
9
13
14
15
42
47
49
52
59
