time_cost:2418114ms
ontime_proportion:0.755556
max_delay:29
avg_delay:3.755556
avg_flowtime:28.577778
object function value:2397.037037
0
0
0
0
0
0
2
15
19
22
23
0
0
0
1
2
3
18
22
24
25
0
0
1
3
4
5
13
18
20
22
0
0
0
0
0
0
0
0
0
1
0
5
7
9
10
11
14
20
22
24
0
0
0
2
7
8
48
54
56
58
0
0
0
0
0
2
14
18
19
21
0
4
9
12
13
15
32
37
39
42
0
3
5
7
23
26
45
48
50
52
0
0
0
0
0
0
0
2
6
8
0
0
0
0
0
0
0
0
0
0
0
0
0
0
0
0
0
1
4
7
0
2
3
4
9
16
34
39
41
42
0
0
2
3
5
8
33
37
38
39
0
3
4
5
31
33
47
51
52
53
0
0
0
0
0
1
7
12
13
15
0
0
0
0
0
0
0
0
0
3
0
0
0
0
0
0
0
1
3
4
0
0
0
0
1
3
15
19
20
21
0
0
0
0
2
6
22
27
28
29
0
0
0
0
0
0
0
0
0
0
0
0
0
0
8
10
37
42
44
47
0
0
0
0
0
0
0
0
0
3
0
0
0
0
0
0
27
30
32
34
0
0
1
2
3
5
10
15
16
17
0
0
0
0
0
0
33
36
38
39
0
0
0
0
0
0
0
0
0
0
0
0
0
0
3
6
29
33
36
38
0
0
0
0
1
4
20
25
26
29
0
0
0
0
0
0
0
0
0
0
4
7
8
9
27
29
41
44
46
47
0
0
0
0
0
0
0
0
0
0
0
0
0
0
5
10
32
36
37
38
0
0
0
0
0
0
0
0
0
1
0
0
0
0
0
0
0
0
0
1
0
0
3
6
7
9
30
35
37
40
0
2
3
4
5
7
19
22
23
24
0
0
0
0
0
0
14
20
24
27
0
2
4
6
7
9
27
30
32
34
0
0
0
0
0
1
24
28
31
32
6
10
11
12
14
16
21
25
26
27
9
12
14
17
18
20
22
25
27
29
11
14
16
17
19
20
25
28
30
31
8
11
13
15
16
18
35
38
40
42
16
20
21
22
23
24
28
32
33
34
10
15
17
20
21
23
27
32
34
38
7
11
12
13
14
15
18
23
24
26
0
4
5
6
7
8
19
23
25
26
18
22
23
24
25
26
41
45
47
48
7
11
15
16
29
31
44
50
53
54
15
18
19
21
22
24
25
28
29
30
22
26
27
28
32
35
49
53
54
55
11
14
15
16
20
22
28
31
32
33
2
7
8
11
12
13
23
29
30
33
4
8
10
11
13
14
25
29
31
35
7
11
12
13
15
17
22
26
27
28
7
10
11
12
15
17
36
39
40
41
3
8
9
10
11
13
28
33
34
35
10
14
15
16
17
18
20
24
25
26
5
10
11
14
16
19
28
37
38
41
1
5
6
7
9
11
21
25
26
27
16
21
22
25
26
27
37
43
44
47
22
27
29
31
33
34
48
53
55
57
1
6
7
10
11
12
24
29
30
34
15
19
21
23
27
29
33
37
39
41
18
21
23
24
26
27
28
32
34
35
6
11
12
16
17
18
42
47
48
51
15
18
20
21
29
33
49
52
54
55
2
6
9
10
16
21
28
32
35
36
3
7
10
11
13
15
26
30
31
32
12
15
16
17
18
21
31
34
35
36
19
22
24
26
34
36
51
55
56
57
10
15
16
17
20
24
39
44
47
48
11
15
18
19
24
26
30
34
37
38
12
16
19
20
22
24
26
30
33
34
30
34
35
36
38
40
50
54
55
56
5
10
11
12
18
20
39
44
45
46
2
8
10
13
21
23
33
38
40
42
6
9
13
14
20
23
31
35
37
38
19
24
26
29
30
32
45
50
52
55
3
6
8
10
11
13
24
27
29
31
16
19
20
21
24
26
30
33
34
35
10
13
14
15
25
30
42
45
47
48
2
5
7
8
12
14
38
41
43
44
0
3
5
7
8
10
25
28
30
32
5
10
12
13
27
30
44
49
50
51
11
16
18
20
22
23
36
41
43
45
21
24
25
26
34
37
52
55
57
58
18
21
23
25
26
28
32
35
37
39
11
16
17
20
24
28
44
49
51
54
59
