time_cost:6150ms
ontime_proportion:0.655556
max_delay:25
avg_delay:3.844444
avg_flowtime:29.655556
object function value:3432.962963
0
0
0
0
0
2
4
30
34
35
36
0
0
0
0
0
0
0
0
0
1
0
0
0
0
0
1
17
22
24
27
0
0
0
0
0
0
0
0
0
2
0
0
0
0
0
0
0
0
0
0
0
0
0
1
3
4
22
25
27
28
0
0
0
1
4
6
34
39
40
41
0
0
0
0
0
0
24
27
29
31
0
0
0
0
0
0
0
0
2
5
0
3
4
5
7
9
25
29
30
31
0
0
0
0
0
0
17
19
20
21
0
0
0
0
1
2
25
32
36
40
0
0
0
0
0
1
16
20
23
24
0
0
0
0
0
0
0
0
0
2
0
4
5
6
7
9
27
32
33
34
0
1
2
3
4
5
29
33
34
35
0
0
0
0
0
0
0
3
5
6
0
0
0
0
1
2
23
26
28
30
0
0
0
0
0
0
0
0
1
4
0
0
1
4
5
6
19
24
25
28
0
0
0
0
6
7
36
40
41
42
0
0
0
0
0
0
0
0
2
6
0
0
0
0
0
0
0
0
1
3
0
0
0
0
0
0
0
2
4
6
0
0
0
0
2
4
36
41
42
43
0
0
0
0
0
0
0
0
0
0
0
0
0
0
1
3
15
20
22
25
0
0
0
0
0
0
20
23
25
27
0
0
0
0
0
0
0
0
3
7
0
0
0
0
6
8
37
42
43
44
0
0
0
0
0
0
18
30
32
35
0
0
0
0
0
0
22
25
27
29
0
3
4
5
7
9
30
34
35
36
0
0
0
0
0
7
32
37
38
39
0
0
0
0
0
0
0
0
0
2
0
0
0
0
4
6
30
33
34
35
0
0
0
0
0
1
25
29
30
31
0
0
0
0
0
0
20
24
26
28
0
0
0
1
2
4
23
26
31
33
14
18
19
20
23
24
29
33
34
35
11
16
18
19
25
30
42
47
48
49
5
10
11
14
15
16
20
25
26
29
13
16
18
19
21
22
27
30
32
35
16
21
22
23
25
28
40
44
45
46
4
9
10
13
14
15
27
32
39
42
15
18
19
20
21
23
24
27
28
29
15
19
20
21
23
27
39
43
44
45
11
14
16
18
19
21
30
38
40
42
1
4
6
8
9
11
33
38
42
44
12
17
19
20
22
23
27
30
32
37
11
15
16
17
19
21
25
29
30
31
3
7
10
11
13
15
18
22
25
26
0
5
7
10
11
13
18
23
35
38
7
10
12
13
15
17
23
26
28
30
6
11
13
15
16
17
36
41
43
45
3
7
10
11
13
18
23
28
31
34
9
14
18
19
27
32
44
49
50
51
2
9
12
13
17
19
22
26
29
30
5
11
13
15
16
18
30
35
37
39
19
22
23
24
31
34
44
47
48
49
17
20
21
22
27
30
41
44
45
46
5
9
12
15
17
19
21
31
35
36
4
10
15
18
21
26
37
43
49
52
19
22
23
24
29
31
41
44
45
47
0
3
5
7
8
10
34
40
46
48
2
7
11
14
15
17
22
42
46
49
3
7
10
17
19
21
30
34
37
38
3
8
9
12
13
14
45
50
51
54
7
12
15
17
26
29
43
48
50
52
14
17
18
19
23
25
29
32
33
34
0
4
7
8
10
12
26
35
38
40
15
18
19
23
25
27
34
37
38
39
10
14
15
17
21
23
26
30
31
32
10
16
17
18
27
29
37
42
43
45
7
11
14
15
17
20
26
31
34
36
12
16
17
21
23
25
30
34
35
36
7
12
14
18
26
27
35
40
42
44
1
5
6
7
9
11
26
30
31
32
9
13
14
15
19
22
32
36
37
40
6
12
14
16
17
18
33
38
40
42
14
18
20
22
24
25
34
37
39
40
20
23
24
25
29
32
42
45
46
47
10
15
17
20
24
26
33
38
40
42
16
20
21
22
31
33
44
48
49
50
14
17
19
20
22
24
33
36
38
41
3
6
8
10
11
13
32
35
39
41
8
14
15
19
32
35
47
51
52
53
12
16
18
24
27
28
37
41
42
43
16
19
21
23
33
35
47
50
52
53
9
14
16
18
25
26
35
40
42
44
55
