time_cost:2131707ms
ontime_proportion:0.588889
max_delay:39
avg_delay:8.755556
avg_flowtime:33.466667
object function value:4226.666667
0
0
0
0
0
0
1
15
22
24
26
0
0
2
4
5
6
19
28
31
33
0
0
0
0
0
1
12
17
19
21
0
0
0
0
3
10
40
55
61
62
0
0
0
0
0
0
0
2
4
6
0
0
0
0
0
5
37
51
53
55
0
0
0
0
0
0
23
28
30
32
0
0
2
4
6
8
25
36
43
45
0
0
0
0
0
0
10
15
17
23
0
0
0
0
0
3
35
39
43
45
0
0
0
0
0
0
0
0
0
2
0
22
34
37
40
42
44
49
52
55
0
0
0
0
1
2
9
15
18
19
0
0
0
0
0
0
34
50
51
53
0
0
0
0
4
11
43
57
62
65
0
2
5
9
20
24
34
46
49
52
0
1
4
11
13
15
30
36
39
42
0
0
0
0
0
0
7
13
15
17
0
0
0
0
0
0
0
2
5
8
0
0
0
0
0
0
48
60
66
67
0
3
7
12
25
29
33
38
41
47
0
0
0
1
3
5
35
40
42
46
0
0
0
0
0
0
0
0
0
2
0
0
0
0
0
0
0
0
1
6
0
0
2
3
4
6
22
27
30
31
0
0
0
0
0
0
0
0
2
6
0
0
0
0
0
0
0
0
0
2
0
0
0
1
2
4
37
44
51
53
0
0
0
0
0
0
18
22
25
27
0
1
2
4
6
8
39
53
57
59
0
2
3
5
6
8
16
20
23
25
0
0
0
0
2
9
39
55
59
61
0
0
0
0
4
30
48
60
65
66
0
0
0
0
0
0
0
0
0
0
0
0
0
1
2
4
35
44
47
48
0
0
0
0
1
3
32
40
45
48
0
0
0
0
1
2
14
19
21
23
0
0
0
0
0
0
0
0
0
0
0
0
0
0
0
0
0
2
10
13
0
0
0
0
0
0
0
0
0
3
35
49
53
55
56
58
60
64
66
68
1
8
11
13
14
15
17
24
26
28
14
19
22
23
24
26
28
33
36
38
33
43
46
49
51
52
54
59
63
66
18
27
30
32
33
35
37
42
45
46
13
18
23
25
26
29
46
58
64
66
26
36
40
42
44
46
48
53
55
57
11
17
21
23
24
27
32
36
38
40
11
17
21
24
26
28
30
38
45
48
10
16
18
20
22
24
27
32
34
36
23
32
36
37
40
42
44
48
50
51
15
21
23
25
26
28
32
35
36
38
8
14
16
17
18
21
33
41
43
44
7
12
15
18
19
20
22
25
28
31
4
9
11
14
16
18
20
25
27
29
5
11
17
20
21
22
24
27
30
33
5
8
9
11
12
14
18
21
23
25
9
15
16
18
20
22
25
31
32
34
10
16
20
23
25
26
28
33
37
42
5
10
12
14
16
18
29
38
41
43
5
11
14
15
19
25
27
32
35
36
2
5
8
11
12
13
15
20
24
27
18
24
27
30
32
33
37
52
58
61
26
35
39
41
42
44
45
52
57
59
2
10
13
14
15
17
19
24
27
29
1
4
7
10
15
17
29
36
40
43
8
13
15
17
18
19
21
25
27
29
6
9
12
15
17
21
24
30
33
38
15
20
22
24
25
26
28
33
36
38
2
6
8
10
11
13
28
33
36
41
2
5
6
8
9
11
15
19
20
22
7
14
18
20
27
31
35
41
44
51
10
16
19
21
23
28
41
57
61
63
19
29
33
36
38
40
42
45
48
51
3
7
9
11
12
14
25
34
38
40
12
17
19
21
22
25
46
57
62
64
0
5
8
9
10
12
14
19
27
28
0
6
8
9
14
29
31
35
37
38
8
12
15
18
19
20
32
37
40
45
23
32
37
39
41
44
45
51
55
57
19
30
32
34
35
36
38
42
44
46
0
5
6
8
10
12
13
18
19
21
23
30
31
33
35
37
38
43
44
47
5
10
13
16
18
19
21
26
29
32
2
8
11
12
19
23
32
43
48
49
4
9
10
12
14
16
17
23
25
27
9
15
17
19
21
23
25
30
32
34
22
30
33
36
38
40
42
46
55
58
31
39
42
45
47
49
51
54
59
62
3
8
10
12
14
16
18
23
25
27
69
