time_cost:2824617ms
ontime_proportion:0.655556
max_delay:33
avg_delay:5.577778
avg_flowtime:31.455556
object function value:3492.962963
0
0
0
0
0
0
0
1
4
7
10
0
0
0
0
0
0
10
15
19
22
0
0
0
0
0
0
7
10
15
20
0
0
0
0
0
0
0
5
6
11
0
0
0
0
0
0
0
0
0
1
0
0
0
0
0
0
13
20
22
23
0
0
0
0
0
1
10
13
18
20
0
0
0
2
4
7
34
45
47
49
0
0
0
0
0
0
0
0
0
0
0
0
0
0
0
0
0
0
1
3
0
0
0
0
2
4
13
17
21
24
0
0
0
0
0
0
23
27
30
33
0
0
0
0
0
2
32
41
44
48
0
5
7
9
11
13
28
37
40
43
0
0
0
0
0
0
18
22
25
26
0
2
4
6
7
8
21
28
30
32
0
0
0
0
0
0
0
0
1
3
0
3
4
6
7
9
16
19
22
24
0
0
0
0
0
0
0
0
0
0
0
0
0
0
0
0
0
0
0
3
0
0
0
0
2
4
25
32
35
38
0
0
0
0
0
0
0
0
2
4
0
0
0
0
3
5
36
47
49
51
0
1
3
4
5
6
35
46
48
49
0
0
0
0
0
0
30
38
41
44
17
23
25
27
29
31
33
38
41
46
0
0
0
0
1
2
32
44
47
50
0
0
0
0
1
3
14
20
21
23
0
0
0
0
0
0
0
1
3
4
0
0
0
0
0
0
0
0
0
1
0
0
0
0
0
2
7
13
20
22
0
2
4
6
9
11
24
30
32
37
0
0
0
0
0
0
26
32
34
36
0
2
4
8
15
17
28
38
42
44
0
0
0
0
2
3
24
31
36
38
0
0
0
0
0
0
0
0
0
2
0
0
0
0
0
0
0
0
0
1
0
0
0
0
0
0
0
0
0
0
0
0
0
0
0
0
0
0
0
0
13
28
30
32
33
35
39
51
53
55
6
11
13
20
21
25
31
40
44
46
2
7
10
11
14
16
26
35
38
40
26
31
34
37
38
39
44
56
59
62
9
14
16
19
20
22
26
36
38
40
2
6
12
15
17
19
23
30
33
36
5
9
11
12
13
14
16
21
23
24
9
12
15
18
20
21
32
38
41
45
8
13
17
19
20
21
25
33
36
39
4
9
11
13
14
15
17
22
24
26
23
30
33
36
38
40
42
47
50
53
10
16
18
20
22
24
26
33
36
38
20
26
28
29
30
31
33
42
46
47
3
7
9
10
13
14
39
50
52
53
27
34
37
38
39
41
43
48
51
52
0
5
6
8
10
12
18
24
34
38
3
7
8
10
11
13
15
20
26
28
7
11
13
15
16
18
22
27
32
34
5
11
14
17
19
20
25
33
38
41
10
14
16
17
18
19
22
28
31
32
12
20
24
26
27
29
33
49
51
53
1
4
7
12
14
16
29
34
38
41
1
4
10
13
16
18
30
38
41
44
18
25
28
31
33
34
36
41
44
47
3
6
8
10
11
13
30
37
38
40
4
9
10
12
14
16
17
22
23
25
1
4
5
7
8
10
19
24
27
29
12
18
21
22
25
37
46
57
60
61
17
21
24
27
28
29
32
40
43
46
16
21
24
29
31
33
43
54
57
60
8
14
17
20
22
25
46
57
60
61
20
28
31
33
35
37
39
50
52
54
15
23
26
27
28
30
33
47
50
51
4
7
10
13
21
23
33
42
45
48
7
10
13
17
19
22
31
39
42
45
21
28
31
34
36
37
39
44
47
50
5
10
11
14
16
18
23
30
36
41
20
25
28
31
33
35
38
47
50
53
13
16
19
22
24
26
40
49
52
55
4
8
9
11
12
14
15
18
29
31
0
19
22
25
26
27
29
35
39
43
10
15
18
24
26
28
43
53
56
59
19
25
27
28
29
30
40
52
55
56
22
30
33
35
37
39
41
52
54
56
6
11
15
18
21
24
35
44
49
52
13
25
28
29
30
32
34
44
47
48
19
24
27
30
32
33
35
43
46
49
11
17
20
21
23
27
41
54
57
58
10
14
18
21
22
23
31
41
44
47
5
8
12
15
18
20
29
35
38
41
10
18
26
28
31
33
35
47
49
51
63
