time_cost:2798046ms
ontime_proportion:0.733333
max_delay:25
avg_delay:3.488889
avg_flowtime:26.577778
object function value:2552.592593
0
0
0
0
0
0
2
8
13
15
18
0
0
0
0
0
0
41
46
47
51
0
0
0
1
2
3
6
10
11
14
0
5
7
10
11
13
20
28
30
33
0
1
4
5
7
9
16
20
23
28
0
0
0
0
0
1
27
32
34
37
0
0
1
2
3
5
7
12
13
15
0
0
0
0
0
0
0
4
5
6
0
0
0
0
0
0
33
37
38
40
0
0
0
1
3
4
35
39
40
42
0
0
0
0
0
0
0
0
0
0
0
0
0
0
0
0
0
2
3
4
0
0
0
0
0
0
0
2
4
7
0
0
0
0
4
7
27
31
32
34
0
0
0
0
0
0
0
0
0
1
0
0
0
0
0
0
0
3
8
13
0
0
0
0
0
1
35
40
41
44
0
1
3
5
6
8
16
23
27
29
0
0
0
0
0
0
30
35
37
40
0
0
0
0
0
0
0
2
4
7
0
0
0
0
0
0
0
1
4
11
0
0
0
1
2
3
5
10
11
14
0
0
0
0
0
0
13
19
21
22
0
0
0
0
1
3
8
11
15
16
0
0
0
3
7
17
40
44
47
48
0
0
0
0
0
0
0
0
0
0
0
0
0
0
0
0
0
0
0
4
0
0
1
2
5
7
34
38
41
42
0
0
0
0
0
0
0
0
0
0
0
0
1
2
4
6
29
33
35
39
0
0
0
0
0
0
29
34
36
39
0
0
0
0
1
5
19
24
25
28
0
0
0
0
0
0
0
0
2
3
0
0
0
0
3
7
27
32
34
36
0
3
5
6
8
9
33
38
40
41
0
0
0
0
1
3
22
26
27
28
0
0
0
1
3
5
31
36
39
44
0
0
0
0
0
0
0
0
0
3
0
5
7
10
11
13
16
21
24
27
0
1
2
3
5
9
37
40
41
43
26
31
33
35
36
37
38
43
45
47
13
17
20
21
23
25
45
49
52
53
15
18
19
20
21
23
24
29
30
31
22
27
31
34
35
37
41
47
49
54
6
11
12
15
18
19
39
44
48
51
26
30
31
32
33
34
37
41
42
43
3
8
12
15
20
22
30
35
37
41
11
16
17
18
19
21
24
29
32
33
5
10
11
12
13
15
17
22
23
24
6
10
13
14
16
18
20
24
27
33
13
16
18
20
21
23
24
27
29
31
27
31
34
37
39
41
43
47
50
51
2
7
10
11
15
19
40
45
46
47
11
16
17
23
24
25
32
37
40
43
38
41
42
43
44
46
47
50
51
52
10
14
15
16
18
20
22
27
28
29
14
19
21
24
25
27
28
33
35
38
8
13
15
17
22
23
41
46
51
53
22
27
29
32
34
36
38
43
45
48
11
16
17
20
24
25
43
48
50
53
21
26
28
31
32
34
37
42
44
48
3
7
10
11
14
15
32
37
38
41
16
20
23
24
26
28
31
35
38
39
30
34
35
36
38
40
42
46
47
48
10
13
15
16
18
19
23
26
28
29
10
17
20
23
29
31
36
42
44
47
1
6
7
8
9
11
15
20
21
22
3
8
10
12
13
14
16
23
25
27
31
36
37
38
39
41
43
48
49
50
10
13
14
15
16
18
19
23
24
25
26
30
33
34
36
38
41
45
48
49
0
5
7
9
10
11
38
43
45
47
14
17
19
21
23
24
26
29
33
36
7
11
12
13
15
17
19
23
24
25
31
35
36
37
40
42
44
48
49
50
4
9
10
13
14
15
17
22
23
26
5
8
9
10
11
13
21
25
26
27
10
14
15
18
23
25
27
31
33
34
1
5
6
7
9
11
18
24
25
26
35
38
39
40
41
43
44
47
48
49
25
30
32
36
37
39
40
45
47
50
1
4
5
6
7
9
34
37
39
40
23
28
29
32
33
34
36
41
42
45
3
6
7
8
9
11
12
15
16
17
12
16
20
21
27
29
36
40
43
44
13
18
19
20
25
27
46
51
53
54
1
6
8
10
13
14
22
29
31
33
9
12
16
20
21
23
35
38
40
42
20
23
24
25
28
30
35
38
39
41
5
10
11
12
13
15
17
22
23
24
55
