time_cost:2435756ms
ontime_proportion:0.711111
max_delay:28
avg_delay:3.844444
avg_flowtime:30.800000
object function value:2915.555556
0
0
0
0
0
0
0
1
4
7
12
0
0
0
2
3
5
11
14
15
17
0
0
1
2
3
5
7
15
18
19
0
0
0
0
0
0
0
0
1
3
0
0
0
0
0
0
0
0
3
6
0
0
0
0
0
0
0
0
0
0
0
0
2
5
7
10
24
31
34
37
0
0
0
0
0
0
0
0
0
1
0
0
0
1
3
6
23
29
31
35
0
0
0
0
0
0
0
0
2
4
0
2
3
5
6
8
9
12
13
16
0
2
5
8
12
25
35
43
46
50
0
0
0
0
0
0
0
0
0
0
0
0
0
0
1
2
18
22
24
25
0
0
0
0
0
0
0
0
0
1
0
0
0
0
0
0
14
20
22
24
0
0
0
0
0
0
0
0
0
3
0
0
0
0
6
11
34
41
44
47
0
0
0
0
0
0
0
0
0
3
0
15
18
20
21
23
28
35
38
39
0
1
3
4
5
8
23
27
29
30
0
0
0
0
0
4
36
43
46
49
0
0
0
0
0
1
6
12
13
15
0
0
0
0
0
0
0
0
0
0
0
0
0
0
5
7
25
30
33
36
0
0
0
0
0
0
16
21
24
27
14
18
20
21
22
23
28
34
36
37
0
0
0
0
0
0
22
28
31
34
0
0
0
0
2
4
29
38
41
42
0
0
1
2
6
9
27
33
35
36
0
0
0
0
1
3
10
16
17
19
0
0
0
0
1
3
12
15
23
26
0
0
0
0
0
0
24
30
32
33
0
0
0
0
1
3
19
25
28
29
0
0
0
0
0
0
18
25
28
29
0
0
0
0
0
0
0
0
0
0
0
0
0
0
4
6
25
33
36
38
0
0
0
0
0
0
19
29
31
33
0
0
0
0
0
0
0
3
4
7
0
1
4
7
8
13
38
46
49
52
0
5
6
8
10
12
14
20
24
27
4
9
10
13
15
17
18
23
26
28
5
9
11
12
19
23
30
39
41
42
0
5
8
9
10
12
33
44
47
48
18
22
25
28
29
30
33
41
46
49
8
11
12
14
15
17
18
21
22
25
20
24
27
30
32
34
38
49
52
55
0
9
11
13
18
19
38
49
51
53
8
17
19
21
26
29
37
47
49
50
10
14
16
17
18
19
32
38
40
41
0
5
7
9
11
13
24
31
36
39
6
10
12
13
14
15
33
39
41
42
5
10
11
13
15
17
18
24
25
27
14
18
20
22
25
28
36
45
47
49
1
6
9
10
11
13
30
37
40
41
21
27
29
32
33
35
39
52
55
57
8
13
16
19
21
22
29
36
39
42
17
29
33
36
38
39
41
50
53
56
17
22
24
25
26
27
29
34
36
38
3
6
9
12
13
21
33
40
43
46
12
16
17
19
20
22
24
28
32
34
0
3
8
11
20
28
36
44
47
50
3
7
12
13
14
15
23
28
30
31
11
14
17
20
22
24
30
37
42
45
3
9
12
15
18
20
27
34
37
38
4
12
15
17
22
25
34
43
45
47
16
21
23
24
25
32
41
52
55
56
2
9
13
19
23
29
37
46
49
52
22
28
30
32
33
34
36
43
45
48
12
24
27
28
29
31
37
47
50
51
8
11
13
15
16
18
21
27
38
40
7
11
13
14
17
18
24
31
33
34
12
16
20
22
23
26
32
41
43
45
15
19
22
26
27
31
38
50
53
56
15
22
25
28
30
32
34
40
43
47
21
24
27
30
34
36
40
51
54
57
5
8
9
11
28
33
41
53
56
58
26
32
35
38
39
40
42
47
50
53
11
14
15
17
18
20
27
33
37
39
21
25
29
32
33
34
38
47
50
54
5
8
9
11
12
14
22
27
28
30
0
5
8
10
14
16
28
35
38
39
31
36
39
42
43
44
46
49
52
55
8
12
14
16
17
18
26
32
34
36
3
8
9
11
13
15
16
21
25
34
13
17
19
21
26
36
40
53
56
58
11
17
20
23
25
26
33
40
43
46
14
19
21
23
24
27
34
45
48
50
9
14
15
17
19
21
28
36
37
41
15
18
21
24
26
30
39
50
53
56
59
