time_cost:1029380ms
ontime_proportion:0.871429
max_delay:14
avg_delay:1.042857
avg_flowtime:25.000000
object function value:1119.047619
0
0
0
0
0
0
0
11
17
19
20
0
0
0
0
0
0
20
23
24
25
0
0
0
0
0
1
26
32
35
38
0
2
8
12
14
16
19
23
24
27
0
0
0
1
4
6
21
24
25
27
0
0
0
3
5
7
12
16
25
28
0
0
1
2
3
5
24
29
31
32
0
2
3
5
6
7
24
29
30
31
0
0
0
0
0
0
0
0
0
3
0
0
0
0
3
5
23
26
27
28
0
2
5
6
12
14
16
19
22
28
0
0
0
0
0
0
15
20
22
23
0
0
0
1
6
8
24
27
29
30
0
0
0
0
0
1
8
11
18
19
0
0
2
5
8
10
28
32
35
38
0
0
0
0
0
1
9
13
14
19
0
0
0
0
0
0
0
0
1
4
0
4
5
6
7
9
19
24
25
26
0
2
3
4
5
6
17
22
23
24
0
0
0
0
0
0
0
0
0
1
0
0
0
0
0
0
17
21
23
25
0
0
0
0
0
0
0
0
0
0
0
0
0
0
0
1
12
15
16
26
0
0
0
0
0
0
0
0
1
4
0
0
0
0
0
0
22
24
25
28
0
0
0
0
0
0
10
14
17
18
0
0
0
0
1
3
8
11
12
17
0
0
0
0
4
8
23
27
28
29
0
0
0
0
0
0
0
0
0
0
0
0
0
0
1
3
10
15
19
22
5
9
11
19
21
23
25
29
30
33
4
7
8
9
12
15
22
25
29
30
8
11
14
15
18
20
22
25
28
31
4
8
9
13
15
17
19
25
28
32
14
17
20
21
24
26
28
31
34
35
18
21
22
25
27
29
31
37
38
41
10
15
17
18
25
27
30
35
37
40
1
4
5
8
10
12
14
17
18
22
5
8
11
14
16
18
21
25
28
32
4
9
11
12
23
25
27
38
41
42
11
14
15
17
19
21
23
26
27
30
16
19
20
21
22
23
24
28
29
30
9
14
17
20
22
24
29
35
38
41
15
20
22
24
25
26
27
30
34
36
3
8
10
17
19
21
23
28
30
31
3
7
8
11
13
15
18
22
31
34
11
16
18
20
22
24
26
31
33
34
12
19
21
22
24
25
27
35
38
39
9
12
17
23
25
28
30
33
36
37
17
22
24
25
29
31
33
38
40
42
3
6
7
8
9
10
11
14
15
16
2
5
8
9
14
23
25
30
33
35
1
4
5
6
8
10
12
15
16
17
13
16
17
18
19
20
29
34
35
36
16
21
24
25
26
27
28
33
36
37
1
4
7
10
12
14
15
18
21
27
7
10
11
12
13
14
19
22
23
24
16
19
21
25
26
27
28
32
34
37
1
4
5
6
7
8
9
14
15
16
8
11
14
15
17
19
22
27
31
32
4
8
9
10
11
12
14
18
19
20
7
10
12
14
15
16
21
24
26
29
4
23
25
26
28
30
32
37
39
40
9
12
14
16
20
22
25
30
32
34
0
5
7
8
10
12
15
23
26
27
0
5
7
8
10
17
22
28
30
36
5
9
10
11
12
13
18
23
26
27
6
10
14
21
23
25
27
31
32
37
2
6
8
9
14
19
31
35
36
37
6
9
12
16
17
18
20
25
27
29
44
