time_cost:1522820ms
ontime_proportion:0.942857
max_delay:9
avg_delay:0.285714
avg_flowtime:19.385714
object function value:217.619048
0
0
0
0
1
2
3
8
14
18
19
0
0
0
0
0
0
0
0
2
3
0
0
0
0
1
2
13
16
21
23
0
0
0
0
0
0
4
9
11
12
0
0
0
0
0
0
20
23
26
27
0
0
0
0
0
0
0
0
2
3
0
0
0
0
0
0
11
16
19
22
0
0
0
0
0
0
0
1
3
4
0
0
0
0
0
0
0
0
2
3
0
0
0
0
0
1
22
28
30
33
0
0
1
2
4
6
18
21
25
27
0
0
0
0
0
0
0
0
0
0
0
0
0
1
2
3
21
25
28
29
0
0
0
0
0
0
0
0
0
0
0
4
5
7
8
9
13
18
23
26
0
0
0
0
0
0
0
2
3
6
0
0
0
0
0
0
0
0
0
0
0
0
0
0
0
0
0
0
0
2
0
0
0
0
0
0
0
1
2
4
0
0
0
0
0
1
11
16
22
24
0
0
0
0
0
0
13
17
19
21
0
0
0
0
0
0
0
0
0
0
0
0
0
0
0
0
9
13
14
16
0
0
0
0
0
0
0
0
0
2
0
0
0
0
0
0
22
28
29
32
0
0
0
0
0
2
15
19
22
25
0
0
0
0
0
0
0
0
0
0
0
0
0
0
0
0
0
0
0
0
0
0
0
0
0
0
0
0
0
0
0
0
0
0
0
0
0
0
0
0
4
11
12
15
16
18
20
24
26
29
6
11
12
15
16
17
19
24
25
28
4
11
15
18
19
20
21
25
28
31
4
9
10
13
14
15
17
22
23
25
17
22
23
26
27
28
30
35
36
39
0
4
7
11
12
13
14
18
22
25
5
10
12
14
15
16
26
30
32
34
9
14
17
20
21
22
25
29
32
35
7
10
11
13
14
15
17
20
21
23
8
11
13
14
15
16
24
29
31
32
0
4
7
10
11
12
13
17
20
23
8
13
15
18
19
20
22
27
28
31
3
6
8
9
10
11
17
21
25
26
7
12
13
15
17
19
20
25
26
28
6
9
11
12
13
14
15
20
26
27
4
7
9
10
12
14
15
18
20
21
5
9
11
12
13
15
16
20
22
23
18
23
25
26
27
29
30
34
36
37
2
7
9
10
14
16
18
22
31
32
1
8
11
12
13
14
15
18
21
22
9
13
14
17
18
20
22
26
27
30
9
14
19
21
22
23
24
28
29
31
11
14
18
19
21
23
26
31
34
35
1
5
6
8
9
10
26
31
33
35
18
24
27
28
29
30
31
34
37
38
1
4
5
7
8
9
10
13
15
17
2
5
8
9
10
11
12
15
18
19
21
27
28
30
31
32
33
38
39
41
0
11
14
15
16
17
27
32
35
36
8
13
15
19
20
21
23
28
31
34
4
7
9
10
11
13
14
19
21
22
3
6
8
9
10
11
12
15
17
18
5
8
9
11
12
13
18
23
31
34
17
21
24
27
28
30
31
36
39
42
1
5
16
18
19
20
26
32
35
37
0
4
5
8
9
11
13
17
18
21
7
11
13
14
16
18
29
33
35
36
0
3
5
6
8
10
11
14
18
21
22
27
30
31
32
33
34
37
40
41
5
8
10
11
12
13
14
17
19
20
43
