time_cost:1636912ms
ontime_proportion:0.885714
max_delay:13
avg_delay:0.757143
avg_flowtime:22.271429
object function value:885.238095
0
0
0
0
0
0
0
9
12
14
16
0
0
0
0
0
0
0
0
0
0
0
0
0
0
2
4
24
28
29
32
0
2
5
8
10
12
13
16
19
22
0
0
0
0
0
1
24
27
30
33
0
0
0
0
0
0
0
0
1
3
0
0
0
0
0
0
0
0
0
0
0
0
0
0
0
0
0
0
0
1
0
0
0
0
0
0
0
0
0
2
0
0
0
0
0
0
0
0
1
4
0
0
0
0
1
3
13
17
18
22
0
0
0
0
0
2
11
14
15
16
0
0
0
0
0
0
14
17
18
19
0
0
0
1
3
7
12
15
16
17
0
0
1
4
6
8
10
13
17
20
0
0
0
0
0
0
0
0
0
0
0
2
3
4
5
6
11
15
16
21
0
0
0
0
0
0
29
31
34
36
0
0
0
0
0
0
0
0
0
0
0
0
0
0
1
3
13
17
21
22
0
0
0
0
0
0
0
0
2
8
0
0
0
0
0
0
14
18
19
24
0
2
3
4
5
9
18
23
24
25
0
0
0
0
0
0
0
0
0
1
0
0
0
0
0
1
14
18
19
20
0
0
0
0
0
0
0
0
0
0
0
0
0
0
0
0
0
0
1
2
0
0
0
0
0
0
0
0
1
2
0
2
4
5
6
7
16
22
24
25
0
0
0
1
3
5
8
11
13
14
6
11
13
14
27
30
32
38
41
42
6
11
13
14
19
27
29
34
40
41
11
14
17
18
22
24
27
30
33
34
10
14
15
19
21
23
25
29
30
40
0
7
9
13
24
26
34
39
42
43
0
3
5
7
8
9
28
32
36
38
6
9
11
13
14
15
17
20
22
26
2
7
9
10
11
12
14
19
22
23
9
13
14
15
16
18
20
24
25
26
7
10
12
14
17
20
21
24
26
28
3
6
7
10
12
14
16
19
20
23
0
3
5
7
8
11
21
24
27
29
1
8
10
14
25
27
34
39
42
43
6
10
11
12
18
20
22
26
27
28
2
6
7
10
20
22
26
30
33
36
21
25
28
30
31
32
33
36
38
40
1
6
8
12
14
16
21
26
28
29
8
11
13
18
20
22
24
27
28
29
0
3
6
14
16
18
19
22
25
29
2
6
7
8
9
10
14
18
21
22
6
10
11
20
22
24
26
30
31
38
11
14
17
19
20
21
22
28
30
32
3
8
10
11
12
13
19
26
29
30
5
9
10
13
16
18
20
24
25
28
1
4
8
11
15
17
18
21
24
30
5
10
12
13
14
15
16
21
23
24
13
16
17
20
25
29
31
34
37
40
4
8
9
15
17
19
21
25
26
30
9
13
14
17
23
25
27
31
34
37
14
19
20
24
26
28
30
34
36
39
2
7
9
10
12
14
16
21
23
27
10
13
15
17
19
22
26
29
32
34
6
9
10
12
14
16
18
21
22
23
3
6
14
16
19
20
22
26
29
32
10
15
16
19
21
23
25
29
30
33
18
21
24
27
29
31
32
35
40
43
7
12
14
15
18
19
20
25
29
31
11
14
15
16
18
21
24
27
28
29
1
5
6
9
11
13
15
19
20
26
17
20
22
25
28
32
34
37
39
42
45
