time_cost:1327230ms
ontime_proportion:0.942857
max_delay:18
avg_delay:0.800000
avg_flowtime:22.485714
object function value:320.952381
0
0
0
0
0
0
0
0
0
0
1
0
0
0
0
0
0
16
20
22
23
0
0
0
0
0
0
0
2
4
5
0
0
0
0
0
0
17
20
22
23
0
0
0
0
0
0
14
19
20
22
0
0
0
0
0
0
0
0
2
3
0
0
0
0
0
0
0
0
0
1
0
0
0
0
0
0
0
0
1
2
3
5
6
9
10
11
18
23
24
28
0
0
0
0
0
0
8
13
15
18
0
0
0
0
0
0
0
0
0
0
0
0
0
0
0
0
21
25
27
28
0
0
0
0
0
0
0
1
3
4
0
0
0
0
0
0
0
0
0
1
0
0
0
0
0
0
0
0
0
0
0
0
0
0
0
0
8
11
14
15
0
0
0
0
0
0
0
2
4
5
0
0
1
3
4
6
35
39
41
42
0
0
0
0
0
1
10
14
20
23
0
0
0
0
0
0
13
18
19
21
0
0
0
0
0
0
0
0
0
0
0
0
0
0
0
1
16
20
23
26
0
1
2
4
5
6
13
19
21
23
0
0
1
2
3
5
10
14
18
19
0
0
0
0
1
2
3
6
9
10
0
0
0
1
2
3
33
36
41
42
0
0
0
0
0
0
0
0
0
0
0
0
0
0
0
0
0
9
13
14
0
1
2
4
5
6
17
21
23
25
0
0
0
0
1
2
17
20
23
27
23
28
29
31
32
33
38
43
45
47
0
4
5
8
9
10
24
29
30
32
5
8
10
11
12
13
14
17
19
20
0
3
5
6
8
10
11
14
16
19
4
9
10
13
14
15
19
24
26
29
4
9
11
13
14
15
20
24
26
29
8
12
15
18
19
20
25
29
32
38
7
10
12
13
15
17
18
22
25
26
6
10
11
14
15
17
20
24
26
29
5
10
11
13
14
15
31
36
37
39
19
22
25
26
27
29
37
42
44
45
0
5
6
8
11
12
13
18
20
22
12
16
17
19
21
22
31
35
36
38
1
5
7
8
9
11
12
16
18
19
4
8
9
11
13
17
39
43
45
47
18
21
23
25
27
29
30
33
35
36
15
19
21
22
23
25
27
31
33
34
5
8
9
12
13
14
15
18
19
21
5
10
11
14
15
16
18
23
24
27
1
5
7
8
12
14
36
40
42
43
14
18
21
24
25
27
29
34
35
39
3
7
8
11
12
14
18
22
25
28
0
3
5
6
7
8
22
25
27
28
1
6
7
9
10
11
12
17
18
20
4
9
13
16
17
18
36
41
42
46
8
12
14
15
17
19
20
23
28
29
6
12
13
17
18
19
21
26
28
31
5
8
10
11
12
13
28
31
34
35
1
4
6
9
19
21
22
25
29
30
10
14
16
17
20
22
28
32
34
35
9
12
14
17
19
21
24
27
29
30
9
16
18
21
22
23
33
38
39
42
1
4
5
7
8
9
12
15
16
18
0
5
7
10
11
12
25
30
31
34
14
19
22
25
26
27
32
37
38
41
10
14
15
17
19
20
21
25
29
31
23
28
29
32
33
34
36
41
42
45
0
6
8
9
10
14
32
36
38
39
8
13
14
16
17
18
19
24
39
41
28
33
35
36
37
39
40
44
46
47
48
