time_cost:1298833ms
ontime_proportion:0.814286
max_delay:19
avg_delay:1.728571
avg_flowtime:26.614286
object function value:1744.285714
0
0
0
0
0
1
2
9
13
15
16
0
0
0
0
0
0
0
0
0
2
0
0
0
0
0
0
7
10
17
20
0
0
0
0
0
0
14
21
23
27
0
0
1
2
4
6
12
19
21
22
0
0
0
0
0
0
10
14
17
20
0
2
4
6
7
8
9
12
14
16
0
0
1
2
3
4
21
27
28
29
0
0
0
0
0
0
0
0
0
2
3
9
10
11
14
15
17
21
22
23
0
0
0
0
0
0
0
0
0
0
0
0
0
0
0
0
0
0
1
16
0
0
0
0
0
1
13
21
22
24
11
17
20
25
27
29
30
39
44
47
0
3
4
5
6
7
15
19
20
21
0
0
0
0
1
2
17
22
24
26
0
0
0
3
5
8
13
32
34
37
0
2
4
5
6
7
14
26
28
29
0
2
3
4
5
6
8
12
13
14
0
0
0
0
0
0
24
29
35
38
0
0
0
3
5
8
24
30
32
35
0
0
0
0
0
3
29
36
42
45
0
0
0
0
0
1
21
29
33
36
0
2
3
14
20
22
24
28
29
32
0
0
0
0
0
0
9
14
17
18
0
0
0
0
1
3
7
12
16
22
0
0
0
0
0
0
0
0
2
3
0
0
0
0
0
0
16
22
24
28
0
0
0
0
0
0
0
0
1
2
0
0
0
0
2
4
27
34
39
42
2
6
7
10
12
14
16
19
20
25
10
17
19
20
25
27
28
33
35
36
3
6
9
10
15
17
19
22
25
26
20
27
29
31
32
33
34
37
39
41
2
5
6
12
14
16
18
25
26
27
22
31
34
35
36
37
38
43
47
48
13
18
20
21
26
28
30
34
35
36
5
9
10
13
18
20
22
26
27
30
7
10
13
15
17
19
20
23
25
27
2
5
8
9
11
13
15
18
21
24
8
13
15
17
21
23
27
33
37
39
0
3
5
7
8
9
10
17
19
21
11
20
22
24
25
26
27
32
35
37
0
3
6
7
9
11
13
16
19
26
13
22
28
31
33
35
37
40
41
44
0
10
12
13
15
17
19
24
26
31
4
7
10
16
18
20
21
24
27
32
20
29
31
34
36
38
40
44
45
48
10
13
15
17
22
24
25
28
30
32
7
11
14
15
17
19
21
26
31
32
7
10
16
18
25
27
28
32
35
37
10
15
17
19
22
24
25
30
32
33
5
8
11
14
16
18
19
22
25
28
17
23
27
30
32
34
35
38
41
44
5
10
12
13
16
18
20
25
27
29
2
7
9
10
12
14
16
21
23
24
5
9
10
11
14
16
19
26
27
28
4
7
8
11
13
15
17
20
21
22
1
4
6
9
10
11
12
15
17
19
5
9
10
15
21
23
28
35
38
41
6
12
13
17
23
25
27
31
32
35
1
5
6
9
20
22
24
28
30
36
3
6
9
12
22
24
30
36
44
47
6
11
13
15
18
19
27
34
37
39
9
14
16
17
19
21
23
29
33
37
12
15
18
20
23
25
27
30
33
34
3
8
14
17
19
21
23
28
30
33
0
3
4
5
7
9
18
25
26
27
1
4
7
10
12
14
15
19
22
29
10
15
18
21
23
25
26
31
34
37
50
