time_cost:6196ms
ontime_proportion:0.685714
max_delay:28
avg_delay:3.300000
avg_flowtime:28.014286
object function value:3076.666667
0
0
0
0
0
0
1
10
15
19
22
0
0
0
0
1
2
26
30
32
34
0
0
0
0
0
0
0
0
4
7
0
0
0
0
0
1
24
29
30
31
0
6
9
10
11
12
24
28
30
31
0
0
0
0
0
0
0
0
0
0
0
0
0
0
1
2
13
17
20
21
0
2
3
4
5
7
28
32
33
34
0
0
0
0
0
0
0
0
2
4
0
0
0
0
0
0
0
2
3
14
0
0
0
0
0
0
0
1
4
8
0
0
0
0
0
0
17
23
26
30
0
0
0
0
0
0
0
0
0
0
0
0
0
0
0
0
0
3
7
10
0
0
0
0
0
0
11
15
19
25
0
0
0
0
0
0
0
0
0
1
0
0
0
0
0
0
0
0
2
6
0
0
0
0
0
0
0
0
1
3
0
0
0
1
2
4
15
19
22
25
0
0
0
0
0
0
27
33
36
39
0
0
0
1
3
4
20
24
27
32
0
0
0
3
4
6
31
35
37
40
0
0
0
0
0
0
0
0
0
0
0
0
0
0
0
0
0
0
1
4
0
4
6
9
10
12
30
34
36
39
0
0
0
0
0
2
26
30
34
36
0
5
6
9
11
12
13
18
20
23
0
0
0
0
0
1
14
18
21
22
0
0
0
0
0
0
0
0
0
0
0
0
2
5
6
8
32
36
41
44
15
19
23
24
25
26
28
32
34
35
2
6
13
16
17
19
21
25
27
30
0
4
6
7
8
9
15
19
22
23
13
17
21
23
24
26
27
31
34
36
5
10
16
17
18
19
21
25
27
28
4
8
10
13
14
16
18
22
24
27
4
9
14
17
18
19
32
37
40
43
5
9
11
14
15
17
34
38
44
47
9
13
17
21
22
24
25
29
30
31
7
11
16
20
21
22
24
28
30
32
17
22
25
26
27
29
30
34
35
36
10
14
18
22
23
25
26
30
31
32
8
12
18
19
20
23
25
29
31
32
5
10
13
16
17
21
23
28
32
35
9
13
17
18
20
21
22
26
28
29
4
8
14
18
22
24
35
40
43
46
2
5
8
11
12
14
20
23
39
42
4
8
10
15
21
26
28
32
34
37
2
6
9
12
13
15
34
38
42
45
4
7
10
13
14
16
18
21
24
27
9
13
17
18
20
21
22
26
28
31
17
21
24
28
32
35
43
47
55
56
5
8
11
14
15
19
38
41
47
50
11
15
18
19
21
22
23
28
30
37
8
14
22
24
26
27
31
35
39
41
12
18
22
24
29
31
37
41
46
48
6
10
13
16
19
25
27
31
32
35
0
3
6
9
17
23
35
38
48
51
12
16
18
19
21
22
23
27
29
34
0
10
15
20
22
30
38
43
47
50
13
17
24
26
27
29
36
40
45
47
16
21
26
28
29
32
38
42
50
52
16
20
26
29
33
36
42
46
53
55
6
11
18
23
24
32
41
46
52
55
1
5
7
8
10
11
12
16
19
25
13
19
24
27
30
34
40
44
51
53
8
12
19
23
31
36
41
45
53
56
8
13
19
22
23
34
39
44
50
53
8
13
16
24
25
27
29
34
35
38
3
8
12
15
17
18
19
24
31
34
58
