time_cost:1546491ms
ontime_proportion:0.842857
max_delay:11
avg_delay:0.928571
avg_flowtime:23.071429
object function value:1340.476190
0
0
0
0
4
6
8
21
24
25
26
0
0
0
0
0
0
11
14
16
17
0
0
0
0
0
0
0
0
0
0
0
0
0
0
0
0
26
30
31
34
0
0
1
2
3
4
18
22
23
24
0
0
0
0
0
0
0
0
1
2
0
0
0
2
4
6
14
18
19
25
0
0
0
1
2
3
14
17
18
19
0
0
0
0
4
7
22
28
31
32
0
0
0
0
0
0
0
0
0
0
0
0
0
0
0
0
18
21
22
23
0
0
0
0
0
1
14
18
19
20
0
0
0
0
0
0
0
0
0
0
0
0
0
0
0
0
21
24
27
30
0
0
0
0
0
0
0
0
0
0
0
0
0
0
0
0
0
0
0
6
0
0
0
1
3
5
24
28
29
32
0
0
1
2
4
6
14
17
20
21
0
0
0
0
1
3
8
11
12
15
0
0
0
0
0
0
8
12
16
19
0
0
1
2
3
5
24
31
33
35
0
0
0
0
0
0
0
0
0
1
0
0
0
0
0
0
0
0
0
8
0
0
0
0
1
5
15
19
20
22
0
1
2
3
5
7
15
18
19
21
0
0
0
0
0
0
0
1
3
6
0
0
0
0
0
0
0
2
5
8
0
0
0
0
2
4
18
22
23
24
0
0
0
0
1
3
21
26
28
33
0
0
1
4
6
9
26
30
32
36
3
6
8
10
11
12
13
16
21
23
7
11
12
13
26
30
32
37
39
40
3
10
12
13
15
17
20
25
27
28
15
19
24
25
27
29
31
34
38
39
11
14
15
20
22
23
24
30
31
32
2
7
9
10
11
12
13
19
21
22
11
15
17
21
23
25
27
32
34
35
9
12
15
18
20
22
24
27
30
34
5
10
13
15
25
28
30
36
38
39
6
9
13
15
18
19
21
24
29
31
1
5
6
8
9
10
17
21
22
23
5
8
11
12
15
17
20
23
25
26
7
13
14
15
19
24
26
31
32
33
2
8
11
13
22
25
27
32
35
36
11
15
16
19
21
25
29
33
34
37
7
11
12
13
14
15
18
22
23
24
10
14
15
16
17
19
21
25
26
27
9
12
13
16
18
20
25
30
32
38
10
15
17
18
19
20
21
26
28
29
9
13
14
17
20
23
25
29
30
31
12
15
18
19
21
23
25
28
31
33
6
9
10
11
14
17
20
23
24
25
8
12
18
21
23
27
30
33
36
39
11
15
18
20
23
26
27
31
33
36
11
16
20
21
24
27
30
34
37
38
2
5
15
18
20
23
27
31
35
38
1
4
7
8
15
18
22
25
28
29
7
10
13
16
18
21
27
30
32
35
1
6
8
9
11
13
15
21
23
24
3
7
8
14
16
18
20
24
25
28
4
9
11
12
13
14
15
20
22
23
1
4
5
6
8
10
12
15
16
17
3
7
8
11
13
15
17
21
23
26
0
8
11
15
17
20
23
27
30
31
4
7
8
11
13
15
17
20
21
24
0
3
5
7
8
9
18
22
26
28
7
11
12
14
17
21
23
27
28
29
2
5
10
13
15
17
19
22
24
27
5
8
9
10
12
15
17
20
21
23
0
3
6
7
9
11
14
17
20
23
41
