time_cost:2177ms
ontime_proportion:0.842857
max_delay:20
avg_delay:2.214286
avg_flowtime:24.185714
object function value:1377.619048
0
0
0
1
3
4
5
34
37
42
44
0
0
0
0
0
0
0
1
3
5
0
0
0
1
2
3
10
15
18
21
0
0
0
0
0
0
0
0
0
1
0
0
0
0
0
0
13
16
20
21
0
0
0
0
0
1
11
19
22
25
0
0
0
0
0
0
0
0
0
2
0
0
0
0
0
0
0
0
0
0
0
0
0
0
0
1
32
37
44
47
0
6
7
9
11
12
13
18
19
21
0
1
4
7
8
9
10
14
21
24
0
0
0
0
2
4
9
12
16
17
0
0
1
4
5
6
8
13
16
19
0
0
0
0
0
0
0
0
0
1
0
0
0
0
1
2
31
34
40
41
0
0
0
0
0
2
11
15
17
18
0
0
0
0
0
0
0
0
0
0
0
0
1
3
4
5
22
25
27
29
0
0
0
0
1
2
10
14
20
22
0
0
0
0
0
0
0
0
1
4
0
0
0
0
0
1
26
31
34
37
0
3
9
12
13
14
18
22
27
30
0
0
0
0
0
0
8
11
15
16
0
0
0
0
0
0
11
14
17
18
0
0
0
0
0
0
0
0
0
2
0
0
0
0
0
0
0
0
0
0
0
0
1
3
4
5
7
10
14
16
0
0
0
0
0
0
0
0
0
1
0
1
3
6
7
9
27
31
36
39
0
0
0
0
2
4
36
40
47
48
10
13
16
17
19
21
22
25
29
30
7
12
14
16
17
18
27
30
34
36
1
5
6
9
10
14
16
20
21
24
32
36
41
42
43
44
45
48
50
51
6
11
13
16
17
19
20
25
28
30
3
7
8
11
20
22
35
42
46
49
23
27
33
35
36
37
38
42
44
46
9
13
15
17
18
19
20
24
26
28
16
19
25
26
27
28
29
32
35
36
5
8
9
11
12
13
14
17
18
20
2
6
9
10
13
17
18
22
24
25
5
10
11
14
15
17
19
24
25
28
5
8
11
12
14
15
34
40
43
44
2
6
9
12
13
15
17
21
22
25
0
5
6
9
10
11
13
18
20
23
15
19
23
25
26
27
39
44
49
51
0
3
5
6
7
8
29
32
39
40
3
7
9
10
16
18
19
23
26
28
14
19
21
23
24
25
29
36
39
41
7
10
14
15
20
21
39
43
48
49
0
4
11
14
15
16
17
21
24
27
2
7
12
15
16
17
22
27
31
33
6
11
14
17
18
19
21
26
27
30
19
23
28
31
32
33
34
38
41
44
15
20
23
26
27
28
30
35
36
39
10
15
17
20
21
22
24
29
30
33
0
4
5
8
9
11
13
17
18
23
21
25
27
30
31
33
35
39
40
43
4
9
10
13
14
15
17
22
23
27
19
22
26
27
28
29
37
43
48
49
4
7
10
11
12
13
14
17
20
22
2
6
8
9
10
12
13
17
19
20
6
11
14
17
18
20
25
29
36
39
0
3
8
10
13
14
15
18
21
24
3
6
12
14
15
16
19
22
25
27
22
26
31
34
35
37
39
43
44
47
6
9
12
13
17
18
37
41
47
48
10
13
17
18
19
20
26
29
33
34
31
34
39
40
41
42
43
46
49
50
6
10
13
14
15
17
22
26
30
31
52
