time_cost:4102ms
ontime_proportion:0.757143
max_delay:20
avg_delay:1.928571
avg_flowtime:26.285714
object function value:2304.761905
0
0
0
2
5
6
8
15
19
21
24
0
0
0
0
0
0
0
0
1
2
0
0
0
0
0
0
0
0
2
4
0
0
0
0
0
4
21
26
28
29
0
0
1
2
4
8
31
37
38
39
0
0
0
0
0
0
20
24
25
26
0
0
0
0
0
0
0
0
1
2
0
0
0
0
0
0
0
0
0
1
0
0
0
0
0
0
0
0
0
1
0
0
0
0
0
0
17
21
22
24
0
0
0
0
1
2
13
21
24
26
0
0
0
0
0
0
0
0
1
3
0
0
0
0
0
0
0
0
0
0
0
3
4
5
6
7
33
37
38
40
0
3
6
7
9
11
19
24
27
30
0
0
0
0
0
1
33
36
37
38
0
0
0
0
1
2
19
24
27
28
0
0
0
0
2
4
16
21
22
24
0
0
0
0
2
3
23
27
29
32
0
0
0
0
1
3
14
18
21
27
0
0
0
1
2
5
23
29
31
32
0
0
0
0
0
0
0
1
2
3
0
0
0
0
0
0
0
0
0
0
0
0
0
0
3
6
23
28
30
31
0
0
0
0
0
0
0
0
0
2
0
0
0
0
0
0
0
0
0
1
0
0
0
0
0
0
0
0
0
0
0
0
0
0
0
0
26
32
34
35
0
0
0
0
0
0
35
38
39
40
0
0
0
0
0
0
0
2
3
4
2
6
8
9
11
12
15
19
21
22
15
22
23
25
28
30
31
39
40
42
6
11
13
14
19
21
23
28
30
31
14
20
21
23
24
26
27
31
32
34
2
11
14
16
17
18
20
30
33
35
15
23
24
25
26
27
32
37
38
39
2
6
9
11
12
13
18
28
31
34
5
10
13
15
16
18
24
34
39
41
0
5
8
10
11
13
18
31
34
36
0
5
8
10
13
15
28
33
36
38
4
10
12
15
16
18
19
25
27
30
7
12
14
15
17
19
21
26
28
29
9
14
16
18
21
23
25
30
32
33
8
13
15
16
19
21
23
28
30
31
11
17
20
22
23
24
26
39
42
44
11
15
16
17
18
19
24
28
29
30
2
7
10
12
13
15
16
22
25
28
10
19
22
24
25
26
28
42
45
47
13
19
22
24
26
28
29
34
37
41
4
9
12
14
15
17
18
23
26
28
10
14
16
17
19
20
22
26
28
29
13
16
17
18
23
25
27
30
31
32
17
24
25
26
29
30
34
38
39
40
12
17
18
19
24
27
28
32
33
34
14
22
25
27
30
32
36
40
41
43
13
23
25
27
30
32
37
41
42
44
11
16
17
18
23
25
26
30
31
32
3
8
11
13
14
16
35
41
44
46
3
8
11
14
15
17
36
42
45
47
6
14
17
19
20
22
38
45
48
50
8
13
16
18
20
22
40
45
48
50
6
15
17
19
24
26
28
33
35
36
6
11
14
16
18
20
38
44
47
49
5
16
19
21
32
34
41
48
51
53
8
16
19
21
22
24
40
47
50
52
17
25
26
27
32
33
41
48
49
50
3
8
11
13
14
16
20
31
34
36
8
13
15
16
21
23
28
33
35
36
11
21
24
25
27
29
30
38
41
42
1
6
9
11
12
14
19
25
28
33
54
