time_cost:1071474ms
ontime_proportion:0.842857
max_delay:24
avg_delay:1.471429
avg_flowtime:25.742857
object function value:1429.523810
0
0
0
0
0
0
0
0
0
0
0
0
0
0
0
0
0
0
0
0
0
0
0
3
4
5
7
12
22
25
27
0
0
0
0
0
1
5
9
19
22
0
0
0
0
0
1
9
14
16
17
0
0
0
0
0
0
1
22
25
28
0
0
0
0
0
0
0
0
0
1
0
0
0
0
1
3
15
24
26
29
0
0
0
0
0
0
0
3
5
8
0
0
0
0
0
0
10
20
22
25
0
0
0
0
0
0
0
0
2
5
0
0
0
0
0
2
14
21
24
27
0
0
0
0
0
0
0
0
0
1
0
0
0
0
0
0
0
0
0
2
0
0
0
0
0
0
0
2
3
5
0
0
0
0
0
0
0
2
4
5
0
11
14
15
17
19
20
25
28
29
0
0
0
0
0
0
0
0
0
0
0
0
0
0
0
0
0
0
3
4
0
0
0
0
0
0
0
0
0
2
0
0
0
0
0
0
0
0
0
3
0
0
0
0
0
2
7
12
13
17
0
0
0
0
2
4
18
28
32
35
0
0
0
0
0
0
10
17
18
20
0
0
0
0
0
0
0
0
2
4
0
2
4
5
7
8
11
19
21
22
0
0
0
0
0
0
0
15
18
19
0
0
0
0
0
0
0
0
0
0
0
0
0
1
2
4
12
18
23
26
0
0
0
0
0
0
1
16
18
21
4
8
9
11
12
14
15
19
20
22
5
10
12
18
20
21
22
36
38
41
9
16
18
19
21
22
24
32
35
36
3
6
11
14
15
20
21
28
30
33
2
5
6
9
10
12
23
38
40
43
5
9
11
12
14
15
16
20
22
23
4
10
12
14
16
17
19
28
30
31
10
17
20
21
23
24
25
34
36
39
3
6
10
13
14
16
20
30
35
38
14
21
26
29
31
32
33
39
41
44
9
15
17
18
20
21
23
37
39
40
8
13
16
23
25
27
29
33
36
37
8
12
13
16
27
29
31
41
52
55
5
9
11
12
14
15
16
20
22
27
3
7
10
11
13
15
17
23
26
27
6
13
15
16
18
19
21
33
35
37
8
13
15
18
19
20
23
30
32
35
7
11
15
16
17
19
20
31
34
35
0
4
6
9
11
12
13
18
23
26
17
25
32
35
36
38
39
42
46
50
2
5
6
10
11
14
23
40
43
46
14
22
25
26
27
29
30
35
38
39
2
5
8
11
18
21
22
29
33
36
0
25
29
32
33
35
36
41
44
47
10
18
20
23
24
25
26
32
34
37
0
14
21
24
25
27
28
41
46
49
1
5
7
12
15
16
21
38
40
43
5
9
12
15
16
18
20
31
35
39
17
26
29
32
33
34
35
44
49
53
8
12
16
20
21
23
26
46
50
53
3
8
11
13
15
16
18
30
32
33
3
7
9
10
12
13
17
28
30
31
18
28
31
34
35
37
38
44
47
50
6
10
13
14
16
18
20
26
29
30
0
3
6
9
10
12
13
25
28
31
2
6
9
12
24
26
27
47
52
55
11
18
22
25
26
27
28
39
43
46
11
20
23
24
26
28
30
34
37
38
9
15
18
21
22
24
25
34
37
40
14
23
27
30
31
32
33
45
49
52
56
