time_cost:1039645ms
ontime_proportion:0.871429
max_delay:17
avg_delay:1.142857
avg_flowtime:26.328571
object function value:1163.333333
0
0
0
0
0
2
4
17
23
25
26
0
0
0
0
1
3
17
21
22
24
0
0
2
5
6
8
12
18
20
23
0
0
0
0
2
3
4
9
10
13
0
0
0
0
0
0
0
0
0
1
0
0
0
1
3
5
24
29
33
37
0
0
0
0
0
1
8
14
17
18
0
0
0
0
0
0
0
0
0
0
0
0
0
0
0
0
0
0
0
3
0
0
0
0
1
3
9
13
14
15
0
0
0
0
0
0
0
0
2
3
0
2
4
5
6
8
22
26
27
28
0
0
0
0
0
1
9
13
17
19
0
0
0
0
0
0
0
0
0
0
0
0
0
0
0
0
16
21
28
31
0
6
8
10
11
13
17
21
25
28
0
0
0
0
0
0
14
20
23
25
0
0
0
0
0
0
15
19
22
26
0
0
0
0
0
0
0
0
0
0
0
0
0
0
0
4
23
27
29
30
0
0
0
0
0
1
17
22
23
26
0
2
3
4
8
10
21
25
26
27
0
0
0
0
0
0
0
0
0
0
0
0
0
0
0
2
9
13
15
18
0
1
4
7
8
10
18
22
26
29
0
0
0
0
0
0
0
0
8
11
0
1
2
5
11
13
26
31
33
36
0
0
0
1
3
4
21
25
27
28
0
0
0
0
3
4
23
28
30
33
0
0
0
0
0
0
17
20
24
29
7
11
13
14
16
21
28
34
39
40
0
4
8
11
15
17
33
37
39
42
6
10
13
15
16
17
21
26
28
30
2
8
10
11
13
14
19
25
29
30
2
6
7
8
9
11
15
19
20
21
21
25
33
35
36
38
39
43
45
47
1
5
7
10
13
14
25
29
31
36
11
15
18
21
22
24
26
30
33
36
10
13
16
19
20
22
27
31
34
37
5
9
11
14
16
18
33
37
42
45
9
13
14
17
18
20
29
33
36
39
2
6
8
9
10
11
29
33
35
36
17
21
23
24
26
27
33
37
41
43
13
17
19
21
22
24
31
35
39
41
4
8
9
10
11
13
19
23
24
25
2
5
8
11
12
14
21
25
30
33
10
14
16
17
19
20
21
27
30
31
5
16
21
25
26
28
30
34
36
39
4
7
10
13
14
16
25
31
36
39
1
5
6
7
13
15
27
31
32
33
9
13
15
17
18
19
25
29
31
33
10
15
18
20
21
23
25
29
34
36
5
10
17
20
22
23
30
36
39
42
13
17
19
20
23
25
34
38
42
43
0
4
6
8
14
15
29
34
37
39
13
18
20
22
23
26
28
32
39
41
1
5
7
9
10
11
13
17
19
20
6
10
12
14
15
16
25
29
31
33
14
19
20
23
24
25
27
32
36
39
1
8
11
13
14
19
28
33
39
41
10
16
24
27
28
29
37
42
45
48
19
23
28
30
31
33
35
39
43
45
6
11
13
16
19
21
35
40
42
45
5
10
12
13
15
16
19
23
27
28
15
19
21
24
25
27
30
34
36
40
13
17
18
19
20
22
23
27
28
29
5
10
13
16
17
18
20
25
27
30
11
15
25
28
29
31
37
41
45
48
5
12
15
18
19
21
23
28
31
34
1
5
6
7
8
10
13
17
18
19
49
