time_cost:766729ms
ontime_proportion:0.828571
max_delay:17
avg_delay:1.614286
avg_flowtime:26.414286
object function value:1594.761905
0
0
2
5
8
9
11
12
15
18
21
0
0
0
0
0
0
0
0
2
4
0
0
0
0
0
0
0
0
0
0
5
10
12
13
15
16
17
21
23
24
0
0
0
1
3
7
19
31
34
36
0
0
2
5
6
7
14
21
23
28
15
27
30
33
34
36
37
40
43
46
0
0
0
0
0
0
0
0
1
2
0
0
0
0
0
0
0
0
0
3
0
0
2
3
5
6
10
19
21
22
0
0
0
0
0
0
0
0
0
0
0
0
0
1
3
5
7
11
14
16
0
0
0
0
0
1
5
12
14
15
0
0
0
0
0
0
0
0
1
3
0
0
0
0
0
0
15
31
38
39
0
0
0
1
2
3
23
34
37
40
0
0
0
0
0
0
12
20
21
24
0
0
0
0
0
0
0
30
33
35
0
0
0
0
0
0
0
2
5
6
0
0
0
0
1
2
14
24
26
27
0
0
0
0
1
2
11
18
20
23
0
0
0
0
0
0
0
0
0
0
0
0
0
0
0
0
26
39
42
44
0
0
0
0
0
0
0
1
4
5
0
0
0
0
0
0
15
22
24
29
0
2
4
5
7
8
9
14
16
19
0
0
0
0
0
0
11
19
22
23
0
0
0
0
0
0
0
0
2
6
0
0
0
3
4
5
11
15
17
20
0
0
0
0
0
0
0
0
0
0
4
9
13
16
18
19
23
34
36
39
2
5
8
9
10
12
13
16
19
20
1
4
6
10
11
12
13
16
18
21
11
19
22
25
26
28
29
34
41
44
7
12
13
15
16
18
19
25
26
28
20
32
34
35
37
38
40
45
50
51
1
4
7
10
16
19
21
33
36
39
23
33
36
37
38
40
41
44
47
48
4
8
10
15
17
18
19
28
30
36
10
18
20
21
23
24
26
31
33
34
8
13
15
18
20
21
26
37
40
43
22
32
35
38
39
40
41
44
46
49
9
17
35
38
40
41
42
46
48
51
4
10
12
13
15
16
17
30
33
34
7
12
16
17
19
21
25
37
40
41
8
17
19
22
24
25
26
33
35
38
8
15
18
21
22
24
25
28
31
34
0
7
11
14
16
17
18
29
34
36
16
25
28
29
30
32
33
36
39
40
8
13
16
17
19
20
21
26
29
30
3
7
8
10
11
13
25
36
38
40
8
15
17
18
20
22
24
35
38
39
5
8
11
12
13
15
16
26
33
34
0
11
13
16
17
18
19
22
24
27
14
23
30
34
36
37
38
42
44
47
0
7
9
11
13
14
16
23
25
26
14
26
28
31
32
34
36
40
47
50
3
6
8
11
18
19
26
39
44
47
1
9
12
13
15
17
19
23
26
27
1
5
13
17
18
19
20
24
27
30
4
8
9
11
12
14
22
31
34
36
6
9
10
13
21
23
28
41
49
52
15
26
28
29
31
32
33
37
39
40
6
12
15
16
18
20
22
28
31
32
14
23
26
29
30
32
33
36
39
42
5
14
16
19
20
21
22
29
32
35
4
9
12
13
14
16
17
20
23
24
3
6
9
12
13
15
18
26
29
34
1
4
6
9
11
12
13
21
23
26
1
4
7
8
9
11
12
18
21
22
53
