time_cost:799006ms
ontime_proportion:0.757143
max_delay:25
avg_delay:2.785714
avg_flowtime:30.185714
object function value:2434.761905
0
0
0
0
0
0
0
22
32
38
39
0
3
6
7
8
10
13
20
24
25
0
0
0
0
1
3
14
23
26
27
0
0
0
0
0
0
15
34
42
45
0
0
0
0
0
0
0
2
3
6
0
0
0
0
0
0
20
28
33
36
0
0
0
0
0
2
7
12
14
16
0
0
0
2
3
5
19
25
31
34
0
0
0
0
1
2
12
19
21
24
0
0
0
2
3
5
10
14
15
18
0
0
0
0
1
3
25
36
42
45
0
0
0
0
4
6
29
42
47
50
0
3
6
9
11
12
17
28
30
33
0
0
0
0
0
0
0
8
10
11
0
1
3
6
8
9
25
38
43
46
0
0
0
0
0
0
0
2
3
5
0
0
0
0
0
0
19
34
36
39
0
17
22
23
25
27
29
35
41
43
0
0
0
1
2
4
11
15
23
26
0
0
0
0
0
1
2
19
22
25
0
0
0
0
0
0
0
0
1
3
0
0
0
0
2
3
13
22
24
25
0
0
0
0
0
0
0
0
7
11
0
0
0
0
0
0
0
0
0
3
0
0
2
5
7
8
14
26
28
31
0
0
0
0
0
0
9
15
17
22
0
1
3
6
8
9
10
18
20
28
0
0
2
3
5
7
9
14
18
21
0
0
0
0
0
0
0
0
3
4
0
3
6
7
9
11
20
36
39
40
11
16
19
22
23
25
26
30
33
36
13
20
23
24
26
28
30
35
39
43
21
30
35
38
40
41
42
46
50
53
9
14
16
17
19
20
25
34
40
41
4
8
11
13
14
16
17
23
29
31
1
23
26
29
30
32
33
36
39
42
22
29
37
40
41
43
44
47
50
54
8
15
17
18
20
22
23
28
31
32
6
12
16
19
21
23
25
32
35
36
19
25
28
31
32
34
36
39
42
45
18
24
28
30
31
33
34
40
45
47
5
9
12
17
20
22
24
30
33
34
8
13
17
20
22
23
24
28
32
35
3
6
8
11
14
15
28
41
47
50
11
17
19
22
24
25
26
30
34
41
8
11
15
19
20
22
30
43
53
56
6
9
14
15
16
18
19
26
31
32
5
8
9
12
13
15
17
33
34
37
4
7
8
11
12
14
16
19
20
23
4
8
11
14
15
17
18
21
24
27
4
8
9
11
12
14
15
19
20
22
2
6
8
9
11
12
13
17
19
20
14
18
26
28
29
31
32
40
45
47
1
6
8
9
11
12
14
23
25
27
1
5
8
12
13
15
17
33
36
43
8
11
16
19
20
22
29
43
50
53
5
10
12
15
17
18
20
26
28
29
10
15
18
21
22
24
25
29
32
35
11
20
23
24
25
27
28
39
46
47
6
9
11
15
16
17
22
32
36
39
3
11
13
14
16
17
18
24
27
28
7
12
15
16
18
20
22
26
29
30
1
5
9
13
24
26
28
35
38
39
22
32
39
42
43
44
45
48
53
56
12
20
25
29
33
35
36
43
53
56
2
5
13
16
17
18
25
41
47
51
7
13
14
17
18
20
22
25
26
29
5
8
11
14
15
16
17
26
30
33
0
4
5
7
8
10
15
24
29
31
1
4
5
8
9
11
13
16
22
25
57
