time_cost:2302ms
ontime_proportion:0.742857
max_delay:19
avg_delay:1.857143
avg_flowtime:28.057143
object function value:2506.666667
0
0
0
0
0
2
4
10
16
19
24
0
0
0
2
4
6
18
21
26
27
0
0
0
0
0
1
11
17
20
21
0
0
0
0
0
0
14
20
23
25
0
0
0
0
0
0
0
0
0
1
0
0
0
0
0
1
23
29
31
32
0
0
0
0
0
0
0
3
4
5
0
0
0
0
2
4
28
33
38
40
0
5
7
8
9
10
11
17
22
23
0
0
0
0
0
0
17
20
24
27
0
0
0
0
0
0
0
0
0
0
0
0
0
0
0
0
0
0
0
2
0
0
1
2
4
5
14
20
23
24
0
0
2
3
5
7
11
18
22
26
0
0
1
4
6
8
16
20
23
26
0
0
1
4
6
8
15
19
23
26
0
0
0
0
0
0
15
19
29
32
0
0
0
0
2
4
18
24
28
29
0
0
0
0
0
0
0
0
0
0
0
0
0
0
2
4
10
14
19
22
0
0
0
0
0
2
21
28
29
32
0
0
0
0
0
0
0
0
1
6
0
0
0
0
1
2
20
27
29
30
0
0
0
0
0
0
0
0
0
0
0
0
2
3
4
5
24
28
30
31
0
2
3
6
8
10
25
29
32
35
0
0
0
0
0
0
0
3
5
7
0
0
0
0
0
0
0
3
32
35
0
0
0
0
0
0
11
16
22
25
0
0
0
0
0
0
25
28
32
37
9
15
19
23
25
27
29
32
35
38
0
3
4
5
7
9
13
17
19
27
2
6
7
13
15
17
27
31
35
38
8
15
18
20
25
27
28
31
32
33
0
5
7
8
10
12
14
19
21
24
8
15
18
19
24
26
27
30
31
32
3
8
10
11
13
15
18
23
27
29
7
13
16
17
18
19
21
25
26
29
1
4
7
10
12
14
28
31
36
39
3
8
10
13
17
23
31
35
40
43
1
6
8
9
11
13
17
22
27
28
11
17
22
24
25
26
31
34
39
41
0
3
4
5
7
14
16
24
25
26
3
7
9
12
14
16
31
36
41
44
7
12
16
18
19
20
21
24
26
28
4
7
10
13
15
17
18
21
24
27
10
14
18
21
27
29
34
37
42
45
6
9
12
15
20
22
28
32
38
41
4
7
11
15
22
25
31
36
43
46
4
7
10
13
15
17
18
21
27
30
10
16
21
22
23
24
25
30
35
36
8
16
21
22
24
25
30
35
41
42
7
12
15
16
18
20
22
25
28
31
7
10
14
17
26
28
32
37
44
48
5
10
16
17
22
24
26
29
33
34
14
18
20
21
22
26
35
39
45
46
5
11
13
16
20
22
24
27
28
31
4
7
10
17
19
21
22
25
28
33
5
10
13
19
23
25
27
30
31
34
13
19
22
23
30
33
35
41
48
49
12
15
16
18
20
22
24
27
28
29
1
4
7
8
10
12
16
22
25
32
10
13
17
20
29
31
35
40
46
49
13
18
22
23
24
31
35
40
47
48
8
14
17
18
26
28
30
33
34
37
13
16
17
18
19
20
21
24
26
27
7
13
17
20
25
27
28
31
33
35
2
10
13
19
21
23
24
27
30
35
7
13
16
21
28
30
34
38
46
49
6
11
13
14
16
18
20
25
27
34
51
