time_cost:1066109ms
ontime_proportion:0.828571
max_delay:14
avg_delay:1.557143
avg_flowtime:24.814286
object function value:1541.428571
0
0
0
0
0
0
0
0
0
0
0
0
1
2
5
7
9
12
16
17
20
0
0
1
7
10
13
15
19
20
23
0
0
0
0
0
0
28
31
32
35
0
0
0
0
1
3
9
12
15
23
0
0
0
0
0
0
0
0
1
3
0
0
0
0
0
0
0
0
0
2
0
0
5
12
17
19
24
28
29
33
0
0
0
0
3
8
27
38
39
42
0
0
0
0
1
3
6
11
12
21
0
0
0
0
0
0
0
0
0
0
0
0
0
1
3
5
28
32
36
37
0
5
7
8
10
12
14
19
21
22
0
0
0
0
4
6
19
25
27
28
0
0
0
0
0
0
22
26
27
28
0
0
0
0
0
0
31
36
38
39
0
2
3
6
8
10
14
17
18
21
0
0
0
0
0
0
11
22
24
25
0
2
3
4
5
6
16
21
22
23
0
0
0
1
2
3
10
15
16
17
0
0
0
0
0
0
0
0
0
0
0
0
2
3
5
7
31
36
38
40
0
0
0
0
3
5
11
16
20
25
0
0
0
1
2
3
5
10
11
13
0
0
3
6
8
10
24
36
39
42
0
3
4
5
6
7
10
13
14
15
0
0
1
2
3
4
16
20
23
24
0
0
0
0
0
0
0
0
0
0
0
0
0
0
0
0
0
2
4
6
0
0
0
0
0
0
0
0
0
1
6
9
11
13
14
15
21
25
27
29
2
6
7
10
12
15
18
22
23
26
3
8
10
11
12
13
19
24
26
27
0
4
5
8
10
12
14
18
20
25
10
14
17
18
20
22
24
28
31
33
9
13
16
18
26
28
29
34
36
38
19
22
25
26
28
30
32
35
38
39
18
21
24
25
27
29
31
34
37
38
0
3
6
7
9
11
23
29
32
33
8
12
15
18
25
27
28
33
35
37
2
7
9
10
11
12
13
18
21
22
18
21
22
23
25
27
29
33
35
37
13
18
19
22
24
26
28
31
32
36
9
14
16
17
19
21
23
28
30
31
16
20
21
24
26
28
30
34
35
38
5
10
12
13
17
19
21
26
28
32
12
17
18
19
22
24
26
30
31
39
4
9
11
12
13
14
16
21
24
25
5
8
9
10
13
16
20
24
25
34
8
11
13
15
16
17
20
23
25
29
1
5
6
7
8
9
15
19
20
21
9
14
16
19
22
25
28
34
36
37
2
6
8
10
12
14
23
31
33
35
3
6
10
11
15
17
20
23
26
27
8
11
12
15
20
22
24
27
28
35
5
17
19
21
29
31
32
38
41
42
0
10
12
15
16
18
22
32
35
36
2
5
8
11
14
16
17
20
23
27
2
5
8
11
13
15
16
19
22
25
14
18
19
20
21
22
24
28
29
30
12
15
18
21
23
25
26
30
33
38
9
12
15
16
18
20
22
27
30
31
4
7
10
13
15
17
19
24
27
30
5
8
13
17
24
26
27
32
34
36
12
16
17
20
26
28
30
37
38
41
11
15
18
19
22
24
26
29
32
35
7
12
15
16
21
24
26
32
34
35
0
3
4
11
19
23
25
29
30
33
7
10
13
16
18
20
21
26
29
32
5
9
10
11
12
14
20
25
26
27
44
