time_cost:2643ms
ontime_proportion:0.700000
max_delay:20
avg_delay:3.200000
avg_flowtime:27.371429
object function value:2912.380952
0
0
0
2
4
7
9
26
31
41
44
0
0
0
0
0
1
32
36
48
49
0
1
2
5
6
8
11
15
16
19
0
0
0
0
0
0
0
0
2
5
0
3
6
10
11
13
15
18
21
24
0
0
0
0
2
3
17
24
29
30
0
3
6
9
10
12
14
17
20
23
0
0
0
0
0
0
0
0
0
0
0
0
0
0
0
3
18
23
34
36
0
0
0
0
0
0
0
0
2
5
0
0
1
2
3
4
24
28
35
36
0
0
0
0
1
2
7
12
15
18
0
0
0
0
0
0
0
0
1
2
0
0
0
0
0
1
12
16
21
23
0
0
0
0
0
0
0
0
0
2
0
0
0
0
0
0
0
0
0
0
0
0
0
0
0
0
2
8
12
15
0
0
0
0
0
0
0
0
0
2
0
0
0
0
0
5
24
27
40
44
0
0
0
0
0
0
0
0
0
0
0
0
0
1
3
4
18
22
33
34
18
21
31
33
34
36
37
41
43
45
0
0
0
0
0
0
0
0
0
4
0
0
0
0
1
3
14
20
28
31
0
0
2
4
5
7
25
31
38
41
0
0
0
0
2
4
21
25
36
38
0
0
0
0
0
0
0
0
1
3
0
0
0
0
4
6
27
31
41
44
0
0
0
0
0
0
0
1
2
5
0
0
0
0
0
0
25
29
36
38
5
8
15
18
19
21
23
26
29
32
7
11
14
16
21
22
30
34
47
48
2
6
8
10
11
12
14
18
20
21
5
9
11
12
16
18
19
23
28
29
2
5
8
11
12
14
16
19
22
25
10
14
21
22
24
25
27
32
37
38
15
20
26
29
31
32
33
38
39
42
14
18
25
28
30
32
34
38
43
46
9
14
18
21
23
25
26
31
37
40
3
10
12
15
19
20
29
34
44
47
11
15
24
27
28
30
32
35
38
42
9
13
15
16
18
19
22
28
33
34
6
11
15
18
19
20
22
27
28
31
0
8
9
14
17
18
20
25
29
33
1
6
11
13
14
15
17
21
23
25
8
12
16
17
18
21
23
27
36
37
3
7
9
12
15
17
21
25
34
39
5
8
13
16
17
19
21
24
27
30
21
27
30
33
34
36
38
42
43
46
8
12
13
15
21
23
30
34
38
39
8
12
14
16
18
19
28
32
45
46
5
10
12
13
14
15
17
23
27
28
5
9
10
11
12
14
29
33
44
45
0
20
26
29
30
32
34
37
40
43
21
26
32
35
36
38
40
44
46
49
12
16
25
28
29
31
33
37
38
41
13
18
23
26
28
29
30
35
37
40
12
17
21
24
26
27
28
33
42
45
1
6
8
10
11
12
14
18
20
22
5
11
13
14
15
17
18
22
25
26
0
5
9
12
14
15
16
21
22
26
1
5
7
8
10
11
12
16
18
19
9
13
18
21
22
24
26
30
34
37
21
24
32
35
36
38
40
43
46
49
9
14
15
18
20
21
25
30
35
38
5
11
17
20
21
23
25
29
31
34
4
7
10
13
14
16
18
21
24
27
9
14
18
21
23
24
25
30
33
36
5
10
12
15
16
17
19
24
30
33
1
5
7
9
10
11
27
31
41
45
50
