time_cost:884865ms
ontime_proportion:0.857143
max_delay:16
avg_delay:1.300000
avg_flowtime:26.442857
object function value:1310.000000
0
0
0
0
0
0
0
20
24
28
29
0
0
0
0
0
0
30
35
40
42
0
0
0
0
0
0
13
16
23
26
0
0
0
2
5
7
26
30
35
38
0
0
0
0
0
0
0
0
0
1
0
0
0
0
1
3
10
14
17
20
0
0
0
0
0
0
0
0
2
3
0
0
0
0
0
0
0
0
0
1
0
0
0
1
5
7
26
30
34
36
0
0
0
0
0
0
0
0
0
0
19
22
28
31
32
34
36
40
42
45
0
0
0
0
0
0
0
0
0
3
0
0
0
0
0
1
22
27
31
34
0
1
3
6
7
9
14
18
25
28
0
0
0
0
0
2
26
31
37
40
0
0
0
0
0
0
0
0
0
0
0
0
0
0
0
0
0
0
0
0
0
0
0
0
0
0
0
2
3
6
0
2
4
5
6
8
13
17
20
22
0
0
2
3
4
5
9
13
16
17
0
0
0
0
3
6
22
26
32
34
0
0
0
0
2
4
12
16
22
25
0
0
0
0
0
0
25
28
35
37
0
0
0
1
2
4
10
15
17
18
0
0
0
0
0
2
8
12
15
18
0
3
4
7
8
9
16
21
25
28
0
0
1
4
5
6
8
13
14
18
0
0
1
4
5
6
11
17
19
24
0
0
0
0
0
0
0
0
0
0
0
0
0
0
0
0
28
31
36
39
5
9
11
17
18
21
31
36
42
43
9
14
16
19
20
22
24
28
29
32
0
4
5
6
8
10
22
26
34
35
3
10
12
15
16
18
22
26
32
35
7
11
13
16
22
24
30
34
41
42
0
6
12
15
17
18
19
24
25
28
7
12
13
16
17
19
24
29
33
36
12
16
19
22
23
25
27
31
34
37
21
25
29
32
34
36
38
42
43
46
4
8
10
11
12
16
18
22
24
25
16
20
28
30
32
33
34
38
40
43
0
4
6
9
14
20
26
30
35
38
20
25
29
32
33
34
36
41
42
45
6
10
12
14
15
16
18
22
24
26
22
27
30
33
34
35
37
42
43
47
0
4
6
7
9
11
30
34
39
43
2
5
8
11
12
14
16
19
22
25
11
15
18
19
23
25
30
34
45
46
9
14
15
17
18
24
28
33
41
42
9
15
18
20
21
23
27
31
38
40
0
5
6
9
10
11
13
18
19
22
5
10
11
12
14
16
17
21
22
23
4
8
10
11
13
14
15
19
21
22
7
12
15
18
19
21
27
30
40
43
5
9
11
12
16
18
21
25
29
33
8
12
16
19
20
22
24
27
32
36
15
20
25
28
30
31
32
37
38
41
0
4
5
8
9
11
18
22
26
29
4
7
11
15
16
18
25
28
35
38
2
6
8
10
11
12
14
18
20
23
13
18
22
24
25
26
30
34
38
40
21
26
28
31
33
34
35
40
41
45
3
7
9
11
14
17
18
22
26
28
12
17
18
21
22
23
25
30
31
34
8
12
14
16
18
20
31
36
40
43
4
8
9
12
13
15
17
21
22
25
5
10
12
14
18
20
28
32
40
41
1
5
7
8
9
10
20
24
28
29
4
8
10
12
13
14
16
20
22
24
0
4
6
9
10
12
29
33
37
40
48
