time_cost:793940ms
ontime_proportion:0.871429
max_delay:12
avg_delay:1.171429
avg_flowtime:22.642857
object function value:1040.476190
0
0
0
1
2
4
6
8
11
12
13
0
0
0
0
1
2
3
6
8
11
0
0
0
0
0
0
1
7
10
23
0
1
3
4
6
8
10
15
17
19
0
0
0
0
0
0
0
0
0
1
0
0
0
0
0
0
0
0
0
1
0
0
0
0
0
0
0
0
0
1
0
0
0
0
0
1
6
9
10
11
0
0
0
0
1
2
3
6
7
8
0
0
0
0
0
1
6
9
11
12
0
0
0
0
0
0
0
0
1
2
0
0
0
2
4
6
8
12
13
19
0
2
5
6
8
10
12
15
18
21
0
0
0
0
2
4
6
10
11
14
0
0
0
0
1
2
5
10
12
13
0
0
0
0
0
0
0
4
8
10
0
0
0
0
0
1
16
20
21
22
0
0
0
0
0
0
0
3
5
9
0
0
0
0
0
0
0
0
0
1
0
0
0
0
1
3
12
18
21
24
0
0
0
0
0
0
0
0
1
2
0
0
1
2
4
6
17
21
25
26
0
0
0
0
2
4
16
20
21
24
0
0
2
5
7
9
15
22
23
26
0
0
0
0
0
3
15
18
20
23
0
0
1
6
10
12
15
20
24
27
0
2
5
6
8
10
14
18
23
24
0
0
0
0
0
0
17
21
23
28
0
0
0
0
0
0
0
0
0
0
0
3
4
7
12
14
16
20
22
26
6
9
12
15
17
19
20
23
26
29
4
8
9
12
14
16
18
23
25
30
6
9
13
14
16
18
20
23
26
27
6
11
13
16
17
18
19
24
28
29
19
24
26
27
29
32
33
36
39
40
5
8
9
10
11
12
18
22
25
26
4
7
10
13
15
17
18
21
27
30
12
15
17
19
21
23
24
27
29
31
1
4
6
8
14
15
18
24
29
31
11
16
18
19
21
22
23
28
31
32
9
14
16
17
19
21
23
28
30
31
8
13
16
17
18
19
22
27
35
36
0
3
4
5
6
8
19
26
27
29
14
18
19
20
22
24
25
30
31
32
2
5
7
9
13
14
17
22
26
28
8
12
14
17
19
23
25
29
30
33
13
17
19
21
24
25
26
30
32
34
3
6
7
8
10
12
21
27
34
35
12
17
20
21
23
26
28
31
34
35
15
19
20
23
25
27
29
33
34
37
9
13
15
18
22
25
27
32
33
36
7
13
14
19
21
23
25
29
30
37
10
15
17
18
19
20
24
30
36
37
9
13
15
17
18
20
21
26
29
31
1
6
8
9
12
13
23
28
35
37
1
10
13
14
16
18
20
24
31
32
3
8
10
11
19
21
24
32
37
38
0
3
6
7
9
11
21
30
33
35
11
14
17
20
22
24
25
28
31
34
4
8
9
10
11
13
28
34
36
39
15
19
22
23
25
27
29
32
33
35
1
5
6
10
12
14
22
26
35
38
21
25
27
28
29
31
32
35
37
40
9
12
14
16
18
20
22
26
28
30
15
19
22
25
27
29
30
33
37
40
11
17
18
21
23
25
27
31
32
39
21
26
28
29
30
31
32
35
36
41
13
17
19
22
24
26
28
31
34
37
18
21
24
25
27
29
31
34
38
40
3
6
7
14
25
30
32
36
38
41
43
