time_cost:806988ms
ontime_proportion:0.757143
max_delay:23
avg_delay:2.771429
avg_flowtime:23.514286
object function value:2212.380952
0
0
3
6
9
10
12
14
17
20
23
0
0
0
1
2
4
6
10
11
14
0
0
0
0
0
0
0
0
0
0
0
0
0
1
3
4
5
10
11
14
0
0
0
0
1
3
4
8
13
16
0
0
0
0
0
0
5
9
11
13
0
0
2
5
6
8
10
14
16
19
0
0
0
0
0
1
7
12
13
16
0
0
0
0
1
3
5
9
10
12
0
0
0
0
0
0
0
1
3
5
0
1
2
5
6
8
10
14
15
18
0
0
0
0
0
0
0
0
0
1
0
0
0
0
0
5
18
22
28
29
0
3
5
7
8
9
11
15
17
19
0
0
0
0
0
0
0
0
0
1
0
0
0
0
4
10
20
24
31
32
0
2
3
6
7
9
11
15
16
19
0
0
0
0
0
0
0
0
0
0
0
0
0
0
0
1
3
8
14
17
0
0
0
0
0
1
9
14
15
18
0
0
0
0
0
0
1
5
8
11
0
0
0
0
0
0
0
1
2
5
0
0
0
0
1
2
8
12
17
21
0
0
0
0
4
6
7
11
14
16
0
0
0
0
0
0
0
0
5
8
0
0
0
0
0
0
0
0
0
2
0
0
0
0
0
0
0
7
23
25
0
0
0
0
1
3
8
11
14
19
0
0
0
0
0
0
0
0
5
8
0
5
6
9
10
11
13
18
19
22
0
3
6
10
11
13
15
18
22
25
3
8
9
12
13
14
16
21
22
25
5
9
12
14
15
16
18
22
26
28
3
7
10
12
13
14
16
20
22
25
2
6
9
11
13
15
20
24
32
34
1
5
8
11
12
14
19
23
29
32
9
13
19
22
23
25
27
31
33
36
9
14
19
22
24
25
26
31
32
35
1
6
12
13
15
16
19
24
29
30
6
10
13
14
16
17
19
23
28
30
15
19
25
26
27
28
30
34
36
37
12
15
23
26
27
29
31
34
37
40
0
6
22
24
25
26
28
32
34
37
15
19
26
29
30
32
34
38
40
43
13
16
24
27
28
30
32
35
39
42
2
6
9
10
11
13
28
32
40
41
20
24
30
32
33
34
36
40
42
44
11
16
19
23
26
28
29
34
36
42
8
12
18
20
21
22
24
28
35
37
20
26
29
32
34
35
36
41
43
46
12
16
20
23
24
26
28
32
34
37
12
16
31
33
34
36
37
41
43
45
17
21
27
30
31
33
35
38
41
44
24
28
35
36
37
39
40
44
46
47
14
18
24
27
28
30
32
36
37
40
22
26
30
33
34
36
38
42
44
47
14
19
25
28
29
30
32
37
39
42
24
28
34
36
38
39
41
45
47
49
9
13
18
20
21
22
28
32
44
46
18
22
27
29
30
32
33
37
38
39
16
21
28
31
32
33
35
40
42
45
0
5
7
10
12
18
28
33
46
49
16
20
25
28
30
32
34
38
39
43
26
30
39
40
42
43
45
49
52
53
25
29
36
39
40
42
44
48
49
52
16
20
28
31
32
34
36
40
42
45
23
27
32
34
35
36
38
42
51
53
4
9
10
15
16
17
21
26
40
43
23
29
36
39
41
42
43
48
49
52
21
25
32
35
36
40
42
45
48
51
54
