time_cost:982846ms
ontime_proportion:0.942857
max_delay:6
avg_delay:0.257143
avg_flowtime:20.985714
object function value:270.952381
0
0
0
0
0
0
0
0
0
1
5
0
0
0
0
0
0
0
0
0
0
0
0
0
0
0
0
1
4
5
7
0
0
0
2
3
5
8
13
14
18
0
0
0
0
0
0
1
6
7
9
0
0
0
0
0
0
0
2
3
7
0
0
0
0
0
0
14
17
19
21
0
0
0
0
0
0
0
0
1
2
0
0
0
0
0
1
16
21
27
29
0
0
0
0
0
0
0
2
6
7
0
0
1
4
5
6
18
23
26
29
0
0
0
0
0
1
10
14
16
18
0
0
0
0
0
0
0
1
2
6
0
0
0
0
0
0
13
18
20
23
0
0
0
0
0
0
0
0
0
0
0
0
0
0
1
2
15
18
20
21
0
0
0
0
0
0
0
0
0
1
0
0
0
0
0
0
11
14
17
18
0
0
0
0
0
0
0
0
0
0
0
0
0
0
0
0
0
0
1
3
0
0
0
0
0
0
14
19
22
23
0
1
4
7
8
9
24
29
32
35
0
0
0
0
0
0
0
0
0
1
0
0
0
0
0
0
0
0
2
3
0
0
0
0
1
3
21
25
27
28
0
0
0
0
0
0
0
0
1
3
0
0
0
1
2
3
12
16
18
20
0
0
0
0
2
4
14
17
19
21
0
0
0
0
1
2
16
21
23
26
0
0
0
0
0
0
14
19
20
23
9
13
16
19
20
22
27
32
33
36
4
8
10
11
12
14
17
22
25
26
11
14
16
17
18
21
26
29
33
34
6
10
12
14
15
19
23
27
29
31
3
8
9
12
14
15
18
23
25
28
8
11
14
15
16
17
28
32
35
36
4
7
8
10
11
12
22
25
29
31
0
3
4
6
7
8
25
30
32
34
1
6
7
9
10
11
25
30
33
35
4
8
9
12
13
15
17
21
22
28
2
5
7
8
10
12
13
16
18
19
6
11
12
14
15
17
21
26
27
29
0
5
7
8
9
11
20
24
26
27
4
9
11
12
14
16
29
33
36
37
8
13
15
17
19
20
23
28
29
31
6
10
12
17
22
24
28
33
35
38
4
13
15
16
17
19
20
24
26
27
15
18
21
23
24
25
26
29
31
33
10
16
17
19
20
21
24
29
31
33
8
11
14
15
16
17
18
21
24
25
8
18
20
22
23
24
31
36
38
40
7
12
13
16
17
18
21
26
28
31
6
9
10
12
14
15
17
20
21
24
2
10
13
17
18
19
21
26
29
32
7
11
13
14
15
17
27
31
34
35
1
4
6
7
8
9
18
24
26
28
17
21
23
25
26
27
29
34
36
38
8
11
15
16
17
18
19
22
25
26
12
15
17
18
19
20
22
26
28
29
13
17
18
20
21
22
25
29
30
32
19
22
25
26
28
30
31
34
37
38
1
4
7
10
11
12
24
27
31
32
11
15
16
18
19
20
24
28
31
33
3
7
9
10
11
13
25
30
32
35
5
8
11
12
13
14
15
18
21
22
11
17
23
25
26
27
32
35
38
40
13
16
18
20
22
23
31
35
38
40
11
14
17
18
19
20
21
25
28
29
1
4
5
7
8
9
21
24
26
28
2
6
9
12
13
14
15
19
23
26
41
