time_cost:1092492ms
ontime_proportion:0.842857
max_delay:15
avg_delay:1.471429
avg_flowtime:24.742857
object function value:1396.190476
0
0
0
0
0
0
0
14
29
32
33
0
0
0
0
0
0
0
0
0
0
0
0
0
0
0
0
0
2
14
19
0
0
0
3
4
6
13
22
26
29
0
0
2
5
7
8
31
38
40
43
0
0
0
0
0
0
0
0
0
1
0
0
0
0
0
0
31
38
41
44
0
0
0
0
0
0
12
15
18
22
0
0
0
0
0
0
0
2
4
7
0
0
0
0
0
0
0
0
0
0
0
0
0
1
3
4
18
24
26
28
0
0
0
0
0
0
0
0
0
3
0
0
0
0
2
3
9
17
19
20
0
0
0
0
0
1
26
33
35
36
0
0
2
5
6
8
10
18
21
24
0
0
0
2
3
4
16
21
23
26
0
0
0
0
0
0
0
0
0
0
0
0
2
3
5
6
10
15
18
19
0
0
0
0
0
0
0
2
5
6
0
0
0
0
0
0
0
0
0
2
0
0
0
0
0
0
0
0
0
0
0
0
0
0
0
0
14
25
28
29
0
0
0
0
0
0
17
23
26
27
0
0
0
0
0
0
0
0
2
5
0
1
3
4
6
7
12
18
20
22
0
0
0
0
0
0
23
31
34
37
0
0
0
0
0
2
8
12
16
18
0
0
0
0
0
0
0
0
0
0
0
0
0
0
0
0
0
1
4
7
0
0
0
0
0
1
11
21
23
26
9
13
17
18
21
22
27
35
37
38
1
10
20
23
24
26
27
32
35
38
5
11
13
14
16
18
22
31
34
35
9
15
18
21
22
24
25
28
31
34
20
25
28
31
32
34
35
38
41
44
4
8
10
11
13
14
15
19
21
22
0
7
10
13
17
18
27
36
38
39
1
4
5
9
10
12
32
41
44
47
13
19
21
24
26
27
28
32
35
38
8
14
23
26
28
29
30
34
36
39
7
12
15
18
19
21
22
31
34
37
4
7
10
13
14
16
17
22
26
29
20
28
31
34
35
37
38
41
44
47
8
13
15
18
20
21
22
27
29
32
3
7
8
10
17
19
23
31
33
35
8
12
15
16
18
20
22
26
29
30
0
4
5
7
8
10
30
37
38
40
0
5
8
11
12
14
15
21
24
28
1
5
7
10
12
13
14
20
22
25
1
6
8
10
14
16
17
27
29
31
4
7
10
11
12
15
16
26
29
30
5
12
14
20
22
23
24
28
30
33
12
17
19
20
22
23
24
29
32
33
10
15
18
19
23
25
31
40
43
44
0
5
7
8
10
11
13
18
20
23
1
4
7
8
9
11
12
16
19
21
7
11
12
15
21
24
29
37
38
41
0
4
7
8
11
13
15
19
22
23
5
10
12
14
15
17
19
26
27
29
1
5
6
8
9
11
12
16
17
19
4
9
10
12
13
15
16
20
21
23
5
10
12
15
17
18
19
24
29
32
7
14
16
17
19
20
21
25
27
28
18
29
31
34
36
37
38
42
44
47
4
8
11
12
19
22
26
34
37
38
26
33
36
37
38
40
41
44
47
48
2
10
12
16
18
19
21
30
33
34
7
13
14
16
17
19
20
32
33
35
4
8
11
12
14
16
18
22
25
26
11
21
24
27
28
30
31
34
37
40
49
