time_cost:871691ms
ontime_proportion:0.871429
max_delay:11
avg_delay:0.700000
avg_flowtime:21.428571
object function value:1000.000000
0
0
0
0
1
3
5
11
17
24
25
0
0
0
0
0
0
13
16
19
20
0
0
0
0
0
0
0
0
0
0
0
0
0
0
0
0
7
11
12
15
0
0
1
2
3
4
8
11
12
13
0
0
0
0
0
0
0
0
1
3
0
0
0
2
4
6
13
18
19
22
0
0
0
1
2
3
6
9
10
11
0
0
0
0
0
4
7
12
14
15
0
0
0
0
0
0
0
0
0
0
0
0
0
0
0
0
1
4
5
9
0
0
0
0
0
1
9
13
14
15
0
0
0
0
0
0
0
0
0
0
0
0
0
0
0
0
8
11
14
17
0
0
0
0
0
0
0
0
0
0
0
0
0
0
0
0
0
0
0
1
0
0
0
1
3
5
10
14
15
18
0
0
1
2
5
7
15
18
22
23
0
0
0
0
1
3
17
20
21
26
0
0
0
0
0
0
14
17
18
23
0
0
1
2
3
4
13
19
21
25
0
0
0
0
0
0
0
0
0
3
0
0
0
0
0
0
0
0
0
0
0
0
0
0
1
2
6
10
11
13
0
1
2
3
5
7
13
16
17
20
0
0
0
0
0
0
0
1
3
4
0
0
0
0
0
0
0
2
5
11
0
0
0
5
7
9
17
21
22
23
0
0
0
0
4
6
17
22
24
25
0
0
1
4
6
8
17
21
25
28
3
6
8
10
11
12
17
20
24
26
4
8
9
10
11
12
20
24
25
26
3
9
11
12
13
14
16
21
23
26
4
7
10
11
13
15
20
23
28
29
10
13
14
15
16
17
18
22
23
25
2
7
9
11
12
13
17
23
25
26
3
7
8
9
10
11
13
17
18
19
0
3
6
9
12
15
18
21
24
27
8
13
15
16
18
20
22
27
29
30
5
8
10
12
13
14
20
23
26
28
1
5
6
7
8
9
20
25
27
28
11
15
16
17
19
21
23
26
29
32
9
14
15
16
19
25
27
32
33
34
2
10
12
13
16
18
28
33
35
36
2
6
7
13
15
17
20
25
26
30
4
8
9
10
11
13
21
25
26
29
13
17
18
19
20
23
25
29
30
31
7
10
11
14
16
18
20
23
24
27
12
18
20
21
22
25
26
31
33
34
13
17
18
20
21
22
24
28
29
30
7
10
13
15
17
19
21
24
27
32
5
8
9
10
11
12
21
24
27
30
11
14
17
20
22
24
25
28
31
34
6
12
14
17
18
20
23
26
28
34
14
17
20
21
23
25
27
30
34
35
14
18
19
22
24
26
28
31
32
35
10
14
17
19
21
23
25
28
31
35
1
5
6
9
14
16
26
29
30
33
1
6
8
9
14
16
22
27
29
30
11
15
16
21
23
25
27
31
32
35
8
18
20
22
23
24
25
30
32
33
1
4
5
6
8
10
23
26
30
31
16
20
21
24
26
28
30
34
35
38
0
14
17
18
20
22
24
27
30
31
17
20
21
24
26
28
30
33
34
37
0
5
15
17
18
19
29
32
37
39
21
25
28
29
30
31
33
37
38
39
17
21
22
25
28
30
32
35
36
39
8
11
12
13
19
21
26
32
33
37
0
3
6
7
9
15
24
29
32
34
41
