time_cost:2336ms
ontime_proportion:0.800000
max_delay:12
avg_delay:1.242857
avg_flowtime:24.100000
object function value:1803.333333
0
0
1
2
5
7
9
11
16
17
23
0
0
0
0
0
0
0
0
0
1
0
0
0
0
0
0
0
0
0
0
0
2
3
6
8
10
14
18
20
25
0
3
6
9
11
13
14
17
20
23
0
0
0
0
0
0
0
0
0
1
0
0
0
1
3
5
12
19
22
23
0
0
0
0
0
0
15
22
25
28
0
0
0
0
0
0
0
0
0
0
0
0
0
0
0
0
0
0
1
3
0
3
6
7
12
14
16
19
22
28
0
0
0
0
0
0
0
0
0
0
0
0
0
0
0
0
0
0
1
2
0
0
0
0
0
0
9
11
14
18
0
0
2
3
5
7
28
31
34
38
0
0
0
0
2
4
14
19
21
22
0
3
4
9
11
13
16
20
23
30
0
0
0
0
0
0
0
0
2
3
0
0
0
0
0
0
0
0
0
0
0
0
1
2
3
4
15
20
21
22
0
0
0
0
0
0
0
0
0
0
0
2
7
12
14
16
18
21
22
25
0
0
0
0
0
0
0
0
1
4
0
0
0
0
0
0
3
5
8
12
0
4
6
7
9
11
13
18
20
21
0
0
0
0
0
2
18
22
23
33
0
0
0
0
0
1
28
31
34
35
0
0
0
1
2
3
31
35
36
37
0
0
0
2
3
4
31
34
35
36
0
0
0
0
0
0
17
22
23
26
4
7
10
11
17
20
22
25
28
29
15
18
19
20
29
30
32
36
37
38
8
11
13
15
18
19
22
25
29
31
9
14
15
16
21
23
25
28
29
30
4
7
10
13
15
17
18
21
26
29
11
14
16
17
22
25
27
30
32
33
4
11
14
15
17
19
21
27
30
32
10
13
16
17
27
29
33
37
38
40
0
3
4
5
20
23
25
28
29
30
5
9
10
13
15
17
19
23
26
35
1
6
9
10
12
14
18
29
32
33
3
6
12
15
19
21
23
26
27
32
0
4
5
8
10
12
20
24
31
34
5
8
15
18
23
26
29
35
38
39
1
5
7
9
10
11
15
20
22
27
7
10
11
14
19
23
25
28
32
35
0
5
7
8
9
10
18
23
25
26
2
7
9
10
13
15
19
24
26
27
4
10
12
13
14
15
16
24
26
27
11
15
17
19
27
31
34
38
39
40
4
9
11
15
17
19
21
26
28
32
7
12
15
17
25
27
30
34
37
38
0
3
5
7
8
9
12
17
19
21
10
16
17
20
23
25
27
31
32
33
7
12
15
16
19
21
23
30
33
35
9
16
17
21
24
27
29
32
33
34
14
18
19
20
29
31
33
38
39
40
9
15
16
17
26
29
31
34
35
36
7
15
16
17
23
26
28
32
33
34
10
15
17
18
21
22
23
28
30
31
12
17
18
21
22
25
26
29
30
31
10
15
16
17
19
22
23
26
27
28
9
14
16
18
21
23
24
29
31
32
11
16
18
19
24
25
28
33
35
37
2
7
9
10
16
20
26
31
33
36
6
11
15
19
25
28
31
37
39
40
13
16
18
20
22
24
25
28
30
32
4
9
11
12
14
18
20
25
27
28
4
10
12
15
16
17
18
23
25
27
7
12
15
16
24
28
30
33
36
37
42
