time_cost:2400ms
ontime_proportion:0.700000
max_delay:22
avg_delay:2.857143
avg_flowtime:27.771429
object function value:2925.714286
0
0
0
0
0
0
1
24
29
32
34
0
0
3
5
6
8
29
35
38
40
0
0
0
0
0
0
0
1
3
4
0
0
1
2
3
4
33
41
42
43
0
0
0
0
0
0
0
0
2
4
0
0
1
3
4
5
29
35
38
40
0
0
0
1
2
3
32
40
41
42
0
0
0
0
0
1
25
31
33
36
0
0
0
0
0
0
0
3
4
6
0
0
0
0
0
0
0
0
13
16
0
0
0
0
0
2
17
23
26
29
0
0
0
0
0
0
15
20
23
25
0
0
0
0
0
1
13
19
22
23
0
0
0
2
3
5
16
23
26
28
0
3
6
8
9
10
33
39
42
44
0
0
0
0
0
0
8
15
18
27
0
0
0
0
0
0
0
0
0
0
0
0
0
0
0
0
0
0
1
2
0
3
4
6
7
9
27
32
34
38
0
3
4
5
6
7
23
28
29
30
0
4
6
7
8
10
16
22
24
25
0
0
0
0
0
0
0
0
1
2
0
0
0
0
0
0
0
0
0
1
0
0
0
1
4
6
37
43
45
46
0
0
0
0
0
0
27
36
39
41
0
0
0
0
0
0
30
38
40
41
0
1
4
5
7
9
25
32
35
36
0
0
0
0
1
2
17
26
29
31
0
0
0
0
0
0
0
0
0
1
0
0
0
0
0
0
0
0
0
0
18
26
28
31
32
34
35
40
42
45
14
22
23
24
25
26
29
39
40
41
5
10
12
13
15
16
29
37
39
40
3
9
12
14
15
17
18
23
26
28
9
15
18
21
22
24
25
34
37
39
0
4
6
9
10
12
25
32
34
37
0
13
16
18
19
21
22
27
30
32
11
14
15
17
18
20
22
25
26
27
12
18
19
20
22
26
30
35
36
37
5
9
10
12
13
15
21
26
27
29
9
15
18
19
21
23
24
28
31
32
7
12
15
17
20
22
39
46
49
51
2
6
8
9
13
24
29
33
35
36
13
18
21
23
24
26
27
32
35
37
11
16
19
20
26
28
37
43
46
47
8
14
15
16
17
19
21
33
34
35
7
11
14
16
17
18
20
26
29
32
7
11
12
13
15
16
36
42
44
45
8
12
13
14
16
17
21
26
27
28
6
11
14
16
17
19
20
25
28
30
7
12
14
15
17
18
20
24
26
27
5
9
10
11
12
13
19
24
25
26
4
8
10
13
14
16
17
21
23
26
12
16
19
22
23
24
29
34
37
40
3
7
9
10
12
13
21
30
32
33
3
10
13
15
16
17
21
29
32
34
1
5
6
8
9
11
13
19
20
22
3
7
9
10
12
13
15
19
21
25
28
34
36
37
38
40
42
47
49
50
4
8
10
13
18
20
34
42
44
47
12
18
19
22
23
24
33
42
43
44
2
7
10
12
13
15
16
21
24
26
8
14
16
19
21
23
25
30
32
35
0
4
7
8
10
12
16
22
25
26
4
8
9
12
13
15
16
21
22
24
11
19
22
24
26
28
38
45
48
50
11
16
18
19
20
22
25
32
34
35
8
13
16
18
19
21
22
27
30
32
12
18
21
23
24
26
37
44
47
49
1
5
8
10
11
15
25
29
32
34
52
