time_cost:2356ms
ontime_proportion:0.800000
max_delay:13
avg_delay:1.300000
avg_flowtime:23.014286
object function value:1767.142857
0
0
0
0
0
0
0
22
27
29
32
0
0
0
0
0
0
0
0
0
0
0
0
0
0
0
0
19
22
27
28
17
20
21
23
24
25
26
31
32
34
0
0
1
4
5
6
16
22
23
26
0
0
1
2
3
5
19
23
26
27
0
0
1
4
5
7
24
28
31
34
0
0
0
0
0
0
15
19
21
22
0
0
0
0
0
0
0
0
2
3
0
0
0
0
0
0
27
30
37
38
0
0
0
1
3
5
27
31
34
35
0
0
0
0
0
0
0
3
4
7
0
0
0
0
0
1
28
32
35
36
0
0
0
0
0
0
0
0
0
1
0
0
0
0
0
2
12
16
23
27
0
0
0
0
0
0
9
11
18
20
0
0
0
0
0
0
0
0
0
1
0
0
0
2
3
4
13
17
18
20
0
0
0
0
0
0
0
0
0
0
0
0
0
0
0
0
0
0
0
0
0
0
0
0
0
2
21
25
27
28
0
0
0
0
0
0
0
0
0
3
0
2
3
5
6
7
23
26
28
30
0
0
0
0
0
0
0
0
2
5
0
0
0
0
1
2
26
30
32
34
0
0
0
0
0
1
12
18
20
23
15
18
20
21
23
26
32
35
39
40
0
0
0
0
0
0
0
0
0
0
0
1
4
5
6
7
23
26
29
30
0
0
0
0
0
0
0
0
0
0
6
10
11
15
24
26
30
33
35
37
0
4
6
7
8
10
11
15
17
18
3
6
8
9
11
13
14
17
19
21
4
7
9
11
13
15
16
19
22
25
12
16
17
19
23
25
28
32
34
36
0
3
5
6
17
19
23
26
29
30
12
17
18
21
22
24
26
31
32
35
7
12
13
15
16
17
18
23
25
27
5
8
10
11
13
15
17
20
22
23
3
7
10
13
14
15
16
20
23
26
5
10
11
13
14
15
16
21
22
24
5
8
10
11
17
19
30
33
38
39
19
23
26
29
30
31
32
36
39
42
9
12
14
16
18
20
21
24
28
29
10
15
16
18
23
24
25
30
31
33
2
7
12
15
16
17
30
35
37
40
9
13
14
17
20
22
24
28
29
32
13
18
19
22
23
24
27
32
34
37
1
5
7
9
10
12
26
30
33
34
1
5
6
8
9
10
11
15
16
18
12
15
18
19
21
22
32
36
40
41
7
10
12
14
15
16
24
27
29
31
9
13
15
18
19
20
22
26
28
31
1
4
5
7
8
9
10
13
14
16
4
9
10
12
15
16
23
28
31
33
7
11
15
17
22
23
24
28
30
32
1
6
7
10
11
13
20
24
26
29
6
10
12
13
15
17
21
24
27
28
8
12
15
19
20
21
28
33
34
36
9
13
15
18
19
21
28
32
34
37
23
26
30
31
32
33
34
37
40
41
1
4
7
8
9
10
11
14
17
18
0
4
5
8
9
11
17
21
22
25
2
6
7
10
12
18
20
25
26
29
5
9
11
14
20
22
24
29
33
35
3
7
8
10
11
12
13
17
18
20
5
9
10
12
13
14
15
19
20
22
8
11
13
15
17
18
20
23
26
27
7
12
13
15
16
17
18
23
24
26
18
22
23
26
27
29
31
35
36
39
43
