time_cost:2059343ms
ontime_proportion:0.885714
max_delay:12
avg_delay:0.800000
avg_flowtime:19.585714
object function value:795.714286
0
0
0
0
1
2
3
21
24
28
29
0
0
0
0
0
0
0
0
2
3
0
0
0
0
1
2
15
18
21
23
0
0
0
0
0
0
10
14
17
19
0
0
0
0
0
0
0
2
5
6
0
0
0
0
0
0
0
0
2
3
0
0
0
0
0
0
13
17
24
27
0
0
0
0
0
0
0
1
3
4
0
0
0
0
0
0
0
0
2
3
0
0
0
0
0
1
4
8
10
13
0
0
1
2
4
6
20
23
25
26
0
0
0
0
0
0
0
0
0
0
0
0
0
1
2
3
8
20
23
25
0
0
0
0
0
0
0
0
0
0
0
4
5
7
8
9
10
17
20
22
0
0
0
0
0
0
0
2
3
6
0
0
0
0
0
0
0
0
0
0
0
0
0
0
0
0
0
0
0
2
0
0
0
0
0
0
0
1
2
4
0
0
0
0
0
1
15
19
25
27
0
0
0
0
0
0
6
11
12
14
0
0
0
0
0
0
0
0
0
0
0
0
0
0
0
0
31
36
39
41
0
0
0
0
0
0
0
0
0
2
0
0
0
0
0
0
27
33
34
37
0
0
0
0
0
2
18
22
25
28
0
0
0
0
0
0
0
0
0
0
0
0
0
0
0
0
0
0
0
0
0
0
0
0
0
0
0
0
0
0
0
0
0
0
0
0
0
0
0
0
9
13
14
19
20
22
24
28
29
32
7
12
18
21
22
24
26
31
32
35
7
11
14
18
19
20
21
25
28
31
3
8
9
11
12
13
14
19
29
31
12
18
21
24
25
26
28
33
34
37
6
11
14
17
18
19
20
24
27
30
5
9
10
12
13
14
16
20
21
23
8
12
16
19
21
22
23
27
30
33
7
10
14
16
17
18
19
24
25
27
4
7
9
10
11
12
13
16
18
20
10
15
18
21
22
23
24
28
31
34
2
8
9
12
13
14
16
21
22
25
3
6
8
9
10
11
12
15
17
18
5
10
11
13
15
16
18
23
26
28
19
22
24
25
26
27
28
31
33
34
14
18
20
21
23
25
26
29
31
33
5
9
11
12
13
15
16
20
22
23
0
4
6
7
8
10
22
26
28
29
2
7
9
10
15
17
18
22
24
25
4
8
12
13
14
16
17
20
23
24
2
6
7
10
11
13
31
36
38
41
2
6
7
9
10
11
12
16
18
20
11
14
16
17
19
21
22
25
28
31
9
12
14
17
18
19
21
25
29
31
6
9
13
14
15
16
17
21
24
26
5
11
12
14
15
16
17
20
26
28
2
5
8
9
11
12
13
16
20
21
12
17
19
21
22
23
26
32
34
36
8
12
16
18
21
22
23
30
32
34
10
15
17
20
21
22
24
29
30
33
2
5
7
8
9
10
25
31
33
34
20
25
27
28
29
30
31
34
37
38
15
18
22
24
25
26
27
30
31
33
1
5
11
14
16
17
27
33
37
40
1
4
5
7
8
9
20
24
27
29
17
21
22
25
26
28
30
34
36
39
11
15
17
18
19
21
23
27
29
30
0
3
5
8
11
13
15
19
21
22
0
9
14
15
16
17
31
35
40
41
9
13
15
16
17
18
20
23
25
26
42
