time_cost:998162ms
ontime_proportion:0.914286
max_delay:11
avg_delay:0.628571
avg_flowtime:21.014286
object function value:557.619048
0
0
0
0
0
0
0
0
1
3
6
0
0
0
0
0
0
0
0
0
0
0
0
0
0
0
0
0
0
0
1
0
0
0
0
0
0
0
1
4
7
0
0
0
0
0
0
1
4
5
7
0
0
1
3
4
5
6
13
14
16
0
1
3
4
5
6
7
10
12
13
0
0
1
2
3
4
14
18
20
21
0
0
0
0
0
0
0
1
3
4
0
0
0
0
0
0
0
0
0
0
0
0
0
1
2
3
8
13
17
18
0
3
4
6
7
8
10
14
15
17
0
0
0
0
0
0
7
12
13
17
0
0
0
0
0
1
6
10
19
22
0
0
2
5
6
8
19
23
24
27
0
0
0
1
2
3
9
14
16
19
0
5
6
9
10
11
13
18
19
22
0
2
3
5
6
7
9
13
15
17
0
0
0
1
2
4
14
18
23
24
0
3
6
7
8
9
14
17
23
24
0
0
0
0
0
2
12
15
19
20
0
0
0
0
0
1
11
15
18
19
0
0
0
0
1
2
14
18
20
21
0
0
0
0
0
0
0
0
0
0
0
0
0
0
0
0
0
0
0
0
0
0
0
0
0
0
0
0
0
1
0
0
0
0
0
0
0
0
1
2
0
0
0
3
4
5
18
24
25
28
0
0
0
0
0
1
16
19
27
29
0
0
0
0
3
4
17
21
23
29
8
13
14
17
18
19
23
28
29
32
8
11
14
15
16
17
18
21
24
25
10
14
16
17
18
20
21
25
28
30
8
11
13
14
15
16
20
24
27
28
14
17
19
20
21
22
23
26
28
29
4
9
10
12
13
14
15
20
21
23
11
15
17
18
19
21
22
27
29
30
3
6
8
9
11
13
16
22
25
26
11
15
17
18
19
21
22
26
28
29
4
7
9
10
11
12
13
16
18
19
3
7
9
10
11
13
19
23
25
29
7
12
13
15
16
17
21
26
28
30
0
5
6
8
9
10
11
17
20
22
10
14
17
20
21
22
23
27
30
34
0
4
7
11
12
13
17
21
24
27
3
7
10
13
14
15
23
27
30
33
1
4
7
8
9
10
25
29
32
33
16
19
22
23
24
25
26
29
31
32
15
20
21
23
24
25
26
32
33
35
11
17
18
21
22
23
25
30
32
35
4
10
13
16
17
18
24
28
31
35
17
21
22
24
25
26
27
31
33
35
2
6
8
9
12
14
28
32
35
36
15
20
21
24
25
27
29
33
34
37
5
9
10
13
14
18
24
31
33
36
10
14
16
19
22
24
27
31
32
35
5
8
11
12
13
14
24
28
31
32
0
3
6
9
10
11
26
32
36
37
17
21
22
25
26
28
30
34
35
38
20
24
25
27
28
29
30
34
35
38
3
8
9
11
14
15
28
33
35
37
19
25
26
28
30
31
32
37
38
40
2
9
10
12
14
15
31
36
37
39
0
3
5
6
7
8
31
35
38
39
21
25
27
28
29
30
31
34
36
37
7
24
27
28
29
30
31
34
37
38
19
22
24
25
27
29
31
34
38
39
21
24
26
27
29
31
32
35
37
38
4
10
12
13
17
19
27
31
37
38
24
27
28
30
31
32
33
36
37
39
41
