time_cost:1088906ms
ontime_proportion:0.842857
max_delay:25
avg_delay:2.457143
avg_flowtime:23.857143
object function value:1366.666667
0
0
0
0
0
0
1
10
15
19
22
0
0
0
0
1
2
13
17
19
21
0
0
0
0
0
0
0
0
5
8
0
0
0
0
0
1
11
15
16
17
0
4
6
7
8
9
42
46
52
53
0
0
0
0
0
0
0
0
0
0
0
0
0
0
1
2
14
18
20
21
0
2
3
4
5
7
27
31
33
35
0
0
0
0
0
0
0
0
2
4
0
0
0
0
0
0
0
2
3
6
0
0
0
0
0
0
0
1
19
22
0
0
0
0
0
0
0
3
4
6
0
0
0
0
0
0
0
0
0
0
0
0
0
0
0
0
0
3
5
8
0
0
0
0
0
0
10
14
17
19
0
0
0
0
0
0
0
0
0
1
0
0
0
0
0
0
0
0
2
7
0
0
0
0
0
0
0
0
1
3
0
0
0
1
2
4
15
19
22
24
0
0
0
0
0
0
33
37
40
43
0
0
0
1
3
4
9
13
15
17
0
0
0
3
4
6
41
45
51
54
0
0
0
0
0
0
0
0
0
0
0
0
0
0
0
0
0
0
1
5
21
25
28
31
32
34
36
40
43
46
0
0
0
0
0
2
15
19
21
23
0
5
6
12
14
15
16
21
22
25
0
0
0
0
0
1
12
16
18
19
0
0
0
0
0
0
0
0
0
0
0
0
2
5
6
8
31
35
40
43
4
8
11
12
14
15
33
37
40
41
2
6
8
11
12
16
18
22
24
27
0
4
6
7
8
9
14
18
21
22
19
23
26
28
29
31
32
36
38
40
8
12
14
16
22
25
27
31
33
34
4
8
10
13
15
17
19
23
25
28
6
11
12
15
16
17
19
24
25
28
25
29
32
35
36
38
40
44
46
49
3
7
8
9
10
12
13
17
18
20
12
16
18
20
21
24
26
30
32
34
2
6
7
8
9
11
17
21
24
25
9
13
16
17
18
22
23
27
28
29
6
10
13
14
17
18
20
24
26
27
4
9
10
13
14
15
17
22
23
26
3
8
10
11
13
14
17
21
27
28
23
27
30
33
34
36
38
42
43
46
2
5
8
11
12
14
16
19
22
25
4
8
11
14
15
19
21
25
27
30
2
6
8
12
24
26
38
43
49
52
7
10
14
17
18
21
23
26
29
32
11
16
18
19
21
22
23
27
29
30
11
15
17
18
20
21
22
26
28
29
6
9
14
17
18
25
35
38
44
47
15
22
30
31
33
34
35
39
41
42
10
14
17
20
21
22
27
31
35
37
26
30
34
36
37
39
40
44
46
48
8
12
15
19
20
23
25
29
31
34
0
3
6
9
10
12
14
18
21
24
13
17
19
21
23
24
25
29
31
36
8
13
15
18
19
20
37
42
48
51
7
11
13
15
16
18
19
23
25
27
21
25
28
30
31
32
37
41
47
49
29
33
36
38
39
40
42
46
49
51
17
22
23
26
27
28
30
35
37
40
10
14
17
18
20
23
24
28
30
33
3
7
11
13
14
16
34
38
42
44
7
12
18
21
22
24
29
33
34
37
29
34
37
40
41
42
44
49
51
54
5
10
13
16
17
20
22
27
28
31
5
10
11
14
17
19
24
29
31
34
55
