time_cost:1273118ms
ontime_proportion:0.871429
max_delay:15
avg_delay:1.000000
avg_flowtime:21.957143
object function value:1017.619048
0
0
0
0
0
0
1
29
35
39
43
0
0
0
0
0
0
0
0
1
3
0
1
4
5
6
7
13
21
24
25
0
0
0
1
2
3
12
16
17
19
0
0
0
0
0
0
0
0
0
0
0
0
0
0
0
0
16
19
21
22
0
0
0
0
0
0
8
17
20
21
0
0
0
0
0
0
22
25
27
28
0
0
0
0
1
2
10
14
16
17
0
0
2
3
4
5
18
21
24
25
0
0
0
0
0
0
0
0
0
0
0
0
0
0
2
6
24
28
29
32
0
0
0
1
2
3
21
30
33
36
0
0
0
0
0
0
25
29
31
32
0
0
0
0
0
0
19
24
26
28
0
0
0
0
0
1
7
11
14
15
0
0
0
0
0
1
15
18
20
21
0
0
0
0
0
0
0
2
4
5
0
0
0
0
0
0
0
0
0
2
0
0
0
0
0
0
0
0
0
0
0
0
0
0
0
0
0
0
0
0
0
0
0
0
0
0
0
3
4
7
0
0
0
0
1
2
10
15
17
19
0
0
0
0
0
0
0
0
0
3
0
0
1
3
4
5
9
12
15
18
0
0
0
0
0
0
0
1
4
6
0
0
0
0
0
0
0
0
1
3
0
0
2
3
4
6
16
21
23
24
0
0
0
0
0
0
20
23
25
28
0
0
0
0
1
2
3
8
15
17
0
4
6
7
8
10
11
15
17
18
2
6
7
9
10
11
13
17
19
23
8
11
13
15
18
19
24
28
29
33
9
12
14
16
18
20
21
24
27
28
3
7
10
13
14
15
16
20
23
26
6
11
13
15
16
17
24
30
36
38
5
10
11
13
14
15
26
34
37
39
4
10
18
22
23
25
27
31
32
35
1
4
6
11
14
16
17
20
22
23
5
8
11
12
13
14
16
22
26
27
10
14
15
18
19
21
23
29
30
33
5
8
10
11
12
13
14
17
19
20
20
25
26
28
29
30
31
35
38
40
10
16
17
19
20
21
22
26
27
29
0
6
9
12
13
14
20
33
36
39
8
12
13
15
16
17
19
23
24
26
23
30
32
34
35
36
37
40
42
44
11
14
16
17
19
21
23
26
28
29
12
15
17
19
20
21
23
26
28
29
9
13
15
18
21
23
26
30
32
33
17
24
28
31
32
33
34
38
41
44
1
5
8
11
12
13
14
18
21
24
8
19
21
22
24
26
27
31
34
35
15
23
24
27
28
29
31
36
39
42
4
9
12
13
15
16
31
36
42
43
4
9
10
12
13
14
15
21
22
24
0
12
15
16
17
18
23
27
31
32
7
12
14
15
16
17
26
33
36
37
19
23
25
26
27
28
29
32
35
36
0
4
7
10
11
12
15
25
28
32
13
19
21
22
25
27
28
31
35
36
6
10
12
13
16
18
20
24
26
27
1
7
8
10
11
12
19
28
30
32
11
17
19
20
22
24
25
28
31
32
1
4
6
7
9
11
12
15
18
20
1
5
7
8
9
11
12
16
18
19
6
10
12
14
17
18
24
27
28
31
1
6
7
10
11
12
14
19
20
23
5
9
10
13
14
16
18
22
23
27
20
27
29
30
32
34
35
38
40
41
45
