time_cost:2650ms
ontime_proportion:0.785714
max_delay:12
avg_delay:1.342857
avg_flowtime:22.742857
object function value:1900.952381
0
0
0
0
0
0
1
29
33
36
37
0
0
0
0
0
0
0
0
2
3
0
0
0
0
2
4
16
21
22
25
0
0
0
1
2
3
15
20
22
23
0
0
0
0
0
0
0
0
0
2
0
0
0
0
0
0
0
3
4
5
0
0
0
0
0
0
20
27
29
30
0
0
0
0
0
0
0
0
1
2
0
0
0
0
0
0
0
0
0
1
0
0
0
0
0
0
0
0
1
2
0
0
0
0
0
0
0
0
0
4
0
0
0
0
0
0
0
2
11
19
0
0
0
0
0
0
0
1
2
3
0
0
0
2
4
6
21
27
30
31
0
0
0
0
0
1
12
17
19
24
0
0
0
0
0
0
0
0
0
0
0
0
0
0
1
2
25
29
31
32
0
0
0
0
0
0
0
1
4
10
0
0
0
0
0
0
0
0
1
4
0
0
0
0
0
0
0
0
0
0
0
0
0
2
4
6
14
18
21
32
0
0
0
0
1
3
17
24
27
28
0
0
0
0
0
0
12
19
21
23
0
0
0
0
0
0
0
0
2
3
0
0
0
0
2
4
26
30
33
37
14
17
20
21
25
27
31
34
39
40
0
0
0
0
0
0
0
0
1
2
0
0
0
0
0
1
12
15
18
19
0
0
0
0
0
1
34
37
39
40
0
0
0
0
0
0
15
18
21
22
4
9
11
12
17
20
26
31
35
36
8
22
25
26
28
30
32
35
38
39
1
5
6
17
22
25
27
31
32
38
0
3
6
7
9
11
13
16
19
20
11
14
15
18
20
22
25
29
30
33
3
7
8
11
13
15
17
21
22
25
5
8
11
14
16
18
19
22
25
30
6
11
13
15
16
17
18
23
25
26
11
14
17
19
20
21
23
26
28
30
11
15
16
19
21
23
25
29
32
35
8
12
13
16
20
22
24
28
29
32
9
13
15
20
24
26
28
31
32
37
11
16
21
23
25
27
31
35
37
39
0
3
4
5
7
9
20
25
26
27
7
12
14
15
18
20
22
27
29
30
7
13
14
15
18
29
33
38
40
41
11
14
15
16
22
24
26
29
30
35
2
6
7
15
17
19
21
25
26
29
3
7
10
13
20
23
25
29
30
33
14
18
20
21
24
25
30
34
37
38
1
4
5
8
12
14
23
28
30
33
8
11
13
14
15
16
17
20
21
22
8
11
14
17
22
24
29
32
36
39
3
8
10
11
12
13
15
24
26
27
5
9
10
11
12
13
15
19
20
21
4
8
9
13
15
17
19
23
24
27
4
7
10
13
15
17
18
21
24
27
1
4
5
6
8
10
12
16
19
22
8
12
14
15
19
21
23
27
28
29
9
12
13
16
18
20
22
26
27
32
11
15
18
21
23
25
27
31
33
36
2
6
7
8
9
28
32
37
39
41
6
10
12
13
14
15
17
21
22
23
0
3
4
8
10
12
14
17
19
20
2
5
8
9
11
13
16
21
24
28
1
4
5
6
7
8
10
13
16
17
5
8
9
10
11
12
17
20
21
24
5
8
9
10
11
12
13
16
17
18
7
11
12
13
17
18
28
32
36
37
0
5
7
8
14
18
20
25
27
28
42
