time_cost:3152ms
ontime_proportion:0.828571
max_delay:12
avg_delay:0.857143
avg_flowtime:20.257143
object function value:1389.523810
0
0
0
0
1
2
3
22
25
27
28
0
0
0
0
0
0
0
0
2
3
0
0
0
0
1
2
13
17
22
24
0
0
0
0
0
0
10
15
22
26
0
0
0
0
0
0
0
35
38
39
0
0
0
0
0
0
0
0
2
3
0
0
0
0
0
0
23
28
30
33
0
0
0
0
0
0
0
1
3
4
0
0
0
0
0
0
0
0
2
3
0
0
0
0
0
1
30
37
38
41
0
0
1
2
4
6
13
17
23
28
0
0
0
0
0
0
0
0
0
0
0
0
0
1
2
3
20
24
27
29
0
0
0
0
0
0
0
0
0
0
9
13
14
16
18
19
21
26
27
29
0
0
0
0
0
0
0
2
3
6
0
0
0
0
0
0
0
0
0
0
0
0
0
0
0
0
0
0
0
2
0
0
0
0
0
0
0
1
2
4
0
0
0
0
0
1
10
14
16
19
0
0
0
0
0
0
23
27
28
30
0
0
0
0
0
0
0
0
0
0
0
0
0
0
0
0
20
24
25
27
0
0
0
0
0
0
0
0
0
2
0
0
0
0
0
0
13
17
18
21
0
0
0
0
0
2
10
14
15
18
0
0
0
0
0
0
0
0
0
0
0
0
0
0
0
0
0
0
0
0
0
0
0
0
0
0
0
0
0
0
0
0
0
0
0
0
0
0
0
0
0
4
5
8
9
11
13
17
19
22
4
9
10
13
14
15
17
22
23
26
9
14
18
22
23
24
25
29
32
36
20
25
28
30
31
32
33
38
39
41
6
11
14
17
18
19
28
33
35
38
9
13
16
19
20
21
22
26
29
32
6
11
12
14
16
17
26
30
33
35
4
8
11
14
15
16
17
21
25
28
5
9
10
12
14
15
21
27
28
30
10
13
15
16
17
18
19
22
24
25
8
12
18
21
22
23
24
29
32
35
2
7
8
11
12
13
15
20
21
24
6
10
13
14
15
18
19
22
25
26
2
7
8
10
11
12
13
18
19
21
11
17
19
20
21
22
23
26
28
29
4
7
9
10
12
14
17
20
23
24
5
9
11
12
16
18
19
24
26
27
0
4
6
7
8
10
11
15
17
18
5
8
10
11
13
15
16
19
21
22
7
10
14
15
16
17
18
21
24
25
2
6
7
10
11
13
15
19
22
25
2
6
7
9
10
11
12
16
17
19
2
8
10
11
13
15
16
19
23
26
7
10
11
13
16
17
28
31
33
35
19
24
27
28
29
30
31
34
37
38
14
17
20
22
23
24
25
28
29
31
2
5
9
10
11
13
16
19
27
30
5
10
14
16
18
19
29
34
38
40
14
18
21
22
23
24
25
29
31
32
0
5
11
14
15
16
18
23
24
27
8
11
13
14
15
16
17
20
22
23
3
6
8
9
10
11
12
15
18
19
7
11
12
15
19
20
23
27
28
31
1
5
8
11
17
18
26
32
35
38
14
18
21
23
24
25
26
29
31
33
0
4
5
8
9
11
22
28
30
33
10
15
17
18
19
21
22
27
30
31
8
12
14
15
17
19
20
24
26
28
0
3
6
7
8
9
30
35
40
41
17
22
24
25
26
27
28
31
35
36
42
