time_cost:1164013ms
ontime_proportion:0.842857
max_delay:15
avg_delay:1.685714
avg_flowtime:23.542857
object function value:1356.190476
0
0
0
0
0
1
2
32
37
38
39
0
0
0
0
0
0
0
0
0
1
0
0
0
0
0
0
0
0
1
4
0
0
0
0
0
1
25
32
35
37
0
2
3
4
5
6
8
11
12
14
0
0
0
0
0
0
0
0
0
2
0
0
0
0
0
0
0
0
0
0
0
0
0
0
0
0
0
0
0
1
0
0
0
0
0
0
20
31
34
36
0
0
0
0
0
0
0
0
0
1
0
0
0
0
3
5
31
36
38
41
0
0
0
0
0
0
0
3
4
5
0
0
0
0
2
4
26
34
36
39
0
0
0
0
0
0
0
0
0
0
0
0
0
1
2
3
6
10
11
12
0
0
0
0
1
2
13
18
20
21
0
0
3
4
6
8
12
19
22
23
0
0
0
0
0
0
0
0
3
6
0
0
0
0
3
5
28
34
37
40
0
0
0
0
0
1
4
11
13
14
0
0
0
0
0
0
0
0
0
2
0
0
0
0
1
3
5
11
13
15
0
0
0
0
0
0
9
17
20
22
0
0
0
0
0
0
0
0
2
5
0
0
0
0
0
0
0
1
4
6
0
3
4
6
7
9
16
22
25
27
0
4
5
6
7
8
23
27
28
29
0
0
0
0
0
0
25
31
34
36
0
0
0
0
0
0
0
3
5
7
0
0
0
0
1
3
10
16
17
19
12
18
21
22
24
26
28
35
38
42
0
4
7
9
10
11
18
29
32
35
9
15
18
20
21
22
24
29
32
34
0
5
8
10
11
13
15
24
27
29
0
4
7
10
11
12
32
38
41
43
16
21
24
25
27
29
30
38
41
42
3
7
9
12
13
15
16
20
22
25
20
30
33
35
36
38
39
45
48
50
22
27
30
32
33
35
36
41
44
46
8
14
16
17
19
20
22
27
29
30
24
28
31
33
35
36
38
43
46
48
9
15
17
20
21
23
25
34
36
40
0
12
15
18
22
24
26
36
39
40
4
9
12
14
15
17
18
23
26
28
10
19
21
22
23
25
27
37
39
40
23
28
31
33
34
36
37
42
45
47
4
8
10
11
13
14
16
21
23
25
5
11
14
16
17
18
20
26
29
31
4
8
11
12
14
16
17
24
27
28
8
13
15
16
18
19
32
41
43
44
0
3
4
5
6
7
9
13
14
15
5
12
15
17
18
20
21
27
30
34
7
11
12
13
18
21
23
30
31
32
1
5
7
8
10
11
13
17
19
20
3
8
11
13
14
16
17
22
25
27
11
15
16
18
19
21
22
26
27
30
19
24
25
27
28
30
31
35
36
38
15
20
22
24
25
27
35
41
42
44
8
12
13
14
16
17
19
25
27
28
8
13
16
18
19
20
35
44
47
49
20
25
28
30
31
32
34
38
41
44
12
16
17
19
23
25
27
31
32
35
14
22
24
25
27
28
30
35
37
38
3
8
11
13
14
16
17
23
26
28
13
21
24
26
27
29
30
36
39
41
10
15
18
20
21
23
27
32
35
37
0
4
7
9
10
11
13
17
20
22
4
9
11
12
16
18
20
32
34
37
12
17
19
20
21
23
26
33
35
36
2
6
8
11
12
14
15
19
21
24
51
