time_cost:1312098ms
ontime_proportion:0.871429
max_delay:17
avg_delay:1.114286
avg_flowtime:24.671429
object function value:1108.095238
0
0
0
0
0
0
0
1
6
7
9
0
0
0
0
1
2
8
13
15
19
0
0
1
4
5
6
9
14
19
22
0
0
0
0
0
0
0
0
2
3
0
0
0
2
3
4
11
17
20
22
0
0
0
1
2
3
11
16
18
21
0
0
0
0
0
0
0
0
0
0
0
0
0
2
3
4
11
15
16
18
0
0
1
2
4
5
28
31
34
35
0
0
0
2
5
6
35
41
42
45
0
0
0
2
3
4
15
19
20
22
0
0
0
0
0
1
13
16
17
19
0
0
0
0
0
0
0
4
5
7
0
0
0
0
0
0
14
19
23
25
0
0
2
3
4
5
18
21
24
25
0
0
0
0
0
1
22
25
27
28
0
0
0
0
0
0
0
0
2
4
0
0
0
0
0
0
0
0
0
2
0
0
0
0
0
0
0
0
0
0
0
0
0
0
1
2
7
12
13
15
0
0
0
0
0
0
0
0
2
5
0
0
0
0
4
5
19
25
26
28
0
4
5
8
9
10
16
21
23
26
0
3
5
6
7
8
12
15
18
19
0
0
0
0
2
5
15
20
21
24
0
0
0
0
0
0
0
0
0
0
0
0
0
0
0
0
0
3
6
9
0
0
0
0
0
0
22
25
31
32
0
0
0
0
1
3
23
27
29
30
0
0
0
0
0
0
24
28
31
32
8
11
13
14
16
19
30
35
37
38
14
18
20
21
23
24
38
43
45
46
18
22
28
31
32
34
39
43
46
49
2
7
8
10
11
12
19
24
25
27
11
15
17
18
20
21
37
42
45
46
4
7
9
10
11
12
30
34
36
37
7
14
16
17
18
20
31
36
38
39
5
9
12
15
16
17
18
22
25
28
13
20
21
23
24
25
33
41
42
44
0
3
6
7
8
9
27
30
33
34
20
24
26
27
28
30
31
36
38
40
4
8
9
11
12
13
15
19
21
24
0
3
4
6
7
8
24
27
30
32
3
6
9
10
11
12
16
20
22
23
25
29
31
32
33
34
35
39
41
42
16
22
24
25
26
28
35
41
44
45
4
8
10
11
12
14
16
20
23
24
17
20
22
23
25
27
40
44
46
47
2
5
8
9
10
11
14
17
20
21
0
5
8
11
12
13
28
33
37
40
9
14
15
18
19
20
22
27
28
31
0
4
6
7
8
10
40
45
47
48
8
13
15
17
20
22
38
44
47
49
4
14
17
20
22
23
27
31
34
37
8
11
12
14
15
16
24
27
29
32
3
8
10
12
13
14
20
25
28
30
13
16
18
20
21
22
23
26
27
29
6
9
11
12
14
16
19
22
24
25
8
12
15
16
17
18
21
25
28
29
20
23
25
26
27
28
32
37
39
40
3
8
9
12
13
14
36
42
44
47
8
11
14
15
16
17
19
22
25
26
1
5
6
8
9
10
22
26
30
33
3
8
10
13
14
15
28
34
35
38
4
9
12
16
19
21
33
38
41
44
11
17
19
20
21
23
24
28
30
31
11
17
18
20
21
22
26
30
32
34
6
11
12
15
16
17
19
24
25
28
15
18
22
23
24
25
33
38
41
42
8
13
14
17
18
19
21
26
27
30
50
