time_cost:1232192ms
ontime_proportion:0.785714
max_delay:17
avg_delay:1.828571
avg_flowtime:28.014286
object function value:2076.666667
0
0
0
0
0
2
4
13
24
27
28
0
0
0
0
0
0
8
13
16
19
0
0
0
0
0
0
0
0
0
0
0
0
0
2
3
5
10
16
19
22
0
0
0
0
0
0
13
25
27
28
0
0
0
0
0
2
9
15
18
21
0
0
0
0
0
0
0
0
1
4
0
0
0
0
0
0
0
0
0
0
0
0
2
3
5
7
17
30
33
34
0
0
0
0
0
0
0
0
0
0
0
0
0
0
0
1
13
21
24
26
0
0
0
0
0
0
0
0
0
4
0
0
0
0
0
0
0
1
4
7
0
0
0
1
2
4
19
33
34
36
0
0
0
1
2
4
24
34
37
40
0
0
0
0
1
3
9
13
17
20
6
12
15
18
19
21
22
25
28
31
0
0
0
0
0
0
0
20
23
25
0
0
0
0
0
0
12
18
21
22
0
0
0
0
0
0
0
0
0
2
0
0
0
0
0
0
0
0
0
3
0
0
0
0
0
1
13
18
20
23
0
0
0
0
0
0
19
29
31
34
0
0
0
0
0
0
0
0
0
0
0
0
0
0
0
0
20
32
35
38
0
0
0
0
0
0
0
2
6
7
0
0
0
0
0
0
22
33
35
38
8
13
15
18
19
20
21
34
36
39
0
0
0
0
0
0
16
23
26
29
0
0
3
6
7
8
21
32
34
37
11
17
20
23
24
26
27
31
34
37
5
10
13
14
15
17
18
24
27
28
9
18
21
22
24
26
28
35
38
39
3
7
11
12
14
15
16
28
30
31
19
28
31
32
33
35
36
40
43
44
6
11
14
16
20
22
25
37
41
42
0
10
12
16
18
19
24
37
39
42
3
8
11
12
21
23
27
39
42
43
5
9
12
14
17
19
20
27
28
30
8
13
17
20
21
23
24
34
37
40
4
8
9
11
14
16
19
30
31
33
3
6
8
12
13
14
26
40
42
45
12
19
22
23
25
27
28
42
45
46
5
9
11
14
16
17
18
23
25
30
8
14
16
17
19
20
22
28
30
33
8
14
16
17
19
20
21
31
33
34
0
4
5
7
8
10
11
16
22
24
6
10
14
15
16
18
19
26
29
30
0
3
4
7
8
10
12
16
25
28
1
5
6
8
9
11
12
19
24
26
5
11
13
16
18
19
23
33
35
38
14
22
24
25
27
28
30
37
41
42
1
5
8
9
11
13
15
22
25
26
2
6
8
11
12
13
16
26
28
31
4
8
10
16
20
21
23
37
40
45
0
3
7
10
12
14
23
38
43
46
2
6
9
10
12
14
16
20
23
27
4
9
10
12
15
17
20
31
32
37
13
20
23
24
25
27
28
39
42
44
15
27
30
31
33
35
37
41
44
45
1
5
8
9
13
15
17
27
30
31
9
16
18
21
23
24
25
38
40
44
4
8
11
14
18
19
22
35
38
41
13
20
22
25
26
27
28
36
39
42
9
17
19
22
24
25
26
35
38
43
0
4
6
7
11
12
16
30
32
35
0
4
7
8
10
12
15
23
26
28
9
15
18
19
21
23
25
30
33
34
7
10
14
17
23
25
26
39
43
46
0
3
7
8
9
11
27
43
46
47
48
