time_cost:2412ms
ontime_proportion:0.742857
max_delay:22
avg_delay:2.714286
avg_flowtime:27.228571
object function value:2479.047619
0
0
0
0
0
3
4
24
35
36
37
0
0
0
0
0
0
0
0
0
1
0
0
0
0
0
0
0
0
1
4
0
0
0
0
0
1
16
23
26
29
0
2
3
4
5
6
10
14
16
19
0
0
0
0
0
0
0
0
0
2
0
0
0
0
0
0
0
0
0
0
0
0
0
0
0
0
0
0
0
1
0
0
0
0
0
0
13
22
25
27
0
0
0
0
0
0
0
0
0
1
0
0
0
0
4
9
37
46
48
51
0
0
0
0
0
0
0
3
4
5
0
0
0
0
0
2
13
20
22
25
0
0
0
0
0
0
0
0
0
0
0
0
0
1
3
5
30
37
39
40
0
0
0
0
2
3
29
39
41
42
0
0
3
4
6
8
18
33
36
40
0
0
0
0
0
0
0
0
3
5
0
0
0
0
1
3
17
26
29
32
0
0
0
0
0
1
33
40
42
43
0
0
0
0
0
0
0
0
0
1
0
0
0
0
1
3
23
30
32
33
0
0
0
0
0
0
16
28
30
35
0
0
0
0
0
0
0
0
2
5
0
0
0
0
0
0
0
1
4
6
0
3
4
6
7
9
10
18
19
22
0
4
5
6
7
8
22
32
33
34
0
0
0
0
0
0
16
25
28
30
0
0
0
0
0
0
20
34
36
41
0
0
0
0
1
3
12
19
21
23
13
19
22
23
25
27
34
45
48
49
0
4
7
9
10
13
21
36
39
41
9
16
19
21
22
23
25
29
32
35
0
16
19
21
22
24
25
30
33
36
12
16
19
21
22
23
26
32
35
38
21
27
30
31
33
35
36
40
43
44
12
19
21
24
25
27
28
33
35
38
25
32
35
37
38
40
41
46
49
51
21
29
32
34
35
37
38
43
46
48
5
9
11
12
14
15
17
21
23
26
9
14
17
19
20
21
31
37
40
42
7
14
16
19
20
22
23
27
29
32
0
4
7
8
11
14
25
37
40
48
4
11
14
16
17
19
20
25
28
30
8
14
16
17
26
28
30
39
41
42
9
14
17
19
20
22
28
35
38
40
8
12
15
17
19
20
30
38
42
43
8
14
17
19
20
21
23
28
31
35
4
8
11
12
14
16
17
21
24
25
13
17
19
20
22
23
27
33
35
38
0
3
4
5
6
7
30
38
40
41
3
8
11
15
24
26
27
36
39
41
5
8
9
10
11
12
14
17
18
19
1
5
7
8
10
11
16
31
33
34
3
8
11
14
16
18
19
24
27
29
6
11
15
17
23
25
32
40
41
43
0
4
5
7
8
10
14
20
21
25
8
12
13
15
18
20
26
36
37
39
9
13
14
15
17
18
19
23
24
25
5
11
14
16
18
25
33
41
44
46
5
29
32
34
35
36
38
42
45
47
23
28
29
31
32
34
35
39
40
42
8
12
14
15
19
20
22
35
37
39
3
8
11
13
14
16
17
22
25
27
2
11
14
16
17
19
20
25
28
34
4
9
12
14
15
17
18
23
26
28
0
4
7
9
10
11
13
17
20
22
11
19
21
22
23
25
27
32
34
35
12
19
21
22
23
26
33
44
46
47
2
6
8
11
12
14
28
35
37
40
52
