time_cost:1068001ms
ontime_proportion:0.785714
max_delay:18
avg_delay:2.114286
avg_flowtime:23.571429
object function value:1928.571429
0
0
0
0
0
0
0
0
0
0
0
0
0
0
0
0
0
0
0
2
5
0
0
0
0
0
0
0
0
0
0
0
0
0
0
0
0
0
0
0
1
1
2
4
5
7
8
27
31
33
34
0
0
0
0
0
0
0
0
1
5
0
0
0
0
0
0
10
12
16
19
0
0
0
0
0
1
2
12
16
20
0
0
0
0
1
3
25
30
32
33
0
1
4
6
9
11
37
42
45
47
0
0
0
0
0
1
3
7
15
17
0
0
2
3
5
6
9
13
16
23
0
0
0
0
0
0
0
2
5
7
0
0
0
0
0
0
0
0
0
0
0
0
0
0
0
2
8
15
17
18
0
0
0
0
0
0
2
6
8
9
0
0
0
0
0
0
0
0
0
0
0
0
1
2
3
4
14
18
19
20
0
0
1
4
5
7
14
23
25
29
0
0
1
3
4
5
23
27
28
29
0
4
5
7
8
10
33
37
38
40
0
0
0
0
0
0
0
2
4
6
0
0
0
0
0
0
0
2
3
4
0
0
0
0
0
0
31
36
37
39
0
5
8
10
11
13
14
19
22
24
0
2
4
7
10
12
33
37
39
42
0
0
0
0
1
3
18
24
30
33
0
0
0
0
0
0
11
15
19
22
0
0
0
0
0
0
0
1
2
4
0
0
0
0
0
1
35
39
42
43
13
17
20
22
23
24
26
30
33
35
4
9
11
12
13
15
17
23
25
26
13
17
18
19
20
21
22
26
27
28
10
14
18
19
21
22
26
29
32
33
5
9
13
14
22
24
28
39
42
43
18
22
23
25
26
28
29
33
34
36
5
9
10
12
13
15
18
22
24
26
7
10
11
12
13
14
18
23
24
25
5
11
12
14
16
17
20
24
26
27
3
8
10
13
14
16
17
21
23
26
3
7
9
10
12
13
17
21
23
26
0
8
11
13
14
16
18
28
31
35
13
18
21
23
24
26
34
39
42
44
13
18
21
24
25
27
28
33
36
38
21
25
28
29
31
33
37
42
45
46
2
5
6
7
8
9
30
33
34
35
7
11
12
15
17
18
22
26
27
30
0
5
8
10
25
27
36
42
45
47
12
17
20
22
23
25
26
31
34
37
10
13
14
15
16
17
19
23
24
25
17
22
25
27
28
30
31
36
39
41
10
14
15
16
17
18
19
23
25
26
9
14
17
21
22
24
26
31
34
36
7
11
13
17
18
20
21
25
29
33
9
13
14
15
16
17
31
34
35
36
9
14
17
19
20
22
26
34
37
39
6
10
12
15
20
22
25
29
31
36
16
20
23
25
26
27
29
33
36
38
0
4
5
6
7
8
14
20
21
22
9
13
15
16
18
19
22
28
30
31
12
16
18
19
21
22
24
28
30
31
5
8
9
11
12
13
35
38
40
41
6
12
14
17
18
20
25
29
31
34
6
10
11
13
15
17
22
27
28
30
11
15
16
18
19
21
22
27
28
31
1
5
7
8
10
11
13
17
19
20
2
6
9
11
12
13
15
19
22
25
23
27
28
30
31
33
38
45
46
48
23
26
27
28
29
30
32
35
36
37
5
11
13
16
17
19
21
27
29
32
49
