time_cost:3769ms
ontime_proportion:0.771429
max_delay:14
avg_delay:1.585714
avg_flowtime:24.557143
object function value:2104.285714
0
0
0
1
2
3
4
11
15
16
17
0
0
1
2
4
6
11
16
17
23
0
0
0
0
4
6
25
30
35
38
0
0
2
3
5
7
9
14
16
18
0
0
0
0
0
0
0
0
0
2
0
0
0
0
0
0
0
0
0
0
0
0
0
0
0
0
0
0
0
1
0
0
0
0
0
0
0
0
0
1
0
0
0
0
0
0
13
18
21
24
0
0
0
0
2
4
8
15
16
17
0
0
0
0
0
0
0
0
1
4
0
0
0
0
0
0
0
3
4
6
0
0
0
0
0
0
23
29
35
37
0
0
0
1
5
8
27
32
39
42
0
0
0
0
0
0
11
16
18
23
0
0
0
0
0
1
4
10
12
21
0
0
0
0
0
0
0
0
0
0
0
0
0
3
6
8
14
23
26
27
0
0
0
0
0
1
19
29
31
34
0
0
0
0
0
0
25
31
35
36
0
1
2
5
7
9
20
24
29
32
0
0
0
0
0
0
9
14
16
17
0
0
0
0
1
2
16
20
22
24
0
0
0
0
1
3
14
20
23
30
0
0
0
0
0
0
0
1
2
3
0
0
0
0
0
0
0
0
0
0
0
0
0
0
3
5
17
23
32
35
0
0
0
0
0
0
0
0
0
0
0
3
6
7
9
20
22
25
28
29
0
0
0
0
1
3
10
15
17
18
8
13
16
18
20
22
30
38
44
46
0
3
4
5
7
8
28
33
36
37
7
12
15
16
18
20
22
25
29
30
10
15
18
19
21
23
25
28
34
35
0
3
4
5
6
7
20
24
30
31
5
8
9
10
16
18
30
34
37
38
8
12
15
18
20
22
23
26
31
35
11
16
19
20
22
23
26
31
36
37
1
7
10
13
16
18
20
23
26
27
3
6
8
10
12
14
15
18
20
22
11
19
24
27
29
31
32
35
38
41
9
13
14
15
20
24
25
28
29
30
17
20
24
27
30
32
34
37
38
41
1
4
5
8
11
18
28
32
41
44
6
11
12
13
18
20
22
26
27
28
0
5
7
8
10
12
14
19
21
22
8
12
15
20
22
24
26
29
32
33
5
8
10
12
13
14
15
18
20
22
20
24
31
33
34
35
36
39
41
43
3
10
12
13
14
15
16
21
26
27
5
8
9
10
12
13
17
27
28
30
8
11
14
15
18
22
24
27
30
34
4
9
12
18
23
25
28
33
37
40
7
10
12
14
15
16
17
22
27
29
5
8
11
12
14
16
18
21
24
25
20
26
33
34
35
36
37
42
44
45
1
4
5
8
10
12
14
17
18
21
0
5
8
9
10
11
12
17
22
23
1
5
6
10
12
14
16
20
21
24
3
9
10
11
13
14
17
26
27
28
8
12
13
16
18
20
22
25
28
32
0
4
5
12
14
16
18
22
23
26
4
7
8
9
14
16
18
23
27
29
7
12
13
16
20
22
24
28
29
36
11
16
18
21
23
25
28
33
43
46
13
19
23
26
28
30
32
35
36
39
3
8
10
11
16
17
23
28
34
35
6
10
11
12
16
18
20
24
25
26
14
21
27
29
31
32
33
36
42
44
1
6
8
10
11
12
13
18
20
22
48
