time_cost:2619ms
ontime_proportion:0.728571
max_delay:21
avg_delay:2.871429
avg_flowtime:26.228571
object function value:2588.571429
0
0
0
0
0
0
0
0
14
19
20
0
0
0
0
0
0
0
0
0
0
0
0
0
0
0
0
0
29
36
39
0
0
0
3
4
6
13
26
29
32
0
0
2
5
7
8
12
16
18
22
0
0
0
0
0
0
0
0
0
1
0
0
0
0
0
0
27
35
38
41
0
0
0
0
0
0
31
40
43
46
0
0
0
0
0
0
0
2
4
7
0
0
0
0
0
0
0
0
0
0
0
0
0
1
3
4
19
23
25
26
0
0
0
0
0
0
0
0
0
3
0
0
0
0
2
3
8
15
17
18
0
0
0
0
0
1
19
27
29
32
0
0
2
5
6
8
16
29
32
35
0
0
0
2
3
4
28
38
40
43
0
0
0
0
0
0
0
0
0
0
0
0
2
3
5
6
12
16
18
21
0
0
0
0
0
0
0
2
5
6
0
0
0
0
0
0
0
0
0
2
0
0
0
0
0
0
0
0
0
0
0
0
0
0
0
0
16
34
38
39
0
0
0
0
0
0
28
36
42
43
0
0
0
0
0
0
0
0
2
6
0
1
3
4
6
7
8
13
16
19
0
0
0
0
0
0
25
33
35
38
0
0
0
0
0
2
31
46
47
49
0
0
0
0
0
0
0
0
0
0
0
0
0
0
0
0
0
1
35
38
0
0
0
0
0
1
11
22
23
26
11
20
22
23
25
26
30
39
41
42
1
12
15
18
19
21
22
25
28
31
5
10
12
13
15
16
18
23
25
26
13
22
25
28
29
31
32
35
38
42
0
30
33
36
37
39
40
43
46
49
7
12
15
16
18
19
20
31
36
37
0
4
6
10
14
15
28
37
39
40
1
6
7
10
13
21
27
36
38
41
23
28
30
33
35
36
37
41
43
46
7
11
13
16
18
19
20
29
33
36
7
13
18
21
22
24
25
28
31
34
4
7
10
15
16
18
19
24
27
30
22
26
30
33
34
36
37
41
44
47
4
8
10
13
15
16
17
21
23
26
3
7
8
10
11
13
14
18
19
21
8
12
15
16
18
20
23
29
32
34
0
4
5
7
8
10
18
22
23
25
0
3
6
9
10
12
13
16
26
29
7
11
13
16
18
19
20
24
26
29
1
5
6
8
9
11
12
16
17
19
4
7
10
11
12
14
15
18
21
22
4
10
12
17
19
20
21
27
30
33
10
14
16
17
20
22
30
39
41
42
16
20
23
24
26
28
31
46
49
50
0
5
7
8
10
11
13
18
21
25
1
4
7
8
13
15
16
21
24
25
16
19
20
23
24
26
28
32
33
36
9
17
20
21
23
25
27
31
34
36
4
9
10
14
16
18
24
32
33
35
1
5
6
9
10
12
13
17
18
20
4
8
9
11
12
14
15
19
21
24
5
10
12
15
17
18
19
24
26
29
9
20
22
23
25
26
27
33
37
38
8
12
14
17
19
20
21
25
27
35
4
8
11
12
16
18
24
33
37
38
25
33
36
37
38
40
41
44
47
48
2
7
9
10
12
13
15
20
22
23
5
9
10
12
14
16
17
23
24
26
8
25
29
30
32
34
36
43
46
47
10
17
20
25
26
28
29
32
35
38
51
