time_cost:1064484ms
ontime_proportion:0.814286
max_delay:20
avg_delay:2.057143
avg_flowtime:27.214286
object function value:1764.285714
0
0
0
0
0
1
2
16
20
21
22
0
5
8
12
13
15
34
42
45
47
0
0
0
0
0
0
0
0
1
4
0
0
2
3
5
6
14
20
22
23
0
1
4
5
21
25
32
39
41
42
0
0
0
0
0
0
0
0
3
5
0
0
1
3
4
6
14
18
19
21
0
0
0
0
0
1
11
17
19
21
0
0
0
0
5
7
26
33
35
38
0
0
0
0
0
1
21
25
26
27
0
0
0
0
0
0
26
32
35
36
0
0
0
0
0
0
28
34
36
39
0
0
0
2
3
5
14
23
26
28
0
0
0
0
1
3
13
21
23
24
0
0
0
0
0
0
0
0
2
3
0
0
0
0
0
1
23
28
31
33
0
0
0
0
0
0
25
31
33
37
0
0
0
0
1
2
30
36
39
41
0
0
0
0
0
2
16
21
24
27
0
0
0
0
0
0
0
0
0
1
0
0
0
3
22
24
31
37
39
42
0
0
0
0
2
3
12
17
19
20
0
0
0
0
0
0
0
1
3
6
0
0
3
4
13
15
29
33
36
37
0
0
0
0
0
0
0
0
2
3
0
0
0
0
0
0
12
19
22
25
0
0
0
0
0
0
0
0
0
1
0
0
0
1
3
5
34
39
42
44
0
3
5
6
7
9
20
26
28
29
0
0
0
0
0
0
0
2
3
4
7
12
16
18
26
28
30
36
38
40
11
18
20
21
24
26
33
39
41
42
1
5
6
7
9
11
24
27
28
29
3
7
10
12
13
14
30
34
37
39
0
3
4
5
6
7
18
21
22
23
10
15
20
22
23
24
31
36
39
41
9
15
17
19
21
22
28
32
34
35
10
14
19
20
28
30
35
41
44
45
5
9
12
14
15
16
18
22
25
27
7
12
15
17
18
19
24
28
31
33
13
18
20
21
22
24
28
35
37
38
4
8
10
14
17
19
25
29
33
36
8
15
17
18
20
21
27
31
33
34
3
7
9
10
12
13
16
20
22
23
6
9
10
11
12
13
17
20
21
22
13
17
18
19
23
24
32
37
38
39
2
14
17
19
20
22
25
33
36
40
3
7
8
10
11
13
16
20
21
23
0
4
6
7
9
10
19
24
26
27
5
10
13
15
16
18
23
28
31
33
7
12
15
17
19
23
29
35
38
40
9
13
15
18
24
26
30
37
39
42
11
17
20
22
26
28
30
38
41
43
20
25
28
30
31
32
34
38
41
43
0
4
5
7
8
9
20
24
25
26
3
7
8
10
11
13
22
26
29
31
2
6
9
11
13
15
34
41
44
46
25
31
34
36
37
39
40
45
48
50
11
14
15
17
19
20
28
31
32
33
7
11
12
14
15
17
19
23
24
26
0
8
11
13
16
18
20
25
28
30
5
9
12
13
15
17
18
22
25
27
14
27
30
32
33
35
36
44
47
49
23
29
32
34
35
37
38
44
47
49
9
15
18
20
21
23
25
30
33
35
0
4
6
7
9
10
16
21
23
24
5
10
12
13
14
16
18
23
25
26
9
13
14
16
18
20
21
25
26
28
7
12
13
15
19
21
22
26
27
29
4
11
14
16
17
19
20
26
29
31
51
