time_cost:1087294ms
ontime_proportion:0.785714
max_delay:19
avg_delay:2.085714
avg_flowtime:25.157143
object function value:1981.428571
0
0
0
0
0
0
1
13
18
22
24
0
0
3
5
6
8
9
16
19
21
0
0
0
0
0
0
0
1
3
4
0
0
1
2
3
4
18
22
23
24
0
0
0
0
0
0
0
0
2
4
0
0
1
3
4
5
23
28
31
33
0
0
0
1
2
3
30
35
36
37
0
0
0
0
0
1
14
26
34
37
0
0
0
0
0
0
0
3
5
7
0
0
0
0
0
0
0
0
2
5
0
0
0
0
0
2
7
13
17
18
0
0
0
0
0
0
18
23
26
28
0
0
0
0
0
1
21
25
28
29
0
0
0
2
4
6
34
40
43
45
0
3
6
8
10
11
16
24
27
29
0
0
0
0
0
0
27
35
38
40
0
0
0
0
0
0
0
0
0
0
0
0
0
0
0
0
0
0
1
2
0
3
4
6
7
9
12
17
18
20
0
3
4
5
6
7
9
13
14
15
0
4
6
7
8
10
19
26
28
29
0
0
0
0
0
0
0
0
1
2
0
0
0
0
0
0
0
0
0
1
0
0
0
1
2
4
24
33
37
38
0
0
0
0
0
0
36
43
46
48
0
0
0
0
0
0
24
28
30
31
0
1
4
5
8
10
14
19
22
26
0
0
0
0
1
2
34
38
41
43
0
0
0
0
0
0
0
0
0
2
0
0
0
0
0
0
0
0
0
0
3
9
11
14
15
17
32
36
38
41
19
23
24
25
26
27
28
32
33
34
28
32
34
35
37
38
40
45
47
48
3
8
11
13
14
16
18
23
26
28
19
29
32
34
35
37
38
47
50
52
7
11
13
16
17
19
22
26
28
31
27
32
35
37
38
40
41
46
49
51
6
9
10
11
12
14
16
21
22
23
24
29
30
31
32
33
34
38
39
40
20
24
25
27
28
30
32
36
37
39
7
11
14
15
22
24
38
43
46
47
23
28
31
33
34
36
37
42
45
47
7
11
13
14
16
17
19
23
26
27
8
13
16
18
19
21
27
32
35
37
15
19
22
23
25
27
34
38
41
42
11
15
16
17
18
19
26
31
32
34
16
21
24
26
27
28
30
34
37
39
0
4
5
6
7
8
11
18
19
20
8
16
17
18
19
20
23
28
29
30
3
10
13
15
17
19
20
25
28
30
3
7
9
10
12
13
15
19
21
22
11
15
16
17
21
22
29
37
38
39
4
8
10
13
14
16
17
21
23
26
0
4
7
9
10
11
28
35
39
41
4
10
12
13
17
20
36
41
43
44
7
12
15
17
19
20
39
46
49
51
1
5
6
8
9
11
12
22
23
25
3
7
9
10
12
13
15
19
21
24
11
16
18
19
20
22
25
30
33
34
10
14
16
19
20
22
23
27
29
32
21
25
26
27
28
29
30
34
35
36
2
7
10
14
15
17
32
37
40
42
13
17
19
22
23
25
27
33
35
38
12
16
19
20
22
24
25
30
33
35
4
10
11
13
16
18
19
24
25
27
2
7
10
12
13
15
16
21
24
26
1
6
8
9
10
12
14
19
21
22
8
14
17
19
20
22
25
31
34
36
5
16
19
21
22
24
29
35
38
40
8
12
15
17
18
19
23
28
31
33
53
