time_cost:9331ms
ontime_proportion:0.614286
max_delay:24
avg_delay:3.842857
avg_flowtime:30.885714
object function value:3886.666667
0
0
0
0
0
0
0
13
22
26
29
0
0
0
0
0
0
0
0
0
0
0
0
0
1
4
6
21
29
30
33
0
0
0
0
0
0
0
20
24
25
0
0
0
1
3
4
13
24
26
27
0
0
0
0
0
2
20
33
34
37
0
0
0
1
3
5
16
26
27
29
0
0
0
0
0
0
0
0
3
6
0
0
0
0
2
4
13
21
24
25
0
0
0
0
0
0
12
18
20
21
0
0
0
0
0
0
17
30
33
34
0
0
0
0
0
0
0
0
0
0
0
0
0
0
2
3
12
17
19
20
0
0
0
0
0
0
13
19
21
22
0
0
0
0
1
6
18
27
34
38
0
0
0
0
0
0
0
1
2
5
0
0
0
0
1
2
12
19
21
22
10
17
20
21
22
24
25
29
32
33
0
0
2
3
5
7
13
22
25
30
0
0
0
3
4
6
21
34
37
40
0
0
0
0
0
0
0
0
0
0
0
0
0
0
0
0
0
0
1
6
0
0
0
0
0
2
14
24
27
28
0
0
0
0
0
1
23
30
33
35
0
0
0
0
0
0
0
0
4
7
0
2
5
6
7
9
14
30
33
34
0
1
4
5
8
10
21
35
38
39
0
1
2
4
9
11
23
38
39
41
0
0
1
2
6
8
20
33
36
39
0
0
0
0
2
4
13
24
27
28
0
3
6
9
10
12
17
32
37
41
2
6
8
11
13
14
15
20
28
32
5
9
11
12
14
15
16
20
22
23
6
13
15
18
19
20
23
36
41
44
3
7
9
15
17
18
19
23
25
28
7
11
14
17
18
19
20
27
31
34
5
9
12
13
15
17
19
26
29
30
9
16
17
19
20
22
24
39
40
42
4
7
12
15
16
20
27
33
36
40
8
13
15
17
23
25
27
36
38
40
9
14
17
18
19
21
22
27
32
35
0
3
5
8
9
10
24
30
33
36
12
19
22
23
25
27
28
42
46
47
1
4
7
12
20
22
27
40
44
47
2
10
17
20
21
22
24
31
34
37
9
13
16
17
22
24
26
33
37
38
2
6
9
10
12
14
16
27
30
31
4
10
13
16
24
26
28
41
43
46
7
12
14
16
18
19
20
24
26
30
1
7
10
15
16
19
23
37
40
43
3
10
13
16
18
20
26
40
43
46
3
8
10
11
13
14
16
21
23
24
5
11
13
14
16
17
18
22
24
25
6
12
18
21
27
28
29
43
47
50
9
16
21
23
26
28
29
45
47
49
1
5
8
9
11
13
25
32
37
38
1
5
7
10
12
13
17
27
29
32
0
12
14
15
17
18
20
25
27
28
9
17
19
20
22
23
24
28
30
33
11
17
20
22
23
25
26
38
42
43
7
14
21
24
28
29
30
43
46
49
9
15
23
26
29
30
31
45
49
52
10
15
18
20
24
26
27
34
39
40
6
11
16
19
28
30
32
46
50
53
11
16
19
20
25
27
29
35
40
41
5
9
11
17
19
20
21
25
28
31
8
14
23
27
30
31
32
45
49
53
1
4
7
13
14
16
23
29
38
41
9
14
17
20
21
23
25
32
35
37
4
8
10
13
15
16
17
22
31
34
54
