time_cost:2456ms
ontime_proportion:0.814286
max_delay:12
avg_delay:1.028571
avg_flowtime:25.528571
object function value:1708.095238
0
0
0
0
0
1
3
15
20
22
23
0
0
0
0
0
0
24
28
29
30
0
0
0
0
0
0
0
0
0
0
0
0
0
0
0
0
0
0
0
0
0
0
0
0
0
0
0
15
20
23
0
0
0
0
0
0
13
18
21
22
0
0
1
2
3
6
20
25
26
27
0
3
6
9
11
13
15
18
21
25
0
0
0
0
0
0
0
0
0
0
0
0
0
0
0
0
0
0
2
5
0
3
5
6
8
10
12
17
19
20
0
0
0
0
0
0
26
30
31
32
0
0
0
0
0
0
0
0
0
3
0
0
0
0
0
0
14
19
20
23
0
9
17
19
22
25
26
29
31
33
0
0
0
0
0
0
0
0
0
1
0
0
0
0
0
0
0
0
0
0
0
0
0
0
0
1
17
20
23
24
0
0
1
2
4
5
24
27
28
29
0
0
0
0
0
0
0
0
0
0
0
6
9
10
17
19
21
24
27
28
0
0
0
0
0
1
24
27
28
29
0
0
0
0
0
0
0
0
0
0
0
0
1
4
6
8
11
14
18
21
0
0
0
0
2
4
16
21
24
27
0
2
5
11
13
15
16
20
24
27
0
0
0
0
0
0
8
12
16
17
0
0
0
0
0
1
14
22
26
27
0
0
0
0
0
0
16
28
30
31
0
0
0
3
5
7
14
21
23
30
11
17
18
19
22
23
25
29
30
31
2
5
8
11
13
15
16
19
22
25
6
14
17
18
24
26
27
32
35
36
9
13
17
18
24
27
29
33
34
35
4
8
9
12
17
19
21
25
26
29
10
15
17
18
23
25
27
32
34
35
6
11
16
17
23
26
27
32
34
35
0
3
6
7
9
11
13
16
19
22
10
15
18
19
27
30
32
36
37
38
15
18
19
20
25
27
28
31
32
33
0
4
5
8
13
15
18
23
24
27
13
17
19
20
29
32
35
38
39
40
2
6
14
17
20
22
27
31
32
36
1
5
8
11
13
15
20
26
27
30
3
7
8
12
15
17
19
22
23
25
11
16
17
19
26
28
31
35
36
37
13
16
18
19
28
32
33
36
37
38
9
12
14
15
19
20
21
24
25
26
10
14
17
19
25
28
30
34
35
36
4
7
13
16
23
26
29
32
33
36
8
11
12
16
19
21
23
26
27
29
2
8
12
15
17
21
23
27
28
31
8
13
15
18
27
30
31
36
38
39
8
13
16
18
28
31
32
37
39
40
3
8
11
14
19
23
25
28
29
35
0
6
9
10
15
17
19
24
26
32
6
9
13
18
20
22
24
27
28
33
0
3
6
9
11
13
14
17
20
23
1
5
10
13
15
17
18
23
35
38
5
11
14
15
25
28
30
33
36
37
3
8
10
13
18
20
22
27
29
30
6
11
16
19
26
29
30
35
37
40
3
9
11
15
21
24
32
37
39
40
2
6
7
10
21
24
26
30
31
36
8
13
16
19
27
30
31
36
38
41
7
10
12
14
15
17
18
29
35
37
11
15
18
20
24
27
28
31
32
34
5
10
15
17
23
26
27
32
34
35
5
8
11
14
16
18
19
22
30
37
6
9
15
20
25
30
32
35
36
38
42
