time_cost:1628196ms
ontime_proportion:0.914286
max_delay:11
avg_delay:0.600000
avg_flowtime:22.228571
object function value:598.095238
0
0
0
0
0
0
0
0
0
0
0
0
0
0
0
0
2
6
10
15
23
0
0
2
5
7
9
22
28
31
34
0
0
0
1
3
5
14
19
21
22
0
1
2
3
5
7
18
21
22
28
0
0
0
1
3
5
14
20
23
26
0
0
0
0
0
0
0
0
0
0
0
0
0
0
0
0
0
0
3
7
0
0
0
0
0
0
0
3
14
17
0
0
0
0
0
1
14
17
21
22
0
0
1
2
3
4
21
25
26
27
0
5
7
8
10
12
14
21
23
24
0
0
1
2
4
6
17
24
26
27
0
0
0
0
0
0
0
0
0
1
0
0
0
0
0
1
11
15
17
18
0
0
0
0
0
0
0
2
5
6
0
0
0
0
0
0
0
0
2
5
0
0
0
0
0
0
11
15
16
17
0
0
0
0
0
0
0
0
0
0
0
0
2
3
4
5
19
26
28
29
0
0
0
0
0
1
13
17
18
19
0
0
0
0
0
0
0
2
3
6
0
0
0
0
0
0
0
0
0
0
0
0
0
0
0
0
0
0
0
0
0
0
0
0
0
0
15
18
21
24
0
2
5
6
8
10
23
32
34
36
0
0
0
0
0
0
0
0
0
4
0
0
0
0
0
0
0
0
0
0
0
0
0
0
0
0
11
14
24
27
0
0
0
0
0
0
0
0
0
2
5
10
12
13
14
15
16
21
23
24
1
4
6
8
9
10
23
31
33
35
11
15
17
20
23
24
26
33
35
37
3
7
10
11
13
15
18
23
26
27
5
12
14
18
21
26
28
33
35
39
6
13
15
16
19
20
27
36
38
39
8
11
12
13
14
15
16
19
20
21
7
11
12
13
15
16
23
27
28
29
11
14
17
18
20
22
24
29
32
33
3
7
8
9
10
11
19
23
24
25
7
10
11
15
16
17
22
25
26
27
10
14
15
18
20
24
26
30
31
34
11
15
16
17
18
22
25
29
30
31
10
13
15
17
18
19
23
26
28
30
3
7
10
14
21
24
25
31
34
37
17
24
26
27
28
29
30
38
40
41
2
7
9
10
12
14
17
22
24
26
14
17
18
21
23
26
28
31
32
33
17
20
23
24
26
28
30
36
39
40
2
8
10
20
22
24
27
32
34
36
12
16
19
20
23
25
28
34
37
40
5
10
11
12
13
14
15
20
21
22
5
9
12
15
17
19
21
26
29
34
8
12
18
20
24
25
28
37
39
41
4
8
9
10
11
12
14
19
20
21
2
5
6
7
8
9
21
24
25
26
14
18
19
22
24
28
30
34
35
36
6
11
13
14
17
19
22
29
31
33
10
14
15
16
17
20
24
28
30
31
2
6
8
16
18
20
27
34
37
39
13
17
19
21
22
23
24
27
29
31
7
11
12
15
19
22
24
28
29
32
0
5
7
14
16
20
22
27
29
30
0
3
6
9
15
18
20
24
27
31
10
15
17
18
19
28
29
34
36
37
8
12
13
14
15
16
18
23
24
25
7
10
11
12
14
18
27
30
31
32
2
6
8
11
19
21
27
35
36
40
9
13
14
15
16
17
19
23
24
25
2
7
9
10
11
12
18
23
25
26
42
