time_cost:1111149ms
ontime_proportion:0.814286
max_delay:20
avg_delay:1.785714
avg_flowtime:23.585714
object function value:1643.333333
0
0
0
0
0
1
2
27
31
34
36
0
0
0
0
0
0
0
0
0
0
0
0
0
0
0
0
0
0
0
1
0
0
0
2
3
5
19
27
30
32
0
0
0
0
2
4
22
27
30
32
0
0
0
0
0
0
0
0
0
2
0
0
0
0
1
3
9
14
17
18
0
0
2
4
5
7
11
16
19
23
0
0
3
5
8
10
29
34
37
39
0
0
0
0
0
2
26
32
35
36
0
0
3
5
6
8
28
34
37
39
0
0
0
0
0
0
0
0
2
3
0
0
0
0
0
1
30
35
36
38
0
0
0
0
0
0
0
3
5
6
0
0
0
0
0
0
0
0
0
0
0
0
1
3
4
6
15
19
21
24
0
0
0
0
0
0
0
0
3
5
0
0
0
2
3
5
26
32
35
37
0
0
0
1
3
5
7
13
16
17
0
2
4
5
6
8
19
24
26
27
0
0
0
0
0
0
0
0
0
2
0
0
0
0
0
0
0
1
2
4
0
0
0
0
0
0
34
40
42
43
0
0
0
0
0
0
0
4
6
11
0
0
0
0
0
0
0
2
4
6
0
0
0
0
0
0
0
2
5
6
0
0
0
0
0
0
0
0
0
0
0
0
0
0
0
0
12
17
20
22
0
0
0
0
0
0
0
0
0
0
0
3
4
5
7
8
22
26
27
28
10
14
15
17
19
21
22
26
27
30
5
10
13
15
17
19
20
28
31
33
2
7
9
10
11
13
15
23
25
28
24
29
32
34
35
37
38
44
47
49
7
19
22
24
25
26
30
37
40
42
0
4
7
8
10
12
15
20
23
24
7
11
12
13
14
15
16
20
21
22
12
16
19
21
22
23
26
31
34
36
18
22
25
26
28
30
34
40
43
44
18
22
23
24
26
27
34
39
40
41
11
17
18
20
21
23
25
30
31
34
4
8
10
11
13
14
36
42
44
45
11
15
18
20
23
25
29
34
36
39
11
15
17
20
22
23
25
30
32
35
0
4
6
7
10
11
34
39
41
42
3
8
11
13
14
16
17
22
25
27
3
11
14
16
18
19
21
25
29
31
11
15
17
18
20
24
32
37
39
40
8
13
15
18
20
22
25
29
31
34
15
18
19
20
21
22
24
27
28
29
4
10
14
17
19
24
38
43
46
48
5
9
10
11
12
13
15
19
20
21
0
5
8
10
11
13
14
19
22
24
1
5
6
8
9
11
13
17
18
21
3
7
8
9
10
11
22
27
28
29
7
13
14
16
19
20
24
28
29
30
8
13
15
17
19
21
29
35
37
38
2
9
12
14
15
17
29
36
39
41
3
7
10
11
13
15
25
29
32
33
3
6
7
8
9
10
16
19
20
22
8
12
13
14
15
16
17
21
22
23
9
12
13
14
16
17
19
22
23
25
12
16
18
19
22
28
34
41
43
44
11
15
16
17
18
19
22
26
27
28
7
13
14
16
17
19
21
25
26
28
0
5
8
10
16
18
19
24
27
29
6
11
13
15
16
20
25
31
33
35
20
25
28
30
31
33
38
43
46
48
5
9
11
12
15
16
18
22
24
25
13
18
21
23
24
26
27
32
35
37
50
