time_cost:3396ms
ontime_proportion:0.728571
max_delay:20
avg_delay:2.857143
avg_flowtime:25.742857
object function value:2572.380952
0
0
0
0
0
0
0
0
0
0
3
0
3
4
7
8
9
23
28
33
36
0
0
1
2
3
4
28
33
37
38
8
12
17
18
19
20
22
26
33
34
0
0
0
0
0
0
0
0
0
0
0
0
0
0
0
0
1
2
39
43
0
0
0
0
0
0
0
0
0
0
0
0
0
0
0
2
18
22
35
38
0
0
0
0
0
0
26
30
42
44
0
1
4
7
8
10
18
27
40
43
0
4
6
8
9
11
12
16
18
20
0
0
0
0
0
0
0
0
0
2
0
0
0
0
0
1
4
10
13
15
0
0
1
4
5
7
23
27
31
34
0
0
0
0
2
3
17
22
34
37
0
0
0
0
0
0
0
3
5
6
0
0
0
0
0
0
34
37
43
44
0
0
0
0
0
0
0
0
2
5
0
0
0
0
0
0
0
0
0
1
0
0
0
0
0
0
0
0
0
0
0
0
0
0
0
0
0
0
0
1
0
0
0
0
0
0
0
0
0
0
15
19
21
23
24
26
27
31
35
37
0
0
0
0
0
0
0
3
4
7
0
0
0
0
0
0
0
0
0
1
0
0
0
0
0
0
0
0
0
2
0
0
0
0
0
0
0
24
39
42
0
0
0
0
0
0
32
36
40
43
0
0
0
0
0
0
0
2
3
6
0
0
0
0
0
0
29
33
38
40
11
15
18
21
22
24
26
30
32
36
7
11
13
15
18
20
31
35
38
41
3
7
9
10
12
13
14
18
20
23
11
15
17
18
19
21
23
27
28
29
15
20
32
35
36
38
40
44
46
49
19
25
27
30
31
33
35
39
40
43
8
13
17
20
22
23
24
29
30
36
3
9
10
13
15
16
18
23
24
27
7
11
14
17
18
20
22
26
27
31
7
11
13
14
17
19
31
35
44
45
7
11
15
17
20
22
23
27
34
36
5
9
11
14
15
17
19
23
25
28
12
16
18
20
21
22
24
28
30
32
11
16
19
20
26
28
33
38
43
44
8
13
15
18
19
24
27
31
34
37
5
8
11
14
15
17
19
22
25
28
2
7
8
12
13
14
19
25
27
30
10
15
16
20
21
22
24
29
30
33
4
8
10
13
14
16
18
22
24
27
16
20
23
24
26
27
32
37
40
41
11
15
20
23
24
26
28
32
37
40
9
13
19
22
23
25
26
30
38
39
2
5
8
11
12
14
16
19
23
26
0
4
6
9
10
12
14
18
20
24
2
6
7
8
9
11
36
40
43
44
13
18
31
34
36
37
38
43
44
47
7
12
14
15
16
17
19
23
25
26
4
8
9
15
22
24
27
31
45
46
22
26
29
31
32
33
35
39
41
44
0
6
8
10
11
12
14
18
20
22
0
4
6
7
8
9
15
21
23
24
8
12
16
19
20
22
24
28
29
33
15
19
20
23
24
27
30
34
37
40
11
14
22
25
26
28
30
33
36
39
8
13
15
19
22
26
28
32
36
39
2
9
13
16
18
19
20
25
26
29
12
17
28
31
33
34
35
40
43
46
6
10
12
13
17
19
20
24
26
28
3
7
9
10
12
13
15
20
22
26
3
7
10
15
16
18
25
29
42
45
50
