time_cost:2701ms
ontime_proportion:0.657143
max_delay:26
avg_delay:3.357143
avg_flowtime:30.028571
object function value:3429.523810
0
0
2
4
5
7
8
22
26
31
34
0
0
0
0
0
0
0
7
21
25
0
0
0
0
0
0
0
0
0
1
0
0
0
0
0
0
0
0
0
0
0
0
0
0
0
0
26
31
35
38
0
0
0
0
0
0
25
29
31
32
0
0
0
0
0
0
0
1
4
7
0
0
0
3
5
6
19
24
27
32
0
0
0
1
2
3
10
14
20
21
0
0
0
0
0
0
0
0
2
3
0
0
0
0
0
0
0
0
18
22
0
0
0
0
0
0
0
0
0
1
0
0
0
0
0
0
0
2
3
4
0
0
0
0
0
0
14
19
30
33
0
0
0
0
0
0
0
0
0
0
0
0
0
0
0
0
0
0
2
4
0
3
5
7
8
10
12
16
21
24
0
0
1
4
5
7
14
18
24
27
0
0
0
0
0
1
23
27
30
33
0
0
0
0
0
0
14
18
24
27
0
0
0
0
0
0
3
11
18
21
0
0
0
0
0
0
16
20
27
30
0
0
0
0
0
0
13
17
23
26
0
0
0
0
1
2
10
14
19
20
0
0
0
0
0
0
19
23
29
31
0
0
0
0
1
2
30
35
38
41
0
0
0
0
1
2
10
15
21
22
0
5
6
9
11
12
21
26
30
33
0
0
0
0
0
5
17
21
32
35
0
0
0
0
0
4
16
21
26
29
14
18
22
23
24
25
27
31
33
34
15
19
23
24
25
26
28
32
34
35
6
12
16
19
20
21
27
32
36
39
0
4
6
8
9
11
12
16
22
24
5
8
11
14
15
17
19
22
32
35
4
9
10
17
19
20
21
26
27
30
4
9
10
13
15
16
20
25
33
36
8
12
17
20
26
31
33
37
41
44
3
6
9
12
13
15
32
35
39
42
7
13
18
21
22
23
31
36
38
41
9
14
20
24
25
28
32
37
42
45
0
3
6
9
10
12
18
22
33
36
9
13
18
19
20
21
23
27
35
36
3
8
13
16
17
18
20
25
35
38
17
21
26
27
28
29
31
35
37
39
16
20
24
25
26
27
29
33
36
37
9
14
20
23
27
30
39
44
46
49
0
5
16
18
19
21
22
26
30
32
2
6
8
10
11
12
35
39
44
46
14
18
21
22
24
25
26
30
32
35
18
22
28
29
30
33
35
39
42
43
5
10
11
19
21
22
23
28
29
37
6
11
14
16
17
19
21
25
36
38
3
7
9
11
12
13
36
41
43
45
1
8
11
15
17
18
22
27
33
39
6
10
14
17
22
24
25
29
38
40
8
12
16
18
21
23
25
29
36
39
18
22
29
30
31
32
35
39
41
42
8
12
16
18
22
25
27
31
40
42
2
6
8
11
12
14
18
23
38
42
1
4
12
15
18
20
39
43
49
52
9
14
23
26
29
35
37
42
45
48
12
17
23
26
28
34
37
42
45
48
6
9
13
16
17
19
39
43
48
51
5
9
14
17
19
37
42
46
52
55
2
6
8
12
13
15
26
30
38
43
14
20
26
29
32
39
42
47
51
54
12
16
25
28
29
36
40
45
48
51
11
15
19
20
22
23
24
28
32
41
6
10
15
18
31
38
42
46
51
54
56
