time_cost:62631ms
ontime_proportion:0.700000
max_delay:26
avg_delay:3.671429
avg_flowtime:28.885714
object function value:2962.857143
0
0
0
0
0
9
11
38
43
52
55
0
0
0
0
1
4
11
16
21
22
9
13
16
19
20
22
24
28
31
35
0
0
0
0
0
0
0
0
0
1
0
0
0
1
2
3
11
16
20
21
0
0
0
0
0
0
0
0
0
1
0
0
0
0
0
0
0
0
1
4
0
0
4
7
8
9
18
23
27
30
0
0
0
0
0
0
19
23
31
33
0
0
0
0
0
0
0
2
5
8
0
0
0
0
0
2
7
11
17
21
0
0
0
0
0
0
37
40
49
52
0
0
0
0
3
6
23
27
33
35
0
0
0
0
5
7
30
33
42
45
0
0
0
0
0
0
19
23
29
33
0
0
0
0
4
7
27
31
35
37
14
18
25
27
28
29
31
35
37
39
0
0
0
0
0
0
0
0
0
0
0
3
5
7
8
9
11
15
18
20
0
0
2
3
4
5
13
17
22
23
0
0
0
0
0
0
10
15
19
25
0
0
1
4
7
9
36
41
46
49
0
0
0
0
0
1
5
10
14
17
0
2
4
8
10
11
35
39
45
46
0
1
3
5
6
8
26
30
35
37
0
0
0
0
0
0
0
3
5
8
0
0
0
0
0
0
0
1
2
7
0
0
0
0
0
0
0
0
0
0
0
0
3
6
7
9
12
16
20
23
0
0
0
0
2
5
14
18
24
27
15
19
26
28
29
30
32
36
38
40
28
33
38
41
42
43
45
50
51
54
2
6
8
9
11
13
28
32
41
42
2
5
8
11
12
14
16
19
22
25
13
17
23
26
27
29
31
34
37
40
5
9
11
14
15
17
19
24
30
34
23
29
34
35
36
37
39
43
49
50
3
8
12
15
17
19
36
40
46
49
18
23
27
30
31
32
34
39
41
44
0
4
6
9
10
12
19
23
31
34
14
19
26
29
31
32
33
38
39
42
15
21
28
31
32
34
36
40
42
45
7
11
17
18
19
21
22
26
30
31
10
14
18
20
21
23
25
29
31
34
6
10
15
18
19
21
23
27
30
33
3
7
9
12
13
15
17
21
23
26
5
10
14
17
22
24
29
34
40
43
10
15
18
21
22
23
25
30
34
37
7
11
14
16
24
26
27
31
40
42
9
13
20
21
22
25
33
37
45
46
13
17
22
23
25
26
32
36
44
45
7
11
13
16
17
19
21
25
26
29
10
14
18
19
21
22
24
28
33
34
2
7
8
11
12
13
15
20
21
24
3
6
9
12
13
15
17
20
23
27
0
5
7
8
9
11
25
29
40
41
15
20
26
31
33
34
35
40
41
44
8
12
15
20
22
24
26
30
35
39
0
5
11
14
16
17
31
36
43
46
27
32
37
40
42
43
44
49
50
53
9
13
16
19
20
22
23
27
29
31
11
15
19
22
23
25
27
31
35
38
20
25
33
36
38
39
40
45
46
49
4
8
12
15
17
18
22
26
34
35
3
7
9
11
12
14
15
19
21
23
1
5
7
9
10
12
27
31
36
38
6
10
13
15
18
20
21
25
33
36
4
9
10
13
14
15
17
22
23
26
0
4
6
8
9
11
19
23
29
32
5
9
11
14
15
17
23
27
38
41
56
