time_cost:887674ms
ontime_proportion:0.900000
max_delay:21
avg_delay:1.028571
avg_flowtime:24.385714
object function value:812.857143
0
0
0
0
0
0
0
25
38
41
42
0
0
0
1
2
4
10
16
22
23
0
0
0
0
0
0
7
13
15
18
0
0
0
0
0
0
0
13
15
20
0
0
0
0
0
2
12
18
21
22
0
0
0
0
0
0
0
1
3
4
0
0
0
0
0
0
0
0
0
0
0
0
0
2
3
5
10
19
25
27
0
0
0
0
4
6
12
20
23
26
0
0
0
0
1
2
6
11
17
20
0
0
0
0
0
0
8
15
18
19
0
0
0
0
0
0
0
0
1
2
0
0
0
0
0
2
11
19
22
26
0
0
0
0
0
0
0
1
2
4
0
0
0
0
5
7
24
35
40
41
0
0
0
0
0
0
0
0
0
0
0
0
0
1
3
4
6
11
13
15
0
0
0
0
0
0
0
0
0
3
0
0
0
0
0
0
0
2
4
7
0
0
0
0
0
0
0
0
2
4
0
0
0
0
0
0
0
0
0
0
0
0
0
0
0
0
0
0
0
1
0
0
0
0
0
0
0
0
1
4
0
0
0
0
0
0
0
18
21
25
0
0
0
0
0
0
0
0
0
0
0
3
14
17
19
20
21
25
27
30
0
0
0
0
0
0
0
0
0
0
0
0
0
0
0
0
12
23
26
29
0
1
3
6
8
9
12
21
23
26
0
0
0
0
0
0
0
0
0
0
4
8
10
11
13
14
15
23
25
26
3
7
10
12
14
16
18
22
25
26
0
3
6
7
8
10
14
21
24
25
9
15
18
21
22
24
25
30
34
37
8
14
21
22
24
26
28
34
38
39
4
7
10
13
14
16
17
27
30
33
15
24
26
29
30
31
32
37
39
42
7
11
12
14
15
17
18
25
26
28
7
12
14
15
17
18
20
25
27
28
15
28
30
31
33
34
36
41
45
46
4
9
11
12
17
19
26
39
42
43
2
10
11
14
15
17
19
26
32
35
1
4
7
8
10
12
13
19
22
23
14
24
29
32
33
35
37
40
42
45
5
11
13
14
16
17
18
22
24
25
7
12
15
19
20
22
23
26
29
32
7
14
16
17
19
20
22
29
31
33
1
4
7
10
18
20
26
39
43
46
4
7
10
13
16
18
19
24
27
30
8
13
16
19
20
22
25
36
41
44
22
30
34
35
37
38
39
43
46
47
2
6
9
10
12
14
16
20
23
24
20
27
31
34
35
37
38
41
44
47
3
7
10
11
13
15
28
42
46
47
3
10
14
15
18
19
20
29
32
33
1
5
7
10
12
13
14
18
20
23
0
5
7
8
11
13
16
31
33
36
4
7
11
15
18
20
22
27
28
31
11
15
18
19
20
22
23
27
32
33
11
17
19
20
22
23
25
30
33
34
20
30
33
34
36
38
40
44
47
48
22
32
35
38
39
41
42
45
48
51
0
4
6
9
11
12
13
17
19
24
10
16
17
20
22
24
25
31
33
35
22
33
35
38
39
41
43
46
47
50
12
23
38
41
42
44
46
49
50
53
5
10
12
15
17
18
19
26
47
50
23
33
37
40
41
43
44
47
50
53
7
12
14
15
18
21
28
47
51
52
1
4
5
8
9
11
16
28
30
33
54
