time_cost:1327622ms
ontime_proportion:0.842857
max_delay:15
avg_delay:1.085714
avg_flowtime:23.171429
object function value:1343.809524
0
0
1
2
4
5
6
26
30
34
36
0
0
0
0
0
0
12
16
17
20
0
0
0
0
0
0
0
0
0
3
0
0
0
0
0
0
0
0
0
0
0
0
0
0
1
2
23
27
29
32
0
0
0
1
2
4
19
24
26
27
0
0
1
2
4
5
26
30
32
33
0
0
0
0
0
0
0
0
0
0
0
1
3
4
5
6
20
26
28
29
0
0
0
0
0
0
0
0
4
6
0
0
0
0
0
0
0
0
1
2
0
0
0
0
0
0
10
15
17
20
0
0
0
0
0
0
17
21
23
25
0
0
0
0
0
0
1
5
6
8
0
0
0
0
0
0
26
31
37
42
0
0
0
0
0
0
0
1
2
4
0
0
0
0
1
3
15
19
21
24
0
0
0
1
2
3
25
28
31
32
0
0
0
0
0
0
0
1
2
4
0
0
0
0
0
1
9
15
19
22
0
0
0
0
0
0
0
0
0
0
0
0
0
0
0
1
2
5
7
11
0
0
1
4
5
6
13
19
22
26
0
0
1
2
3
5
6
10
12
13
0
0
0
0
0
0
0
0
0
2
0
0
1
3
4
5
6
9
12
13
0
0
0
0
0
0
0
2
4
7
0
0
0
0
0
0
0
0
0
0
0
0
3
6
7
9
25
30
32
35
0
0
0
0
1
2
14
18
24
25
4
9
10
13
14
15
27
34
37
40
5
10
11
13
14
15
16
21
22
25
23
26
28
30
31
32
33
36
38
40
9
13
16
17
18
19
20
23
26
27
12
17
18
21
22
23
25
32
33
36
6
10
13
17
18
20
23
27
31
34
6
11
13
15
16
18
22
28
30
31
8
11
14
15
16
17
18
21
24
25
0
3
6
7
8
9
15
18
22
23
13
17
21
24
25
26
27
31
34
38
19
29
30
32
33
34
35
39
42
44
13
18
19
22
23
25
29
33
37
40
4
8
13
16
17
18
19
23
27
30
8
13
14
17
18
19
23
30
31
34
11
17
20
22
23
24
30
35
42
44
5
8
11
12
13
15
24
29
33
34
9
13
16
17
18
19
20
23
27
28
0
4
9
12
19
21
28
32
35
38
11
16
17
19
20
21
27
33
36
38
1
7
8
10
11
12
13
18
20
22
17
22
25
27
28
29
30
35
36
38
8
12
15
18
19
20
21
25
28
33
0
3
4
6
7
8
30
35
40
42
10
14
17
18
19
20
21
24
27
28
2
6
7
10
11
13
23
28
30
33
2
5
6
8
9
10
17
20
25
27
7
13
16
19
20
21
23
30
34
37
4
8
10
13
14
16
18
22
25
28
15
19
28
31
32
33
34
38
41
44
12
17
19
20
21
22
27
33
36
37
10
14
18
19
20
21
22
25
30
31
0
4
8
11
12
13
22
27
31
35
1
6
7
9
10
11
12
17
19
21
7
12
13
16
17
18
20
26
27
30
10
16
25
28
29
30
32
37
38
41
3
7
9
11
13
16
30
34
40
42
2
7
8
11
12
13
15
20
22
25
5
11
13
14
15
17
18
22
24
25
3
6
7
9
10
11
27
32
34
36
1
4
6
7
8
9
17
22
25
26
45
