time_cost:8007ms
ontime_proportion:0.671429
max_delay:26
avg_delay:2.628571
avg_flowtime:32.342857
object function value:3363.809524
0
0
0
0
0
1
2
10
19
21
22
0
0
0
0
0
0
0
0
0
0
0
0
1
4
5
7
11
24
28
31
0
0
2
3
5
6
15
26
28
29
0
0
0
3
4
5
14
25
28
31
0
3
6
9
10
12
15
26
29
32
0
0
0
0
0
0
0
0
0
2
0
0
0
0
0
0
14
23
27
28
0
0
0
0
1
3
21
39
40
43
0
0
0
0
0
0
0
0
0
2
0
0
2
6
8
9
10
18
21
28
0
4
6
7
9
10
14
26
28
29
0
2
9
12
13
15
16
27
32
35
0
0
0
0
0
0
0
6
29
32
0
0
0
0
0
0
0
0
0
1
0
3
4
7
8
10
19
39
40
44
0
2
4
7
9
10
14
27
31
34
0
0
0
0
0
0
0
0
0
3
0
0
0
0
0
0
0
0
0
0
0
1
3
6
7
9
17
30
32
35
0
2
3
5
6
8
17
28
29
31
0
0
0
0
0
0
0
0
0
1
0
0
0
0
0
0
13
24
27
28
0
0
0
0
0
0
0
1
22
25
0
0
0
0
0
0
19
31
35
38
0
0
0
0
0
0
18
33
36
37
0
0
0
0
2
3
11
20
22
23
0
0
0
0
0
0
2
29
35
38
0
0
0
0
0
0
18
38
40
43
0
0
0
0
0
2
20
32
36
39
2
5
8
11
12
14
24
40
43
46
3
7
9
11
13
14
15
21
24
30
7
14
17
20
21
22
23
33
38
41
11
20
23
24
25
27
28
35
38
39
1
6
9
10
12
14
16
28
31
32
12
21
24
25
26
28
29
36
39
40
1
8
11
12
14
16
18
29
32
36
0
4
6
12
14
15
16
23
25
28
3
6
9
12
14
16
24
40
43
46
1
9
12
16
17
19
20
32
38
41
7
13
16
17
18
20
21
25
28
30
5
9
12
15
18
20
21
40
43
46
11
19
21
24
25
26
27
43
46
49
7
12
13
16
24
26
28
35
41
45
10
17
21
25
27
28
29
43
46
50
0
4
6
9
11
12
13
19
25
32
4
7
10
15
19
21
22
35
39
42
4
8
10
13
15
16
17
21
23
24
8
16
18
19
21
22
23
29
31
32
10
16
20
21
22
24
25
28
31
32
4
11
14
15
17
19
21
31
34
35
7
13
16
19
24
26
28
36
41
46
7
14
17
23
28
30
31
45
49
52
1
5
7
15
17
18
19
23
25
28
5
12
15
18
19
21
24
43
46
49
3
10
12
13
15
16
17
22
24
32
8
17
24
27
30
31
32
46
49
52
12
21
27
30
31
32
33
45
49
53
4
10
13
16
20
22
23
35
42
45
6
15
17
18
20
21
23
31
33
34
8
15
18
19
27
29
30
38
45
46
3
9
12
14
16
18
20
32
35
38
8
18
20
21
23
24
25
34
36
37
8
15
19
22
30
32
34
48
52
55
5
12
18
21
22
24
27
47
52
55
14
23
26
27
28
30
31
36
39
41
8
16
19
22
26
28
29
38
44
47
10
18
19
21
22
24
25
31
34
36
5
12
15
18
26
28
29
37
44
47
11
19
24
28
32
33
34
48
52
55
56
