time_cost:84418ms
ontime_proportion:0.700000
max_delay:21
avg_delay:3.428571
avg_flowtime:28.828571
object function value:2960.952381
0
0
0
0
0
1
2
10
14
18
20
0
0
0
1
2
3
19
24
34
37
0
0
0
0
0
0
24
29
37
40
0
0
0
0
0
0
0
0
0
3
0
0
0
0
2
4
13
17
25
28
0
0
0
0
0
0
0
0
0
3
0
0
0
1
6
8
30
34
43
45
0
0
0
0
0
2
28
32
41
43
0
0
0
0
1
3
11
16
24
29
0
0
0
0
0
0
0
3
4
7
0
0
1
3
4
6
9
13
16
18
0
0
0
0
0
0
18
22
29
31
0
0
2
5
6
8
15
19
27
30
0
0
0
0
0
2
7
11
13
16
0
0
0
0
0
1
25
29
36
38
0
0
0
0
0
0
0
0
0
2
0
0
0
2
4
6
24
28
34
36
0
0
0
0
0
0
23
25
34
37
0
0
0
0
0
0
13
17
26
27
0
0
0
0
0
0
20
23
40
43
0
2
3
6
8
9
28
33
38
41
0
0
0
0
0
0
0
0
0
0
0
0
0
0
8
10
34
39
48
50
0
0
1
2
3
4
31
35
44
46
0
0
0
0
0
0
0
0
0
0
0
0
0
0
0
0
0
0
2
5
0
0
0
0
3
5
14
18
20
21
0
3
5
9
10
12
33
37
46
48
0
0
0
0
0
0
0
0
0
0
0
0
0
0
6
8
32
36
43
46
17
21
30
31
32
34
35
39
40
41
8
13
17
22
24
25
26
31
32
36
7
12
19
20
22
23
31
35
45
46
7
11
15
16
17
19
20
24
25
26
6
10
12
14
15
17
18
22
27
29
20
25
33
36
38
39
40
45
46
49
3
8
9
12
13
14
29
34
41
44
0
4
6
10
16
24
34
38
47
50
9
13
19
21
22
24
25
29
31
33
0
4
6
7
9
10
16
20
27
29
11
16
22
25
26
27
29
34
37
40
4
10
11
14
15
16
18
23
24
27
7
12
14
18
19
23
27
31
36
39
10
14
17
19
20
22
23
27
31
33
6
10
13
16
17
19
21
25
28
31
6
11
13
17
18
20
22
26
28
32
9
14
18
21
22
23
25
30
31
35
12
16
21
22
23
25
27
31
33
34
3
8
10
11
13
15
16
20
21
22
0
6
16
18
19
21
22
26
28
30
26
30
36
38
39
40
42
46
49
50
4
8
10
13
14
16
18
22
24
27
2
6
11
13
15
18
29
33
42
44
19
24
31
34
35
36
38
43
44
47
11
15
20
21
24
29
31
35
43
44
2
7
8
11
12
13
15
20
21
25
0
6
8
10
11
12
16
20
30
32
13
17
21
24
25
27
29
33
37
40
1
5
7
11
20
22
24
28
40
44
5
9
10
11
12
14
23
27
30
31
11
16
21
24
25
26
28
33
38
43
14
18
25
28
29
31
33
37
39
42
4
10
14
17
18
20
22
25
35
39
5
9
11
13
14
15
17
21
23
25
2
6
9
11
13
16
25
29
34
36
8
12
16
19
26
28
30
34
41
45
4
7
12
15
16
18
20
23
27
30
0
4
6
9
10
12
14
18
22
25
10
15
16
19
21
22
23
28
31
34
2
6
7
10
11
13
15
19
20
23
51
