time_cost:5510ms
ontime_proportion:0.742857
max_delay:26
avg_delay:2.100000
avg_flowtime:27.585714
object function value:2490.952381
0
0
0
0
0
0
0
16
24
30
31
0
0
0
1
2
4
21
34
37
38
0
0
0
0
0
0
26
35
38
41
0
0
0
0
0
0
0
3
5
10
0
0
0
0
0
2
11
17
20
25
0
0
0
0
0
0
0
2
4
5
0
0
0
0
0
0
0
0
0
0
0
0
0
2
3
5
17
25
28
30
0
0
0
0
4
6
24
34
38
41
0
0
0
0
1
2
14
23
28
31
0
0
0
0
0
0
11
16
19
27
0
0
0
0
0
0
0
0
1
2
0
0
0
0
5
7
26
37
40
43
0
0
0
0
0
0
0
1
2
4
0
0
0
0
0
2
17
25
31
33
0
0
0
0
0
0
0
0
0
0
0
0
0
3
5
6
10
15
17
18
0
0
0
0
0
0
0
0
0
2
0
0
0
0
0
0
0
0
2
5
0
0
0
0
0
0
0
0
2
3
0
0
0
0
0
0
0
0
0
0
0
0
0
0
0
0
0
0
0
1
0
0
0
0
0
0
0
0
1
2
0
0
0
0
0
0
11
16
19
22
0
0
0
0
0
0
0
0
0
0
0
3
5
8
10
11
14
22
32
35
0
0
0
0
0
0
0
0
0
0
0
0
0
0
0
0
27
37
41
44
0
1
3
6
8
9
12
21
23
26
0
0
0
0
0
0
0
0
0
0
4
8
10
11
13
14
15
19
21
22
3
9
12
13
15
17
19
29
32
33
0
3
6
9
10
12
13
23
26
27
4
7
10
13
14
16
27
37
41
44
0
4
7
8
10
12
18
28
32
33
4
7
11
14
19
22
29
40
43
46
13
21
27
30
31
32
33
40
44
47
7
12
13
18
19
21
22
26
27
29
1
6
8
9
11
12
14
19
21
22
6
13
15
16
18
19
21
26
30
31
7
16
18
19
21
22
23
27
31
32
11
18
24
27
28
30
32
42
44
47
1
13
16
17
19
22
23
26
29
30
11
20
22
25
26
28
30
43
46
49
10
19
21
22
24
25
26
30
32
33
3
6
9
12
13
15
16
21
24
27
5
10
12
16
18
19
21
26
28
29
1
4
8
13
20
23
29
40
47
50
4
7
10
13
14
16
17
20
23
26
7
14
17
20
22
24
29
43
47
50
10
18
20
21
23
24
25
29
31
35
2
10
13
14
16
18
20
31
34
35
7
13
19
22
24
26
30
43
49
52
3
9
12
13
15
17
19
31
34
35
8
13
15
21
23
24
26
30
32
33
1
5
7
10
12
13
14
23
35
38
0
5
7
11
16
17
19
24
26
27
6
10
13
16
17
21
23
27
28
33
9
13
16
18
21
23
24
28
31
32
6
11
13
14
17
19
26
31
33
35
4
10
13
14
17
20
22
32
35
37
8
15
18
21
25
27
30
44
50
53
0
7
9
15
19
21
22
28
35
42
7
12
14
19
21
23
24
28
29
33
10
17
22
26
29
31
33
46
50
53
14
21
25
28
31
33
35
47
53
56
14
21
25
28
30
33
34
46
52
55
11
18
21
24
27
29
32
47
53
56
5
12
14
16
22
25
32
48
55
56
1
4
5
8
9
13
15
23
30
34
58
