time_cost:1170519ms
ontime_proportion:0.785714
max_delay:22
avg_delay:2.128571
avg_flowtime:26.128571
object function value:2013.809524
0
0
2
4
5
7
8
13
19
21
23
0
0
0
0
0
0
0
2
5
8
0
0
0
0
0
0
0
0
0
1
0
0
0
0
0
0
0
0
0
0
0
0
0
0
0
0
17
22
23
26
0
0
0
0
0
0
11
15
17
18
0
0
0
0
0
0
0
1
4
7
0
0
0
3
5
6
22
28
32
35
0
0
0
1
2
3
11
15
19
20
0
0
0
0
0
0
0
0
2
5
0
0
0
0
0
0
0
0
0
3
0
0
0
0
0
0
0
0
0
1
0
0
0
0
0
0
0
2
3
4
0
0
0
0
0
0
3
8
10
13
0
0
0
0
0
0
0
0
0
0
0
0
0
0
0
0
0
0
4
6
0
3
8
11
12
14
16
20
24
26
0
0
1
4
5
7
20
25
34
37
0
0
0
0
0
1
17
21
24
25
0
0
0
0
0
0
12
17
20
23
0
0
0
0
0
0
0
1
3
6
0
0
0
0
0
0
13
17
22
25
0
0
0
0
0
0
15
19
21
24
0
0
0
0
1
2
5
9
12
13
0
0
0
0
0
0
21
25
30
32
0
0
0
0
1
2
15
21
22
25
0
0
0
0
1
2
9
14
19
21
0
5
6
9
11
12
25
30
35
38
0
0
0
0
0
4
15
19
25
28
0
0
0
0
0
5
23
28
35
38
4
8
10
11
12
15
34
39
42
43
12
16
18
19
20
21
23
27
29
30
2
7
8
11
12
13
17
22
25
28
11
15
20
22
23
25
26
30
38
40
8
12
16
19
21
23
25
28
31
34
11
16
18
21
23
24
25
30
32
38
27
32
36
39
41
42
43
48
51
54
7
11
12
15
17
28
37
41
45
48
20
23
26
29
30
32
38
41
45
48
3
8
9
12
13
14
17
23
25
28
12
18
19
22
23
29
35
41
45
48
6
9
13
16
17
19
21
24
29
33
1
5
7
9
10
11
17
21
27
28
6
11
14
17
19
22
24
29
37
40
1
5
7
8
9
10
30
34
37
38
8
12
14
15
16
17
25
29
31
32
22
27
28
31
32
33
39
44
48
51
0
4
6
8
9
11
18
22
28
30
5
9
11
13
14
19
35
39
43
45
8
12
15
16
18
19
27
31
35
36
9
14
18
20
21
22
31
36
38
39
6
11
13
16
18
19
20
25
35
43
9
13
17
19
20
21
23
27
30
32
8
14
16
18
19
20
29
33
35
37
20
25
28
32
34
35
38
43
48
51
8
12
16
18
19
21
22
26
28
30
4
8
10
12
13
14
16
20
23
25
16
20
22
23
24
25
27
31
34
35
2
6
8
10
11
12
14
18
25
27
2
7
11
14
15
17
19
23
26
29
22
26
31
34
35
37
40
44
51
54
12
17
18
21
22
23
25
30
32
35
0
5
6
9
10
11
33
38
42
45
5
18
21
24
25
27
30
33
38
41
5
8
11
14
15
17
32
35
39
42
2
6
8
11
14
16
19
23
32
35
8
13
14
18
21
30
38
43
48
51
31
36
39
42
43
45
47
51
52
55
13
17
19
22
24
25
33
37
41
45
1
10
15
18
19
26
35
38
42
45
56
