time_cost:1572450ms
ontime_proportion:0.842857
max_delay:12
avg_delay:1.228571
avg_flowtime:24.385714
object function value:1384.285714
0
0
5
9
12
13
14
18
24
25
28
0
0
0
0
0
0
19
24
25
27
0
0
0
0
0
0
0
0
0
0
0
1
3
4
6
8
12
16
18
21
0
0
0
0
0
1
25
29
33
34
0
0
0
0
0
0
16
19
22
26
0
0
0
0
0
0
0
0
0
0
12
16
18
20
21
22
24
28
31
33
0
2
3
5
6
7
21
25
27
29
0
0
0
0
0
0
14
19
23
25
0
0
0
0
0
0
0
0
0
2
0
0
0
0
1
2
17
20
22
23
0
0
0
0
0
0
0
0
0
1
0
0
0
0
0
0
0
0
0
3
0
0
0
0
2
4
23
27
31
32
0
6
14
17
19
21
29
34
38
41
0
0
0
0
0
2
30
34
38
41
0
0
1
2
3
4
15
18
20
21
9
12
16
17
18
19
21
24
27
28
0
0
0
0
0
0
0
0
0
0
0
0
3
6
7
8
26
31
35
38
0
0
0
0
0
0
0
0
2
3
0
0
0
0
1
3
11
15
20
23
0
0
0
0
0
0
21
24
27
29
0
0
0
0
0
0
0
2
4
7
0
0
0
0
0
0
15
18
21
22
0
0
0
0
0
1
24
30
32
35
0
0
0
0
0
0
0
0
1
4
0
0
0
0
0
0
0
0
0
0
0
0
0
0
0
0
0
1
2
5
11
15
20
22
23
24
28
32
36
38
8
11
13
14
17
20
29
32
35
38
10
15
17
19
20
21
29
34
38
40
10
13
15
17
18
19
24
27
29
31
9
12
15
16
21
22
30
35
39
40
5
10
11
13
15
16
28
33
36
38
1
5
6
8
9
10
17
21
23
25
14
17
19
20
22
24
25
28
30
31
8
11
13
15
16
17
19
22
25
27
6
9
12
13
14
15
16
19
22
23
12
21
23
24
25
27
31
35
40
41
0
4
5
7
8
9
21
25
27
29
5
10
12
13
14
16
17
21
23
25
6
10
12
13
14
15
18
22
24
25
6
10
15
18
19
20
22
26
30
34
0
5
6
9
10
11
13
25
28
31
11
14
17
18
19
20
28
31
36
37
15
20
22
25
26
28
30
34
37
40
10
16
19
22
23
24
25
29
32
35
4
9
13
16
17
18
23
29
31
34
0
3
5
6
7
8
23
26
29
30
8
12
13
15
16
17
18
22
25
27
9
12
13
16
17
18
27
30
34
36
5
8
10
11
12
13
15
19
21
22
9
14
15
18
19
20
22
28
30
33
2
6
9
12
13
14
19
23
27
30
3
8
9
11
12
13
27
32
35
37
0
5
6
8
9
10
14
20
22
24
9
24
28
30
31
32
33
38
39
41
5
8
10
11
13
15
18
21
24
25
6
9
11
16
17
18
26
29
33
35
9
15
18
19
20
21
23
26
31
32
6
10
13
15
16
17
19
23
25
27
14
18
19
21
22
23
27
30
34
36
3
6
16
18
20
22
30
34
37
39
0
5
6
10
11
12
28
34
36
39
5
9
10
14
15
17
19
23
24
27
1
6
7
9
10
11
20
26
29
32
2
6
8
9
10
12
13
17
19
20
2
13
19
23
24
25
26
30
33
36
42
