time_cost:883720ms
ontime_proportion:0.800000
max_delay:20
avg_delay:2.628571
avg_flowtime:24.528571
object function value:1817.619048
0
0
0
0
0
0
2
4
7
8
13
0
0
0
0
0
0
0
0
1
3
0
0
0
0
0
0
1
5
10
11
0
0
0
0
0
2
4
7
10
14
0
0
0
0
0
0
0
3
5
6
0
0
0
0
0
0
1
5
6
8
0
0
0
0
0
0
0
1
2
5
0
1
4
7
8
10
11
14
17
20
0
0
2
3
4
6
7
11
14
15
0
0
0
0
0
0
0
0
2
3
0
0
0
1
2
4
6
9
11
16
0
0
0
3
5
7
9
12
13
17
0
0
0
0
0
0
0
0
0
0
0
0
0
0
0
0
0
0
0
0
0
0
0
0
0
0
0
0
0
0
0
0
0
0
0
0
0
0
3
6
0
0
0
0
2
4
7
13
16
17
0
0
0
2
4
5
6
13
15
18
0
0
2
5
6
8
9
12
15
18
0
0
0
0
0
0
7
13
18
20
0
0
0
0
0
1
7
11
16
20
0
0
0
0
0
0
0
4
6
9
0
0
0
0
0
0
0
8
13
19
0
0
0
0
0
0
0
2
5
8
0
0
0
0
0
0
8
14
17
20
0
0
0
0
0
0
12
20
24
27
0
0
0
0
1
3
12
19
23
25
0
0
0
0
0
0
0
0
0
2
0
0
0
1
3
4
14
23
28
29
0
2
6
7
8
10
11
17
22
23
5
8
11
14
15
17
18
21
24
29
0
4
12
15
16
18
20
23
25
28
0
3
5
8
9
10
11
16
18
21
4
10
14
17
19
20
21
25
29
33
1
15
20
21
22
24
25
28
32
33
5
8
11
12
13
15
17
28
35
37
7
12
19
23
24
26
27
30
33
36
2
8
9
12
13
15
17
20
21
24
5
10
12
13
15
16
18
28
37
38
1
10
20
23
24
25
26
29
31
34
0
4
5
7
10
12
20
26
33
36
4
11
13
16
17
18
19
22
24
28
8
17
22
23
25
27
29
33
39
40
10
16
19
22
23
25
26
29
34
37
10
15
16
19
20
22
24
27
29
32
5
8
25
28
29
31
32
35
38
41
4
7
9
12
13
14
16
26
35
38
8
15
21
24
26
27
28
32
36
39
11
17
24
27
28
29
30
33
35
39
12
19
23
26
27
29
30
33
38
41
10
18
20
23
24
26
28
32
36
39
2
5
8
9
10
12
22
33
39
40
14
20
27
30
31
33
34
37
40
43
10
18
23
24
27
28
30
35
41
42
13
24
27
31
33
34
35
39
41
45
4
7
8
11
12
14
17
27
38
41
1
5
7
10
12
13
21
33
37
40
13
19
26
29
31
32
33
37
40
43
16
26
30
31
33
34
35
39
43
44
1
5
7
12
14
15
18
27
42
47
15
22
28
31
32
34
35
38
41
44
16
25
33
35
36
38
39
43
44
46
13
21
27
30
31
33
34
37
40
43
20
31
36
37
39
40
41
45
47
48
12
20
30
33
34
36
37
40
43
46
15
25
30
33
34
36
37
40
43
46
14
24
32
35
36
38
40
43
44
47
20
30
35
36
37
39
40
43
46
47
14
24
31
34
36
37
38
42
44
47
15
24
34
35
36
38
39
42
45
46
50
