time_cost:10166ms
ontime_proportion:0.642857
max_delay:18
avg_delay:2.671429
avg_flowtime:31.671429
object function value:3627.142857
0
0
3
5
8
9
10
17
31
33
36
0
0
0
0
0
0
0
0
0
0
0
0
0
0
0
2
18
27
30
31
0
0
0
0
1
3
11
20
32
35
0
0
0
0
2
3
23
32
34
37
0
0
0
2
3
4
13
20
30
33
0
2
4
5
7
8
16
25
27
28
0
0
0
0
0
0
0
0
0
0
0
0
0
0
0
0
0
0
0
1
0
0
0
0
2
3
10
19
22
25
0
0
0
0
3
5
14
29
32
35
0
0
0
0
1
2
15
23
25
28
0
0
0
0
0
0
19
25
28
29
0
0
0
1
3
4
15
23
25
26
0
0
0
0
0
0
14
21
23
26
0
0
0
0
0
0
14
23
26
30
0
0
1
4
6
7
10
18
22
28
0
0
1
4
5
6
26
35
37
40
0
3
4
7
8
10
26
34
35
38
0
0
0
0
0
0
0
3
5
7
0
0
0
0
0
0
0
0
0
1
0
0
1
6
7
9
18
23
35
39
0
0
0
0
0
0
0
0
0
1
0
0
0
3
5
6
12
21
24
28
0
0
0
0
0
0
0
0
0
2
0
0
0
0
0
0
0
0
4
7
0
0
3
4
5
7
20
32
35
36
0
1
3
4
6
7
19
25
27
30
0
0
0
0
0
1
14
26
29
32
0
0
0
0
0
1
25
34
37
40
2
5
8
11
12
14
28
35
38
41
8
15
17
18
20
21
22
29
31
32
3
11
13
16
18
19
20
24
26
27
12
18
21
22
23
25
26
31
34
37
6
13
15
16
18
19
20
24
26
34
1
4
7
10
11
13
28
37
40
43
9
16
18
20
22
23
24
28
30
31
12
18
21
22
27
29
32
44
47
48
4
11
13
14
16
17
20
27
29
33
2
6
9
10
12
14
16
28
31
35
6
13
15
16
18
19
21
30
32
33
2
8
11
14
15
17
28
37
43
46
11
17
22
24
25
27
29
40
41
43
10
17
20
21
22
24
25
34
38
39
3
6
10
13
14
16
29
40
43
46
4
9
13
18
21
23
31
41
44
47
3
7
10
11
13
15
17
26
29
36
0
8
11
14
15
17
20
36
39
42
8
15
21
24
25
26
27
32
38
41
7
15
19
22
24
25
26
37
41
44
5
9
11
14
16
17
18
22
27
30
2
5
8
13
14
16
17
31
35
38
9
15
18
19
20
22
23
33
36
38
13
20
23
24
28
30
33
45
48
49
5
12
15
20
23
25
29
38
41
44
10
17
19
23
26
27
28
40
44
47
0
4
6
9
11
12
15
23
31
35
10
17
21
23
30
32
34
47
49
51
5
11
16
19
21
23
24
34
37
40
3
7
9
12
14
15
16
21
28
38
7
14
16
20
25
27
29
39
42
45
3
10
14
17
23
25
26
37
40
43
9
15
18
23
29
31
34
47
48
51
0
3
6
10
11
13
21
39
43
47
5
9
12
14
17
19
32
44
47
48
12
18
20
22
27
28
31
43
46
47
7
12
18
21
25
27
31
41
46
49
7
15
17
18
20
21
23
30
32
33
0
5
7
8
10
11
13
26
28
29
6
13
15
18
20
21
22
29
31
33
52
