time_cost:1496249ms
ontime_proportion:0.885714
max_delay:18
avg_delay:1.171429
avg_flowtime:23.114286
object function value:913.333333
0
0
0
1
2
3
5
13
21
23
25
0
0
0
0
0
0
0
0
0
1
0
0
0
0
0
0
22
26
28
29
0
0
0
0
0
1
2
5
7
9
0
0
0
1
2
3
35
38
43
44
0
0
0
0
0
0
0
0
2
3
0
3
6
7
8
9
13
16
21
22
0
0
0
0
0
0
0
0
2
3
0
0
1
4
5
7
22
29
33
36
0
0
0
1
2
3
13
16
19
20
0
0
0
2
3
4
20
25
26
28
0
0
0
0
0
0
0
0
0
2
0
0
1
2
3
4
11
14
17
18
0
2
3
5
6
7
9
13
18
20
0
0
0
0
0
0
0
0
0
0
0
0
0
0
0
0
23
26
28
29
0
0
2
3
5
7
19
23
25
26
0
0
0
0
0
0
0
0
0
1
0
0
0
0
0
0
8
11
14
15
0
3
4
7
8
9
11
16
17
21
0
0
0
0
0
0
0
0
0
0
0
0
0
0
0
0
0
2
4
5
0
0
0
0
0
0
26
29
34
35
0
2
3
6
7
9
34
39
42
44
0
0
0
0
0
0
12
16
18
19
0
0
0
0
0
0
0
2
4
5
0
0
0
0
0
0
0
1
2
5
0
0
0
0
0
1
22
25
27
29
23
26
31
34
35
36
37
41
44
47
0
0
0
0
0
1
19
23
26
29
4
8
9
11
13
14
15
19
20
22
1
4
5
7
8
9
10
13
14
16
4
7
8
10
11
12
13
16
20
22
0
5
6
8
9
10
33
38
41
43
7
10
11
13
14
15
19
22
24
26
2
5
8
9
10
11
20
25
28
29
11
15
18
20
21
22
24
28
29
31
16
19
20
22
23
24
25
28
29
31
2
10
13
14
15
16
27
30
35
36
4
8
10
11
12
14
16
20
22
23
1
6
8
10
20
21
24
27
30
31
4
7
10
11
12
13
14
17
20
21
5
11
12
14
15
16
31
36
40
42
9
13
14
17
18
21
23
27
29
32
28
31
34
35
36
37
38
41
46
47
5
10
12
13
14
16
17
22
24
25
8
13
14
17
18
19
21
26
27
30
12
15
16
18
19
20
21
24
25
27
3
6
9
10
11
12
17
20
24
25
10
15
17
20
21
22
24
29
30
33
11
16
22
24
25
26
29
34
40
42
2
7
8
10
11
12
19
24
26
28
5
9
11
12
14
16
17
21
23
24
15
20
22
25
26
28
30
34
35
38
2
5
7
8
10
13
16
20
22
23
8
12
15
17
18
19
26
30
36
38
9
14
16
17
18
20
34
38
42
43
4
8
12
15
16
17
30
35
43
46
23
28
31
34
35
37
39
43
44
47
5
9
10
12
13
14
15
19
20
22
9
13
16
19
20
21
26
32
36
39
0
3
5
6
7
8
16
19
21
23
6
9
10
12
13
14
34
37
39
41
5
8
9
11
12
13
22
25
29
31
7
11
13
14
16
18
19
23
25
26
0
4
5
8
9
11
15
19
22
26
17
23
25
27
28
29
30
35
38
40
7
12
13
15
17
18
19
24
25
27
13
17
19
21
22
23
29
33
38
40
8
11
13
14
16
17
19
22
24
25
48
