time_cost:2568ms
ontime_proportion:0.671429
max_delay:20
avg_delay:2.928571
avg_flowtime:28.071429
object function value:3221.428571
0
0
0
0
0
1
2
23
27
28
29
0
5
8
10
14
16
25
32
35
37
0
0
0
0
0
0
0
0
1
4
0
0
2
3
5
6
38
45
47
48
0
1
3
5
14
25
33
38
40
44
0
0
0
0
0
0
0
0
2
4
0
0
3
5
6
8
26
31
33
35
0
0
0
0
0
1
13
19
21
22
0
0
0
0
9
12
29
33
35
38
0
0
0
0
0
1
11
18
19
20
0
0
0
0
0
0
34
39
42
43
0
0
0
0
0
0
33
39
41
44
0
0
0
2
3
5
21
28
31
37
0
0
0
0
1
3
20
27
29
30
0
0
0
0
0
0
0
0
2
3
0
0
0
0
0
1
9
14
17
19
0
0
0
0
0
0
16
22
24
28
0
0
0
0
1
2
32
36
39
41
0
0
0
0
0
2
36
43
46
48
0
0
0
0
0
0
0
0
0
1
0
0
0
3
4
6
25
29
31
34
0
0
0
0
2
3
20
25
27
29
0
0
0
0
0
0
0
1
3
6
0
0
2
3
5
7
8
13
16
17
0
0
0
0
0
0
0
0
1
2
0
0
0
0
0
0
32
36
38
41
0
0
0
0
0
0
0
0
0
1
0
0
0
1
3
5
19
23
26
27
0
3
5
6
10
23
30
35
38
39
0
0
0
0
0
0
0
2
4
7
26
30
31
33
34
36
37
43
44
46
4
9
11
12
13
15
17
22
24
26
1
5
6
7
8
9
26
31
32
33
3
7
10
12
13
14
16
20
23
25
0
3
4
5
8
11
27
32
35
37
12
17
20
23
24
25
29
33
36
38
7
11
13
14
16
17
19
23
25
26
9
23
26
27
29
31
37
44
47
48
7
13
16
18
19
20
22
26
29
32
2
6
9
11
12
13
15
19
22
24
15
30
33
34
35
37
39
46
48
49
4
8
10
13
14
16
17
22
24
27
0
4
6
7
9
10
12
16
18
19
11
15
17
18
20
21
23
28
30
31
17
21
22
23
27
28
36
41
42
43
13
17
18
19
20
21
22
29
30
31
14
20
23
25
27
29
32
40
43
45
9
16
17
19
20
22
27
32
34
36
0
4
6
7
9
10
30
35
37
38
5
10
13
15
16
18
19
24
27
29
11
16
19
21
22
24
31
36
39
45
8
12
14
17
21
23
24
30
32
35
10
17
20
22
23
25
26
31
34
36
4
10
13
15
17
19
24
30
33
35
0
4
5
6
7
8
14
21
22
23
3
7
8
10
11
13
18
24
26
28
2
6
9
11
12
13
15
20
23
25
0
5
10
12
16
18
27
42
45
47
6
9
11
12
13
15
24
29
30
31
10
15
16
18
19
21
28
33
36
38
12
17
20
22
25
27
28
33
36
38
5
9
12
13
15
17
19
26
29
34
6
12
15
17
18
20
21
26
29
31
5
11
14
16
17
19
20
25
28
30
9
14
17
19
21
23
30
36
39
42
8
13
15
17
21
22
30
34
38
39
14
19
21
22
23
25
27
34
36
37
4
8
9
11
12
14
23
29
31
33
19
24
25
27
28
30
35
42
43
45
4
9
12
16
25
27
31
37
40
42
50
