time_cost:1163864ms
ontime_proportion:0.900000
max_delay:11
avg_delay:0.642857
avg_flowtime:21.400000
object function value:713.333333
0
0
0
0
0
0
0
4
9
21
24
0
0
0
0
0
0
0
0
0
0
0
0
0
0
0
0
19
22
25
26
21
24
26
28
29
30
31
36
37
39
0
0
1
4
5
6
10
15
16
19
0
0
4
5
9
11
23
27
30
31
0
0
1
4
5
7
19
23
25
28
0
0
0
0
0
0
15
20
23
24
0
0
0
0
0
0
0
0
2
3
0
0
0
0
0
0
17
20
23
24
0
0
0
1
3
5
14
17
19
23
0
0
0
0
0
0
0
3
4
9
0
0
0
0
0
1
7
13
15
17
0
0
0
0
0
0
0
0
0
1
0
0
0
0
0
2
7
11
13
17
0
0
0
0
0
0
0
2
3
5
0
0
0
0
0
0
0
0
0
1
0
0
0
2
3
4
28
32
36
38
0
0
0
0
0
0
0
0
0
0
0
0
0
0
0
0
0
0
0
0
0
0
0
0
0
2
11
14
16
17
0
0
0
0
0
0
0
0
0
2
0
2
3
5
6
7
14
17
18
20
0
0
0
0
0
0
0
0
0
3
0
0
0
0
1
2
28
32
33
35
0
0
0
0
0
1
9
16
18
21
0
3
5
6
8
10
16
19
21
22
0
0
0
0
0
0
0
0
0
0
0
1
4
5
6
7
21
24
27
28
0
0
0
0
0
0
0
0
0
0
4
7
8
10
11
12
22
27
28
30
21
25
28
29
30
32
33
37
39
40
3
8
10
11
21
23
25
28
30
31
4
7
9
10
12
14
15
18
20
21
1
5
6
8
10
11
14
19
20
22
0
3
5
6
14
16
20
24
26
27
7
12
13
16
17
18
24
29
31
34
1
6
8
11
12
13
21
28
29
31
7
10
12
13
15
17
18
22
24
25
13
17
20
23
24
25
26
30
33
36
7
12
13
15
16
17
18
23
24
26
14
17
20
21
23
25
28
31
33
34
3
7
10
13
14
15
17
21
24
27
9
12
14
15
17
19
20
23
25
29
15
20
21
23
24
25
28
33
34
36
2
7
8
11
12
13
15
20
21
24
0
4
5
8
9
11
17
21
22
25
10
15
18
21
22
23
26
31
32
35
13
17
19
20
21
23
24
29
31
32
20
24
27
29
30
31
32
36
37
40
1
4
6
7
8
9
10
13
15
16
7
10
11
13
15
16
30
33
35
37
12
18
20
21
22
23
26
30
32
33
1
4
5
7
13
15
28
32
34
36
9
15
16
18
19
20
25
30
31
33
4
7
10
14
16
17
27
30
31
33
6
10
13
16
17
19
27
31
33
36
12
15
17
18
20
22
23
26
28
30
2
6
7
9
11
12
24
28
29
31
5
9
10
13
14
16
20
24
28
31
23
26
29
30
31
32
33
36
39
40
1
4
7
8
9
10
11
14
18
19
10
14
15
18
19
21
23
27
28
31
3
7
8
11
12
14
17
21
23
26
5
11
13
14
18
20
24
28
31
32
6
10
11
13
14
15
16
20
26
28
12
16
17
19
20
21
24
29
31
33
6
9
11
12
13
14
21
25
27
28
9
14
16
18
19
21
31
37
38
40
1
5
6
9
10
12
17
21
22
25
41
