time_cost:2019ms
ontime_proportion:0.700000
max_delay:25
avg_delay:4.028571
avg_flowtime:26.742857
object function value:2891.428571
0
0
0
0
0
0
0
0
1
3
6
0
0
0
0
1
3
26
31
38
40
0
3
4
6
7
9
12
18
21
22
0
0
0
0
0
1
35
39
47
48
0
0
0
0
0
0
0
0
0
0
0
0
0
0
0
0
0
0
0
0
0
0
0
0
0
0
0
14
45
48
1
6
37
40
41
43
45
49
51
54
0
0
0
0
2
4
39
43
51
52
0
0
0
0
0
0
0
0
0
0
0
0
0
0
0
0
0
0
2
5
0
0
0
0
0
0
0
0
0
0
0
0
0
2
4
6
16
24
32
35
0
0
0
0
1
2
34
40
48
51
0
0
0
1
3
5
15
19
23
26
0
0
0
0
0
0
0
4
6
9
0
0
1
2
3
4
12
17
22
23
0
0
0
0
0
0
0
0
0
0
0
1
28
31
32
34
36
39
42
45
0
4
6
7
9
10
15
21
24
27
0
0
0
0
0
0
0
0
0
0
0
0
0
0
0
0
1
16
26
33
0
0
0
0
0
0
19
26
33
34
0
1
3
4
6
7
11
15
21
25
0
0
1
3
4
5
26
30
37
39
0
0
0
0
0
0
0
0
2
4
0
0
2
5
6
8
15
18
27
30
0
2
4
5
6
7
17
21
24
25
0
0
0
1
2
3
11
16
19
22
0
0
0
0
0
0
0
0
0
0
7
11
12
13
23
25
39
43
54
55
4
7
10
13
14
16
18
21
24
27
4
9
11
14
15
17
19
23
25
28
5
9
11
12
14
15
21
25
30
31
7
13
15
18
19
22
24
29
30
33
0
5
6
9
11
12
13
18
20
23
30
34
40
42
43
44
46
50
52
54
8
13
14
17
19
20
21
26
27
30
5
9
12
15
17
21
34
37
48
51
17
21
23
24
26
28
35
40
48
49
4
7
12
15
16
18
20
23
26
29
9
13
15
18
19
21
31
35
41
44
8
13
16
20
21
22
24
28
31
33
3
10
13
14
18
24
25
30
35
36
17
21
24
27
28
30
32
36
43
46
27
33
39
41
42
45
46
50
52
54
3
7
8
11
12
14
16
20
21
25
0
4
6
8
10
11
12
16
18
21
3
7
9
11
15
18
32
36
46
48
7
11
14
15
16
19
21
25
27
28
0
3
6
9
13
15
22
27
34
37
3
7
9
11
12
14
15
19
21
23
8
13
14
17
18
19
25
30
35
38
7
11
13
16
17
20
22
26
29
32
4
8
9
10
11
13
14
18
20
23
18
22
25
26
27
29
30
34
36
37
4
8
9
12
13
15
17
21
22
25
7
12
15
18
20
21
22
27
28
32
13
17
20
23
24
26
28
32
33
36
8
13
18
21
22
24
26
29
34
37
8
14
17
20
23
24
30
35
40
43
21
26
27
30
31
32
36
41
49
52
11
14
17
20
21
23
25
28
31
34
7
11
13
14
16
17
18
22
24
29
11
15
18
22
23
25
27
31
33
36
11
15
18
20
21
23
24
28
30
32
0
4
6
7
8
9
13
19
23
24
22
27
31
34
36
37
38
43
44
47
13
17
23
24
25
26
28
32
34
35
4
9
11
13
15
17
19
23
25
27
56
