time_cost:2447ms
ontime_proportion:0.800000
max_delay:22
avg_delay:1.585714
avg_flowtime:26.957143
object function value:1898.571429
0
0
0
0
0
0
0
18
24
25
27
0
0
0
0
1
2
10
16
20
23
0
0
1
4
5
6
15
21
23
26
0
0
0
0
0
0
0
0
2
3
0
0
0
2
3
4
20
25
26
28
0
0
0
2
3
4
17
22
23
27
0
0
0
0
0
0
0
0
0
0
0
0
0
2
3
4
14
18
19
21
0
0
1
2
4
5
25
29
32
33
0
0
0
1
2
5
27
38
39
42
0
0
0
2
3
4
23
26
27
29
0
0
0
0
0
1
23
26
30
32
0
0
0
0
0
0
8
13
15
17
0
0
0
0
0
0
11
16
17
19
0
0
2
3
4
6
26
30
33
34
0
0
0
0
0
1
20
24
26
27
0
0
0
0
0
0
0
0
2
4
0
0
0
0
0
0
0
0
0
2
0
0
0
0
0
0
0
0
0
0
0
0
0
0
1
2
10
15
17
22
0
0
0
0
0
0
0
0
2
5
0
0
0
0
2
3
15
18
19
23
0
4
5
8
9
10
33
40
41
44
0
3
5
6
7
8
11
14
17
18
0
0
0
0
4
6
18
22
25
28
0
0
0
0
0
0
0
0
0
0
0
0
0
0
0
0
0
3
26
29
0
0
0
0
0
0
11
14
16
17
0
0
0
0
1
3
21
27
29
30
0
0
0
0
0
0
20
27
29
30
7
10
12
13
15
17
18
23
25
26
11
16
18
19
20
21
22
25
27
29
4
8
9
12
13
15
36
42
43
46
2
7
8
10
11
12
15
20
21
23
14
18
20
21
22
23
24
27
29
30
17
20
22
23
24
25
26
29
31
32
10
14
16
17
18
20
25
31
33
34
4
8
11
15
16
17
20
24
28
31
8
13
18
20
21
22
32
37
38
40
0
3
6
7
8
9
28
32
35
36
7
12
14
15
16
18
28
33
35
36
7
12
13
15
17
18
22
26
29
31
0
3
4
6
7
8
25
29
30
32
7
10
12
13
14
15
16
19
21
22
17
21
23
24
25
26
29
33
35
36
11
15
17
18
19
21
29
35
37
38
6
10
12
14
15
17
18
22
24
25
3
6
8
9
11
13
17
22
24
25
2
5
8
9
10
11
12
19
22
24
0
4
7
10
11
12
17
40
43
46
3
8
9
12
13
14
19
24
26
29
11
15
17
19
21
23
29
35
37
39
8
13
18
21
25
26
32
39
40
42
4
8
11
14
15
16
36
41
44
47
8
13
15
17
18
19
22
25
29
31
2
8
9
11
12
13
22
27
32
34
8
12
13
15
18
19
24
27
31
33
3
6
8
9
11
13
14
17
19
20
14
18
21
22
23
24
31
35
38
39
15
22
24
25
26
27
33
38
40
41
1
6
7
10
12
13
37
43
46
49
5
11
14
15
17
18
20
23
31
32
1
4
5
7
8
9
23
26
31
33
2
7
10
13
14
17
37
44
47
50
3
7
13
16
18
19
38
44
49
52
13
17
19
20
23
25
32
37
39
40
13
17
20
22
27
28
40
44
50
52
6
11
15
18
27
28
37
43
46
51
15
19
22
23
26
27
34
39
42
43
6
11
13
16
17
19
40
45
49
52
53
