time_cost:843918ms
ontime_proportion:0.828571
max_delay:15
avg_delay:1.542857
avg_flowtime:22.885714
object function value:1477.142857
0
0
0
0
0
0
0
0
0
0
0
0
0
0
0
0
0
0
3
5
7
0
0
0
0
0
0
0
0
0
0
0
0
0
0
0
0
0
0
0
1
0
1
3
4
6
7
9
13
15
17
0
0
0
0
0
0
0
0
1
3
0
0
0
0
0
0
1
4
6
8
0
0
0
0
0
1
8
12
15
19
0
0
0
0
1
3
7
12
14
15
0
1
4
6
7
9
10
15
18
20
0
0
0
0
0
1
10
14
19
22
0
0
2
3
5
6
13
17
19
23
0
0
0
0
0
0
0
2
5
6
0
0
0
0
0
0
0
0
0
0
0
0
0
0
0
2
12
18
20
21
0
0
0
0
0
0
11
15
17
20
0
0
0
0
0
0
0
0
0
0
0
0
1
2
3
4
12
17
18
19
0
0
1
4
5
7
13
18
21
25
0
0
1
3
4
5
12
18
21
22
0
2
3
5
6
8
19
26
27
29
0
0
0
0
0
0
0
2
4
5
0
0
0
0
0
0
0
2
3
4
0
0
0
0
0
0
15
20
21
23
0
5
8
10
11
13
19
27
32
34
0
3
5
8
9
11
17
21
23
26
0
0
0
0
1
3
15
20
23
25
0
0
0
0
0
0
11
17
20
22
0
0
0
0
0
0
0
1
2
4
0
0
0
0
0
1
17
21
24
25
5
9
12
14
15
16
18
22
25
27
2
7
9
10
11
13
17
22
24
25
15
19
20
21
22
23
24
28
29
30
7
10
11
12
13
14
16
19
23
24
3
14
17
18
20
22
23
30
34
35
7
12
13
15
16
18
19
25
26
28
9
13
14
16
18
20
21
25
26
28
16
20
21
22
23
24
26
31
32
33
2
6
7
8
9
10
27
33
35
36
5
9
11
14
15
17
25
31
33
36
3
7
9
10
12
15
17
23
25
26
14
19
22
24
25
27
28
34
37
39
4
9
12
14
15
17
24
32
35
37
3
11
14
16
17
19
20
25
28
31
19
23
26
27
29
31
32
36
39
40
1
5
9
11
12
13
27
34
36
38
7
11
12
13
14
17
22
26
28
29
9
22
25
27
28
30
31
37
40
42
19
24
27
29
30
32
33
38
41
43
14
17
18
19
20
21
23
26
27
29
6
11
14
16
17
19
29
35
38
40
23
30
31
32
33
34
35
40
41
42
3
8
11
13
14
18
22
27
30
32
11
15
17
20
21
23
24
28
30
33
29
35
36
37
38
39
41
45
47
48
7
25
28
30
31
33
34
39
42
44
12
16
18
21
22
24
25
29
31
34
21
27
30
32
33
34
36
41
44
46
20
24
25
26
27
28
29
33
35
36
3
14
16
17
19
20
26
30
33
34
2
6
8
9
11
14
36
44
46
47
29
33
34
35
36
37
39
42
43
44
21
29
31
34
35
37
38
42
44
47
1
5
6
9
10
12
25
30
32
34
8
14
16
18
20
22
26
31
34
36
16
20
22
23
25
26
28
32
34
35
14
18
21
23
24
25
27
31
34
37
6
10
13
15
19
21
36
44
47
49
4
7
8
9
10
11
30
41
42
43
0
8
10
13
17
19
32
43
45
48
50
