time_cost:2288ms
ontime_proportion:0.700000
max_delay:19
avg_delay:2.342857
avg_flowtime:28.714286
object function value:2957.142857
0
0
0
0
0
1
2
21
32
35
36
0
0
0
0
0
0
0
0
2
5
0
0
0
0
0
0
13
17
28
31
0
0
0
0
0
0
15
20
27
30
0
0
1
2
4
6
13
19
21
25
0
0
0
0
0
0
3
18
22
27
0
2
4
6
7
8
13
16
18
20
0
0
1
2
3
4
19
24
25
28
0
0
0
0
0
0
0
0
0
1
9
13
14
15
18
22
24
28
29
30
0
0
0
0
0
0
0
0
0
0
0
0
0
0
0
0
0
0
1
7
0
0
0
0
0
3
21
33
36
37
0
2
5
8
12
14
15
26
30
33
0
3
4
5
6
8
16
24
25
29
0
0
0
0
1
2
16
19
21
23
0
0
0
2
4
6
15
21
23
27
0
2
4
5
6
7
24
36
40
41
0
2
3
4
5
8
25
37
40
41
0
0
0
0
0
0
18
27
32
35
0
0
0
3
5
7
21
31
33
36
0
0
0
0
0
1
17
28
30
33
0
0
0
0
0
1
13
17
19
21
0
2
3
6
8
10
12
16
20
23
0
0
0
0
0
0
2
4
5
6
0
0
0
0
1
3
16
21
24
25
0
0
0
0
0
0
0
0
1
2
0
0
0
0
0
0
14
20
23
26
0
0
0
0
0
0
0
0
1
2
0
0
0
0
2
4
19
29
33
36
8
14
15
16
18
20
22
25
26
30
6
11
13
15
17
18
19
26
28
29
3
6
10
13
21
24
26
29
32
33
4
11
13
15
16
17
18
21
24
26
7
10
11
12
18
20
22
25
26
28
10
18
21
22
26
27
28
35
39
40
11
15
16
17
21
23
25
29
30
31
5
9
10
13
15
19
21
25
26
30
0
3
5
7
8
9
13
17
19
23
2
5
8
9
11
13
15
23
27
33
5
11
13
15
16
17
18
21
24
27
10
14
16
18
20
22
23
26
29
31
7
13
15
17
18
19
20
23
25
27
0
7
10
11
13
15
17
24
29
30
11
17
21
24
31
33
35
39
43
46
0
5
7
8
10
12
14
22
26
27
4
7
10
13
15
17
18
21
24
27
3
7
8
12
27
29
31
38
41
44
10
15
17
19
24
26
27
30
33
35
7
13
17
18
25
27
29
34
42
43
10
13
15
17
25
27
28
31
33
35
6
11
13
16
17
18
19
28
31
32
5
8
11
15
22
24
25
29
36
39
1
4
7
10
14
16
21
32
37
41
5
10
12
13
22
25
28
33
35
36
2
7
9
11
13
15
25
32
34
37
10
16
17
18
20
22
24
27
28
32
9
15
16
17
19
21
23
26
27
32
14
19
22
24
32
33
34
40
46
48
6
13
14
17
21
23
25
32
36
39
2
6
7
10
12
14
16
23
27
34
1
5
6
9
11
13
24
28
30
36
8
15
18
21
24
26
27
33
39
43
12
18
21
23
31
32
33
40
45
47
4
9
11
12
27
29
31
37
41
45
7
12
15
16
23
27
29
32
35
36
10
16
18
21
29
31
33
39
42
45
11
18
20
21
23
25
27
30
31
32
1
4
7
17
19
21
22
25
31
37
3
10
17
23
29
31
32
38
44
47
49
