time_cost:729514ms
ontime_proportion:0.871429
max_delay:18
avg_delay:1.200000
avg_flowtime:23.528571
object function value:1070.000000
0
0
0
0
0
1
2
4
8
10
11
0
0
0
0
0
0
0
0
2
8
0
0
0
0
0
0
2
6
7
12
0
0
0
0
0
0
3
6
7
10
0
0
1
2
4
6
8
13
16
18
0
0
0
0
0
0
0
2
6
9
0
2
4
6
7
8
9
12
14
16
0
0
1
2
3
4
10
14
16
23
0
0
0
0
0
0
0
0
0
1
0
4
5
6
7
8
13
20
21
22
0
0
0
0
0
0
0
0
0
0
0
0
0
0
0
0
0
0
1
5
0
0
0
0
0
1
5
10
12
13
0
2
5
8
10
12
13
16
19
22
0
3
4
5
6
7
15
30
33
34
0
0
0
0
1
2
12
15
17
19
0
0
0
1
3
5
15
21
23
24
0
2
4
5
6
7
8
13
15
16
0
2
3
4
5
6
8
12
13
14
0
0
0
0
0
0
5
8
12
15
0
0
0
3
5
8
12
15
16
20
0
0
0
0
0
3
9
13
14
17
0
0
0
0
0
1
17
20
22
27
0
2
3
6
8
10
18
23
24
27
0
0
0
0
0
0
6
9
11
12
0
0
0
0
1
3
16
20
23
25
0
0
0
0
0
0
0
0
1
3
0
0
0
0
0
0
16
22
24
26
0
0
0
0
0
0
0
0
1
2
0
0
0
0
2
4
11
15
18
21
2
5
6
7
9
11
17
24
25
26
5
10
13
14
15
16
17
23
25
28
3
6
9
10
12
14
18
22
25
26
8
11
13
15
16
17
18
23
27
29
2
5
6
7
9
11
19
25
26
27
8
14
16
17
18
19
20
26
29
30
1
5
6
7
8
9
25
29
31
33
6
10
11
14
16
18
20
26
27
30
10
13
15
17
18
19
20
24
26
29
9
12
15
16
18
20
22
27
32
35
13
18
21
23
24
25
26
29
31
33
2
5
7
9
10
13
22
26
28
30
13
17
20
22
23
24
25
30
32
34
0
3
8
9
11
13
22
30
35
36
5
8
9
12
14
16
23
28
33
36
0
6
10
11
13
15
21
32
36
37
4
7
10
13
17
20
21
25
28
31
12
16
17
20
22
24
26
33
34
37
11
15
17
19
21
22
24
29
32
34
16
20
23
24
26
28
30
34
37
38
5
15
17
19
20
21
22
27
31
33
2
7
9
10
11
12
24
31
34
36
14
19
22
25
27
29
30
34
37
40
15
19
22
25
28
30
31
34
37
40
5
10
12
13
15
17
22
28
30
31
10
17
19
20
22
24
26
33
35
36
2
5
6
8
12
14
25
33
36
37
19
25
26
27
29
31
33
37
38
39
20
28
30
32
33
34
35
38
40
42
16
25
26
29
31
33
35
39
40
43
7
11
13
16
19
21
23
28
30
33
14
19
20
23
25
27
29
33
34
38
16
22
25
28
30
32
33
37
40
43
23
31
33
35
36
37
38
41
43
45
4
9
11
13
15
18
26
40
42
43
14
17
20
21
23
25
27
30
33
34
19
26
29
32
34
36
38
42
43
46
0
4
5
6
8
10
25
37
39
40
13
17
20
23
25
27
28
31
34
37
19
25
28
31
33
35
36
40
43
46
48
