time_cost:985128ms
ontime_proportion:0.885714
max_delay:13
avg_delay:0.657143
avg_flowtime:22.114286
object function value:880.000000
0
0
0
0
0
0
0
0
0
0
1
0
0
0
1
2
4
11
15
17
19
0
0
0
0
0
1
19
22
25
26
0
0
0
0
0
0
23
28
29
31
0
0
0
0
0
0
0
0
0
0
0
0
0
0
1
2
17
21
25
27
0
0
0
0
0
5
18
23
24
27
0
0
0
0
0
0
0
4
15
17
0
0
2
3
4
6
8
12
14
15
0
0
1
4
5
6
13
17
20
23
0
2
5
8
9
10
30
34
39
42
0
0
0
0
2
4
18
22
24
25
0
0
0
0
0
0
0
0
1
3
0
0
0
0
2
3
32
35
37
39
0
0
0
0
0
0
14
18
20
21
0
0
0
0
0
0
5
9
26
29
0
0
0
0
0
0
0
0
3
6
0
0
0
0
0
1
21
24
27
28
0
0
0
2
3
4
12
16
17
19
0
0
0
0
0
0
0
0
0
1
0
0
0
0
0
0
0
0
0
1
0
0
0
0
0
0
0
1
2
4
0
0
0
0
0
0
0
1
4
5
0
0
0
0
0
0
0
0
0
2
0
2
4
5
6
8
16
21
23
25
0
0
0
0
1
2
3
8
9
11
0
0
0
0
0
0
0
0
1
2
0
0
0
0
1
2
16
19
21
22
0
0
0
0
0
0
0
0
3
4
0
0
0
0
0
0
0
2
4
5
9
13
15
16
17
19
24
29
32
33
13
18
20
23
24
25
27
33
34
37
17
21
22
24
25
26
28
34
37
39
6
9
11
12
13
14
15
19
22
23
14
18
20
21
22
24
25
29
32
33
2
6
7
9
10
11
24
29
31
33
11
16
17
19
20
21
22
27
29
31
3
6
8
9
11
13
14
17
19
20
0
8
11
13
17
18
22
25
28
29
11
14
15
18
19
20
24
27
28
30
16
19
21
22
23
24
27
31
33
35
20
24
28
31
32
33
34
38
41
44
11
14
17
18
20
22
27
30
33
34
1
5
6
8
11
12
32
36
40
42
9
13
14
16
18
19
24
28
30
32
2
7
9
11
12
13
17
22
23
25
11
15
19
21
22
23
33
37
42
44
11
14
15
17
18
19
21
25
27
29
0
4
6
7
9
11
32
36
39
40
0
3
5
6
7
8
25
29
32
33
9
13
16
19
20
21
22
26
31
34
5
8
11
12
14
15
27
30
33
34
7
11
13
14
15
17
21
25
27
29
5
9
11
12
13
15
17
21
23
24
3
7
8
10
11
12
13
17
18
20
5
10
11
13
14
15
16
21
22
24
7
11
12
16
17
21
24
28
29
32
1
4
6
7
8
9
10
13
16
17
13
16
19
20
21
22
24
27
31
32
1
4
5
7
8
9
21
24
25
27
1
5
9
12
14
16
26
30
34
37
6
11
12
15
16
17
19
24
25
28
8
11
13
14
15
16
30
33
37
38
0
5
6
9
10
13
15
20
24
30
4
8
10
11
12
14
20
27
29
30
3
7
8
10
11
12
13
17
18
22
7
11
13
14
15
17
18
22
24
25
7
11
12
15
16
22
30
35
38
41
3
7
8
11
12
14
28
33
34
37
8
13
14
17
19
20
22
29
30
34
45
