time_cost:931018ms
ontime_proportion:0.757143
max_delay:20
avg_delay:2.214286
avg_flowtime:27.071429
object function value:2330.952381
0
0
0
0
0
0
0
0
1
3
6
0
0
0
0
0
0
0
0
0
0
0
0
0
1
2
4
7
10
18
21
0
0
0
0
0
0
0
2
4
5
0
0
0
1
3
5
20
30
32
33
0
0
0
0
0
2
4
7
10
13
0
0
0
1
2
4
8
12
19
23
0
0
0
0
0
0
0
0
4
7
0
0
0
0
4
6
13
18
21
22
0
0
0
0
0
0
8
12
14
20
0
0
0
0
0
0
10
16
22
23
0
0
0
0
0
0
0
0
0
0
0
0
0
0
4
5
16
21
24
27
0
0
0
0
0
0
16
23
25
26
0
0
0
0
1
3
7
10
13
16
0
0
0
0
0
0
0
1
2
4
0
0
0
0
1
2
17
23
25
28
10
16
19
20
21
23
24
30
33
34
0
0
2
3
6
8
22
36
39
40
0
0
0
3
4
6
18
27
30
33
0
0
0
0
0
0
0
0
0
0
0
0
0
0
0
0
0
0
1
4
0
0
0
0
0
2
19
25
28
29
0
0
0
0
0
1
11
15
18
21
0
0
0
0
0
0
0
0
2
5
0
2
5
6
7
9
16
24
27
28
2
13
16
17
18
20
21
24
27
29
0
1
2
4
5
7
8
12
17
20
0
0
1
2
9
12
20
33
37
38
0
0
0
0
2
4
18
27
31
32
0
4
7
10
11
13
27
43
46
49
16
25
28
31
33
34
35
43
45
48
9
14
16
18
22
23
27
37
39
43
1
8
13
16
17
18
27
44
46
49
3
7
11
14
16
18
25
35
37
40
1
4
6
11
12
13
20
26
28
31
5
9
13
14
16
18
23
38
41
42
4
8
10
12
13
15
16
22
25
27
4
7
8
11
14
16
20
28
29
32
4
8
9
11
12
14
15
19
21
23
10
14
17
18
19
21
22
25
29
30
0
3
5
8
9
10
18
24
26
29
13
19
23
26
30
32
33
45
48
49
13
21
24
27
28
30
31
34
37
40
2
5
7
10
11
12
13
16
21
24
15
21
24
25
26
28
29
32
35
36
8
13
20
24
26
28
30
41
44
47
0
3
4
7
8
10
12
15
20
23
12
16
18
19
21
22
23
28
30
33
10
19
22
25
26
28
29
40
43
46
15
22
25
28
29
31
32
37
40
43
3
9
11
12
15
16
25
33
36
37
9
13
15
16
18
19
25
35
37
38
7
11
17
20
22
23
26
41
43
46
3
7
8
10
11
13
14
18
23
25
7
11
14
15
17
19
21
30
33
35
1
5
15
18
21
22
23
31
33
36
12
19
21
22
24
25
27
34
36
37
4
9
12
13
15
16
22
36
38
39
2
5
12
13
15
17
19
27
30
31
13
16
19
22
23
24
25
32
35
38
1
4
6
9
10
11
20
32
34
37
12
17
20
21
22
24
25
28
31
33
4
8
9
12
13
15
17
23
33
37
13
20
23
24
25
27
28
35
38
39
5
9
12
15
17
18
21
33
35
41
7
11
14
17
18
19
26
39
41
44
1
6
15
18
19
21
22
29
32
35
5
9
10
12
13
15
16
20
22
24
9
13
16
19
21
22
23
30
32
35
50
