time_cost:2220ms
ontime_proportion:0.757143
max_delay:26
avg_delay:3.414286
avg_flowtime:25.428571
object function value:2276.190476
0
0
0
0
0
0
1
13
18
20
23
0
0
0
0
1
2
38
43
52
54
0
0
0
0
0
0
0
0
5
8
0
0
0
0
0
1
41
45
49
50
8
12
14
15
16
17
19
23
25
26
0
0
0
0
0
0
0
0
0
0
0
0
0
0
1
2
15
19
21
22
0
2
3
4
5
7
31
35
40
41
0
0
0
0
0
0
0
0
2
4
0
0
0
0
0
0
0
2
3
8
0
0
0
0
0
0
0
1
22
25
0
0
0
0
0
0
0
3
4
5
0
0
0
0
0
0
0
0
0
0
0
0
0
0
0
0
0
3
5
8
0
0
0
0
0
0
16
20
23
24
0
0
0
0
0
0
0
0
0
1
0
0
0
0
0
0
0
0
2
6
0
0
0
0
0
0
0
0
1
3
0
0
0
1
2
4
12
17
19
21
0
0
0
0
0
0
34
38
45
48
0
0
0
1
3
4
29
33
40
41
0
0
0
3
4
6
37
42
49
52
0
0
0
0
0
0
0
0
0
0
0
0
0
0
0
0
0
0
1
4
7
11
13
16
17
19
21
25
27
30
0
0
0
0
0
2
39
44
53
55
0
5
6
10
12
13
14
19
20
23
0
0
0
0
0
1
13
17
19
23
0
0
0
0
0
0
0
0
0
0
0
0
2
5
6
8
10
14
16
19
9
13
15
16
17
19
24
30
34
35
2
6
8
12
13
15
17
21
23
26
0
4
6
7
8
9
11
15
17
18
3
7
9
11
19
21
33
38
44
46
9
13
15
17
18
19
21
25
27
28
4
8
10
14
16
18
20
24
27
31
6
11
12
15
16
17
19
24
25
28
11
15
17
20
21
23
39
43
52
55
8
12
13
17
21
25
26
30
32
33
8
12
14
16
19
21
23
27
29
31
6
10
11
12
13
16
17
22
23
24
6
10
13
16
17
20
21
25
26
27
5
10
14
15
16
23
25
29
31
32
4
9
16
19
20
21
23
28
29
32
20
25
30
31
34
36
37
41
46
47
0
4
5
8
9
11
23
27
31
34
18
22
28
31
32
34
36
39
42
45
4
8
10
13
14
17
19
23
25
28
2
6
8
11
12
14
16
20
22
25
10
14
17
20
21
25
27
30
33
36
5
9
11
12
14
15
16
20
22
25
2
6
8
9
11
13
35
39
48
49
5
19
24
27
28
30
32
35
38
41
5
9
11
12
15
16
30
34
41
42
1
5
7
9
10
11
13
17
20
22
15
22
26
28
29
31
33
37
41
43
9
13
14
17
19
23
25
29
30
33
20
25
28
32
33
35
37
40
43
46
0
4
6
9
11
13
23
28
37
38
11
16
17
20
21
22
24
29
31
34
14
18
23
25
26
28
29
33
35
37
28
32
38
40
41
42
44
48
50
52
9
13
15
17
18
21
26
30
36
38
21
27
33
36
37
38
40
45
46
49
1
5
7
8
10
11
12
16
18
21
12
16
19
21
22
24
25
29
31
33
27
31
34
37
38
40
42
46
47
50
27
32
37
40
41
42
44
49
50
53
5
10
11
14
15
16
18
23
24
27
13
18
20
23
25
26
32
37
41
44
56
