time_cost:781256ms
ontime_proportion:0.914286
max_delay:11
avg_delay:0.600000
avg_flowtime:24.085714
object function value:660.000000
0
0
0
0
0
0
0
13
17
18
26
0
0
3
6
8
10
13
17
20
23
0
0
0
0
1
2
12
17
19
20
0
0
0
0
0
0
0
0
2
5
0
0
1
2
4
6
12
18
21
22
0
0
0
0
2
3
13
16
18
23
0
0
1
2
3
4
14
17
18
19
0
0
0
0
0
0
0
0
0
1
0
0
0
0
1
2
7
10
12
13
0
0
0
0
0
0
0
0
0
0
0
3
6
8
9
10
15
20
22
28
0
0
0
1
2
3
16
19
20
24
0
0
0
1
3
5
16
20
22
23
0
0
0
0
0
0
0
0
0
1
0
0
0
0
0
0
0
0
0
1
0
0
0
0
0
0
0
0
0
0
0
0
0
0
0
0
0
0
0
0
0
3
5
8
10
12
14
19
21
22
0
0
0
0
0
0
13
16
17
18
0
4
5
6
7
8
17
21
23
24
0
0
0
0
0
0
18
21
23
29
0
0
0
0
0
0
0
0
1
3
0
0
1
2
4
6
10
13
14
20
0
3
4
5
7
9
19
22
24
25
0
0
0
0
0
0
19
22
24
25
0
0
0
0
0
0
3
18
21
24
0
0
0
0
1
2
16
25
27
28
0
2
3
4
5
6
16
22
24
25
0
0
0
0
0
1
14
21
23
24
0
0
0
0
5
11
19
24
26
27
4
9
11
12
14
16
18
23
25
26
5
10
12
13
15
17
19
24
26
27
0
3
4
7
8
9
17
23
24
26
9
14
16
17
18
19
20
25
27
29
0
4
5
6
7
8
12
17
20
22
6
11
13
14
17
18
19
27
29
30
3
8
11
12
16
19
21
24
27
30
1
6
8
11
13
15
20
27
29
30
5
12
14
15
18
21
23
28
30
31
8
11
13
15
16
17
21
24
26
28
11
14
17
18
20
23
25
30
33
34
9
12
13
16
18
20
24
29
30
33
9
13
14
15
20
22
24
30
31
32
0
3
4
5
6
7
11
14
15
16
6
11
13
14
15
16
20
28
30
31
3
6
8
10
11
13
22
26
28
30
10
13
14
18
20
22
24
27
28
32
4
7
10
13
22
25
26
29
32
35
15
18
20
22
23
24
25
28
30
32
5
8
10
12
14
16
22
26
28
30
3
7
9
11
12
17
25
31
34
36
10
13
16
20
24
26
28
31
34
35
6
9
10
15
17
19
24
30
31
34
17
20
22
24
25
26
27
30
32
34
6
9
20
23
25
27
29
32
34
37
6
10
11
12
13
14
28
33
34
35
9
12
13
16
19
21
28
34
36
38
12
16
17
22
28
30
32
35
36
39
6
11
12
15
26
28
30
34
35
36
4
13
17
20
22
24
25
28
31
37
2
5
8
11
26
28
29
32
35
39
3
6
7
8
9
11
30
34
37
38
10
16
17
20
24
26
28
33
34
37
19
26
28
29
30
32
33
38
40
41
3
6
9
10
12
14
27
31
36
37
0
4
5
7
8
9
11
15
16
17
7
14
16
17
22
24
26
36
39
40
0
10
12
13
14
18
25
33
35
36
16
20
23
24
28
30
32
35
38
39
0
3
5
10
11
12
27
34
37
39
42
