time_cost:744909ms
ontime_proportion:0.800000
max_delay:17
avg_delay:1.900000
avg_flowtime:25.614286
object function value:1853.809524
0
0
0
0
0
0
0
11
21
23
26
0
0
0
0
0
0
0
0
0
1
0
0
1
4
6
7
10
17
20
23
0
0
0
0
0
0
0
0
0
5
0
0
2
3
5
6
8
14
16
19
7
12
13
15
16
18
19
23
25
27
0
0
0
0
0
0
2
5
10
14
0
0
0
0
0
2
17
25
28
31
0
0
0
0
0
0
6
11
14
15
0
0
0
0
0
0
0
0
0
0
0
0
0
0
2
3
8
13
15
18
0
0
0
1
2
4
9
14
17
20
0
0
3
6
7
9
14
22
25
28
0
0
0
0
0
0
0
0
0
0
0
0
0
0
0
0
0
0
0
1
0
0
0
0
0
1
17
26
29
32
0
0
0
0
0
0
0
0
0
1
0
0
0
0
0
0
0
0
0
0
0
0
1
2
3
5
15
21
27
28
0
0
1
4
5
7
20
28
31
34
0
0
0
0
0
0
21
27
32
33
0
0
0
0
0
0
11
21
23
26
0
0
0
0
0
0
0
0
0
0
0
0
0
0
0
1
8
12
14
17
0
0
0
0
0
2
22
30
33
36
0
3
4
7
8
10
12
15
16
19
0
2
3
6
7
9
12
17
18
21
0
0
0
0
0
0
3
27
33
36
0
0
0
0
0
0
0
2
3
8
0
1
2
4
5
7
9
15
18
21
5
8
11
13
14
16
21
28
34
35
15
20
23
26
27
29
31
34
35
38
4
11
12
14
15
17
18
22
23
26
0
3
6
9
10
12
20
29
32
35
1
14
17
18
19
21
22
29
34
36
5
8
11
12
13
15
22
29
36
38
14
19
24
27
29
30
31
35
37
40
5
9
12
14
17
19
23
31
38
39
11
16
19
20
21
23
24
32
38
40
9
13
14
17
19
21
23
32
34
37
22
31
36
37
38
40
41
44
47
48
2
7
9
12
18
19
24
32
40
41
8
12
15
16
17
19
23
32
35
39
5
9
10
12
13
15
16
20
21
23
7
11
13
16
24
25
26
35
37
41
15
21
26
29
31
32
33
37
40
43
16
24
27
30
31
33
35
38
39
42
0
4
5
7
9
11
17
26
27
29
3
6
8
11
12
13
19
25
37
40
7
11
12
15
22
24
26
35
36
39
10
16
18
21
23
24
25
33
35
38
4
8
11
12
15
17
19
23
26
27
4
7
10
11
12
14
15
18
21
22
5
10
11
13
15
17
20
31
32
34
3
10
12
14
21
22
24
37
39
40
18
24
28
31
32
34
36
39
41
44
0
4
6
7
9
10
11
15
17
18
16
23
29
32
33
35
37
40
42
45
19
25
31
34
35
37
38
41
44
47
18
24
30
33
34
36
37
40
43
46
13
23
26
27
29
31
33
38
41
45
2
5
8
11
17
19
23
35
38
42
20
27
29
30
32
33
34
39
41
43
12
19
22
23
25
27
29
34
46
47
0
3
6
9
10
12
13
16
19
22
3
7
9
10
14
15
16
20
22
24
0
3
5
8
9
11
12
18
21
25
8
12
15
18
24
26
27
36
39
42
1
4
7
10
11
13
14
17
20
23
0
3
7
10
11
13
25
34
45
48
49
