time_cost:3077ms
ontime_proportion:0.714286
max_delay:17
avg_delay:1.714286
avg_flowtime:28.571429
object function value:2809.523810
0
0
0
0
0
1
2
23
29
30
31
0
0
0
0
4
6
17
23
26
28
0
0
0
0
0
0
13
18
19
20
0
0
1
2
3
4
27
30
31
32
0
0
0
0
0
0
0
0
0
0
0
0
1
2
3
5
17
25
27
28
0
0
0
0
0
0
19
24
26
27
0
0
0
1
2
4
24
29
31
32
0
0
0
0
0
0
0
0
0
3
0
0
0
0
0
0
0
0
0
2
0
0
0
0
0
0
0
0
0
0
0
1
4
6
7
9
12
18
21
23
0
0
0
0
2
4
15
21
24
26
0
0
0
0
0
0
0
0
0
0
0
0
0
0
0
0
0
0
0
2
0
0
0
0
0
0
14
19
21
23
0
0
0
0
0
0
15
26
29
30
0
0
0
0
0
0
16
21
23
24
0
0
0
0
0
2
15
21
23
26
0
0
0
0
0
0
0
0
0
0
0
0
0
0
8
10
27
32
34
35
0
0
0
0
6
8
26
32
34
35
0
0
0
1
2
3
25
31
32
33
0
0
0
1
6
8
18
26
29
30
0
0
1
2
4
6
21
25
26
27
0
0
2
3
5
6
19
23
25
32
10
14
16
19
20
22
29
34
36
37
0
1
4
7
9
11
17
21
24
25
0
0
0
0
0
0
13
17
19
22
0
0
0
0
0
0
20
25
28
30
1
5
8
9
11
13
17
22
25
34
8
14
15
16
21
22
26
31
32
33
1
6
9
11
12
14
18
29
32
34
11
18
19
21
28
30
35
40
41
43
6
14
15
17
20
21
26
31
32
33
0
9
12
14
15
16
23
28
31
33
6
16
18
19
22
24
30
37
39
40
1
6
9
11
12
14
24
30
33
35
4
13
16
17
19
21
22
31
34
36
2
7
10
12
13
14
22
28
31
33
0
3
4
5
6
7
21
24
25
27
1
5
7
8
10
11
17
21
23
24
6
11
14
15
19
22
26
32
35
36
11
19
20
23
26
28
34
39
40
42
10
13
14
15
17
18
21
24
25
26
6
10
11
13
14
16
17
21
22
25
1
6
9
11
12
14
23
34
37
39
13
20
21
22
24
25
32
37
38
39
5
10
13
15
16
18
22
40
43
45
10
15
17
21
22
24
30
34
35
36
2
12
15
17
18
20
22
27
30
32
0
5
8
10
14
16
27
39
42
44
12
20
21
22
25
26
31
36
37
38
5
11
13
14
16
18
21
26
28
29
10
15
16
17
22
23
29
35
36
37
3
8
11
14
18
20
25
32
35
37
8
16
18
20
23
26
32
38
40
41
10
15
16
18
21
23
29
33
34
35
14
20
22
23
30
31
37
43
44
45
9
16
17
22
23
25
30
36
37
38
5
9
12
13
15
17
18
25
28
29
6
18
20
21
27
29
36
44
46
47
6
11
14
16
17
19
36
42
45
47
1
8
11
13
18
20
35
41
44
46
11
19
22
24
31
33
39
45
47
49
1
12
14
17
25
27
32
37
39
42
5
14
17
18
21
23
28
34
37
38
9
17
19
20
29
31
38
44
46
47
13
17
18
19
24
26
30
35
37
38
13
17
18
19
23
26
30
35
36
37
50
