time_cost:786942ms
ontime_proportion:0.928571
max_delay:12
avg_delay:0.514286
avg_flowtime:19.985714
object function value:380.476190
0
0
0
1
2
3
5
6
10
12
14
0
0
0
0
0
0
0
0
0
1
0
0
0
0
0
0
1
5
7
8
0
0
0
0
0
1
8
11
13
14
0
0
0
1
2
3
4
9
11
12
0
0
0
0
0
0
0
0
2
5
0
3
6
7
8
9
10
13
16
17
0
0
0
0
0
0
0
0
2
3
0
0
1
4
5
7
9
13
14
17
0
0
0
1
2
3
4
7
10
11
0
0
0
2
3
4
9
13
14
16
0
0
0
0
0
0
0
0
0
2
0
0
1
2
3
4
13
16
18
19
0
2
3
5
6
7
14
17
18
21
0
0
0
0
0
0
0
0
0
0
0
0
0
0
0
0
13
18
20
21
0
0
2
3
5
7
10
14
16
17
0
0
0
0
0
0
0
0
0
2
0
0
0
0
0
0
7
11
14
15
0
3
4
7
8
9
13
18
19
22
0
0
0
0
0
0
0
0
0
0
0
0
0
0
0
0
2
4
6
7
0
0
0
0
0
0
7
11
14
18
0
2
3
5
7
8
9
14
15
18
0
0
0
0
0
0
18
21
24
26
0
0
0
0
0
0
0
2
4
6
0
0
0
0
0
0
0
1
2
5
0
0
0
0
0
1
16
19
22
24
0
3
6
9
10
11
12
16
20
23
0
0
0
0
0
1
10
14
17
22
6
10
11
13
14
15
16
20
21
24
7
10
11
13
14
15
18
21
22
24
6
9
10
12
13
14
15
20
21
23
16
21
22
24
25
26
27
32
35
37
5
8
9
11
12
13
16
19
20
22
13
16
19
20
21
22
23
30
34
35
9
14
15
17
18
19
20
24
25
28
0
3
4
6
7
9
22
27
33
35
2
18
21
22
23
24
25
28
35
36
4
8
10
11
12
14
17
21
24
25
1
4
6
7
9
10
17
20
23
24
9
12
15
16
17
18
20
23
27
29
17
22
23
25
26
27
28
33
37
39
2
6
7
10
11
15
18
22
23
26
19
22
25
26
27
28
29
32
36
37
5
9
12
13
14
17
19
23
26
27
5
10
11
14
15
16
18
23
24
28
11
15
16
18
19
20
21
25
27
29
21
24
27
28
29
30
31
34
37
38
17
23
24
27
28
29
31
36
38
41
1
6
7
9
10
11
12
17
18
20
13
19
25
27
28
29
30
35
37
39
10
15
17
18
19
21
22
26
28
29
21
25
26
29
30
32
34
38
39
42
12
16
18
19
21
23
24
27
29
30
25
29
31
33
34
35
36
40
42
44
3
7
9
10
11
13
38
42
47
48
22
26
30
33
34
35
36
40
44
47
25
29
31
34
35
37
39
43
44
47
21
26
29
31
32
33
34
38
41
43
14
23
27
30
33
34
35
39
43
46
24
27
30
31
32
34
35
38
41
42
14
20
28
30
31
32
33
36
39
41
26
30
33
35
36
37
38
41
42
44
5
11
13
14
16
18
23
29
31
32
0
4
7
11
20
22
24
28
29
32
26
31
35
37
38
39
40
45
47
49
2
6
7
10
11
12
23
27
28
30
5
9
10
13
14
15
38
42
46
48
14
18
20
21
22
24
25
28
30
32
50
