time_cost:998677ms
ontime_proportion:0.814286
max_delay:17
avg_delay:1.628571
avg_flowtime:25.514286
object function value:1707.619048
0
0
0
0
0
0
0
0
0
0
1
0
0
0
0
0
0
0
0
2
4
0
0
0
0
0
0
15
24
26
27
0
0
0
0
0
0
0
0
1
2
0
0
0
0
0
1
14
20
23
25
0
0
0
0
0
0
0
1
4
5
0
1
4
6
7
8
25
29
32
34
0
0
0
0
0
2
25
30
32
33
0
0
0
0
0
0
14
22
24
27
0
1
2
3
4
5
18
22
23
24
0
0
1
2
3
4
16
21
22
23
0
0
0
0
1
2
15
19
20
21
0
0
0
0
0
0
8
10
13
15
0
3
5
8
9
11
29
33
35
38
0
4
7
10
11
12
34
41
44
46
0
0
0
0
0
0
0
2
4
5
0
0
0
0
0
0
0
5
8
10
0
0
0
0
0
0
0
0
0
1
0
0
0
0
0
1
11
15
16
17
0
0
1
4
5
7
20
24
25
27
0
0
0
0
0
0
0
1
3
6
0
0
0
0
0
0
0
0
0
0
0
0
0
0
1
2
10
14
15
16
0
0
0
0
0
0
26
32
34
37
0
3
5
6
8
9
19
23
25
28
0
0
1
2
3
4
22
25
26
27
0
0
0
0
0
0
0
0
0
0
0
4
7
9
13
15
17
23
26
29
0
0
0
0
0
2
20
27
30
32
0
0
0
0
0
0
19
22
23
25
10
13
14
15
17
23
34
41
44
45
0
5
8
10
11
13
14
19
22
25
4
8
9
11
12
14
15
20
21
24
5
10
13
15
16
18
24
30
33
35
8
13
15
16
18
19
21
25
27
28
7
12
15
16
18
20
27
32
35
36
22
26
28
31
32
34
35
40
42
45
2
7
9
10
14
16
22
28
31
33
11
15
17
18
20
21
24
28
30
33
13
17
19
22
23
25
29
34
36
39
4
8
9
10
11
12
13
17
18
19
1
9
12
14
15
17
21
26
29
32
7
15
18
21
24
26
30
36
39
40
13
16
17
18
19
20
22
25
27
28
17
23
25
26
28
29
32
37
39
40
3
7
10
11
16
18
23
30
32
33
8
18
20
21
22
25
33
39
41
42
9
14
16
17
18
20
25
30
32
33
4
7
8
9
10
11
19
23
24
25
9
16
19
21
22
24
26
33
36
38
0
4
5
7
8
10
24
29
30
32
6
12
15
17
19
22
28
35
38
40
3
9
12
14
17
19
27
33
36
38
1
8
11
12
14
16
28
32
35
36
11
17
20
22
23
24
26
30
33
35
20
26
29
30
32
34
35
39
42
43
1
6
9
11
12
14
32
38
41
43
6
10
13
14
20
22
30
36
39
41
12
19
22
24
25
27
33
41
44
46
17
21
24
26
27
28
31
39
42
44
14
24
27
29
30
31
33
37
40
42
5
9
10
11
12
13
16
20
21
22
5
9
10
11
13
14
18
22
23
24
4
11
13
14
15
17
19
26
28
29
10
13
14
15
17
18
27
32
33
34
1
5
7
8
10
11
30
35
37
38
7
14
16
19
20
22
31
39
41
44
11
18
21
23
24
26
30
36
39
41
9
17
19
20
21
23
29
35
37
38
22
27
30
32
33
35
36
42
45
47
48
