time_cost:760015ms
ontime_proportion:0.842857
max_delay:16
avg_delay:1.314286
avg_flowtime:23.671429
object function value:1360.476190
0
0
0
0
0
0
0
0
0
0
1
0
0
0
0
0
0
0
0
2
4
0
0
0
0
0
0
5
12
14
15
0
0
0
0
0
0
0
0
1
2
0
0
0
0
0
2
9
14
17
19
0
0
0
0
0
0
0
1
4
5
0
1
4
6
7
8
10
14
17
19
0
0
0
0
0
1
11
15
17
18
0
0
0
0
0
0
10
14
16
19
0
1
2
3
4
5
10
14
15
16
0
0
1
3
5
6
13
17
19
20
0
0
0
0
1
2
8
12
13
14
0
0
0
0
0
0
6
9
13
15
0
3
5
8
9
11
12
16
19
23
0
4
7
9
10
11
14
18
23
25
0
0
0
0
0
0
8
12
14
15
0
0
0
0
0
0
1
5
8
10
0
0
0
0
0
0
0
0
0
1
0
0
0
0
0
1
17
22
23
24
0
0
1
3
4
6
9
13
15
17
0
0
0
0
0
0
0
1
3
6
0
0
0
0
0
0
0
0
0
0
0
0
0
0
1
3
18
24
25
27
0
0
0
0
0
0
8
12
14
17
0
2
4
7
9
10
12
17
19
20
0
0
1
2
3
4
10
13
15
16
0
0
0
0
0
0
0
0
0
0
0
6
9
11
12
14
15
20
23
26
0
0
0
0
0
2
10
16
19
21
0
0
0
0
0
0
17
24
25
26
2
5
6
7
8
9
21
26
27
28
0
5
8
10
11
13
20
27
30
32
8
13
14
16
17
19
22
31
32
34
5
10
13
15
16
18
22
28
31
33
14
18
20
21
23
24
26
31
33
34
9
14
17
18
20
22
23
28
31
33
13
17
19
22
23
25
26
31
33
36
5
10
12
13
14
16
20
29
31
32
7
11
13
14
16
17
24
28
30
31
1
6
10
13
16
18
24
30
32
35
4
8
9
10
11
12
24
32
33
34
1
9
12
14
15
17
24
31
34
36
3
7
10
11
13
15
25
30
33
34
17
21
22
23
24
25
27
33
34
35
16
20
22
23
25
26
28
32
34
36
13
19
21
23
25
26
28
33
35
36
15
21
23
24
25
27
30
35
37
38
5
14
16
17
18
20
25
34
36
37
14
17
18
19
20
21
30
34
35
37
12
19
22
24
25
27
28
33
36
38
0
4
5
7
8
10
27
33
34
38
4
9
12
14
18
20
25
34
37
39
3
18
21
25
26
28
29
34
37
39
18
23
26
27
29
31
32
37
40
41
1
5
8
10
11
12
30
37
40
42
20
25
28
29
31
33
34
40
43
44
0
22
25
27
28
30
31
37
40
42
14
21
24
25
27
29
30
35
38
40
20
25
28
30
31
33
34
40
43
45
17
23
26
28
29
30
32
36
39
41
16
23
26
28
29
30
32
36
39
41
4
8
10
11
17
18
30
41
43
44
5
9
11
12
14
15
27
39
40
41
4
9
11
12
13
15
17
22
24
25
21
28
29
30
31
32
34
38
39
40
0
4
6
9
13
14
29
40
42
43
20
26
28
31
32
34
35
39
41
44
18
25
28
30
31
33
34
39
42
44
22
29
31
32
33
35
37
43
45
46
20
26
29
31
33
35
36
41
44
46
47
