time_cost:1036546ms
ontime_proportion:0.942857
max_delay:20
avg_delay:0.842857
avg_flowtime:21.628571
object function value:292.380952
0
0
0
1
3
4
5
6
9
10
12
0
0
0
0
0
0
0
1
3
4
0
0
0
1
2
3
4
9
10
12
0
0
0
0
0
0
0
0
0
1
0
0
0
0
0
0
0
5
8
9
0
0
0
0
0
1
2
6
9
10
0
0
0
0
0
0
0
0
0
2
0
0
0
0
0
0
0
0
0
0
0
0
0
0
0
1
7
11
15
18
0
4
7
9
10
11
12
16
18
20
0
1
4
7
8
9
10
14
17
20
0
0
0
0
2
4
9
12
16
17
0
0
1
4
5
6
9
14
15
19
0
0
0
0
0
0
0
0
0
2
0
0
0
0
1
2
10
13
16
17
0
0
0
0
0
2
10
13
16
17
0
0
0
0
0
0
0
0
0
0
0
0
1
3
4
5
13
17
18
20
0
0
0
0
1
2
12
16
18
21
0
0
0
0
0
0
0
0
1
4
0
0
0
0
0
1
12
17
20
22
0
3
6
9
10
11
12
16
19
22
0
0
0
0
0
0
9
17
20
22
0
0
0
0
0
0
12
17
22
23
0
0
0
0
0
0
0
0
0
1
0
0
0
0
0
0
0
0
0
0
0
0
1
4
5
6
12
15
20
22
0
0
0
0
0
0
0
0
0
3
0
1
3
6
7
9
13
17
20
23
0
0
0
2
4
6
16
19
22
24
1
4
6
7
9
11
12
15
17
20
9
12
13
15
16
17
18
21
23
25
1
5
7
10
11
13
15
19
20
24
9
12
15
16
18
20
24
27
35
36
4
9
10
12
13
14
15
20
21
26
3
8
12
15
17
19
21
25
26
29
5
9
10
12
13
14
17
21
23
25
3
7
8
10
11
12
24
28
36
38
0
3
6
7
8
9
17
21
36
37
7
10
11
14
15
16
17
20
23
25
5
10
14
15
16
18
19
23
25
27
5
10
11
14
15
16
18
23
24
27
7
10
12
13
14
15
27
30
37
38
2
6
12
15
16
18
20
24
25
29
11
16
23
26
27
28
30
35
36
39
1
6
18
20
21
22
29
33
39
41
0
3
5
6
7
8
28
31
38
39
9
12
15
16
18
19
20
25
27
28
7
14
17
19
20
21
28
33
38
40
21
24
29
30
31
32
33
36
41
42
3
7
13
16
17
19
20
24
27
30
19
26
28
30
31
33
34
39
41
43
4
11
12
15
16
17
19
24
25
28
19
23
28
31
32
33
34
38
42
45
20
26
30
33
34
35
37
42
43
46
23
28
30
34
35
36
38
43
44
47
0
6
7
10
13
20
23
27
28
31
16
20
25
28
29
31
33
37
40
43
7
12
15
18
19
20
22
27
28
31
16
19
33
34
35
37
38
41
43
44
4
7
10
11
12
13
14
18
23
24
25
29
34
35
36
38
39
43
47
48
27
31
33
36
38
40
42
46
47
50
0
3
6
8
9
10
15
21
24
25
24
27
31
33
34
35
36
39
45
47
25
29
33
36
37
39
41
45
46
49
4
7
9
10
11
12
31
34
48
49
31
34
40
41
42
43
44
47
50
51
29
32
39
40
41
42
43
46
49
50
14
18
22
23
24
26
32
36
49
50
52
