time_cost:1082749ms
ontime_proportion:0.828571
max_delay:25
avg_delay:1.957143
avg_flowtime:24.400000
object function value:1527.619048
0
0
0
2
5
6
8
19
23
25
28
0
0
0
0
0
0
0
0
1
2
0
0
0
0
0
0
0
0
2
3
0
0
0
0
0
5
21
26
28
29
0
0
1
2
3
7
22
26
27
28
0
0
0
0
0
0
18
22
23
24
0
0
0
0
0
0
0
0
1
2
0
0
0
0
0
0
0
0
0
1
0
0
0
0
0
0
0
0
0
1
0
0
0
0
0
0
28
34
35
36
0
0
0
0
1
2
13
18
21
24
0
0
0
0
0
0
0
0
1
3
0
0
0
0
0
0
0
0
0
0
0
3
4
5
6
7
17
23
24
25
0
3
6
7
9
11
32
38
41
42
0
0
0
0
0
1
17
21
22
23
0
0
0
0
2
3
20
25
27
31
0
0
0
0
1
3
10
14
15
18
0
0
0
0
4
8
36
43
45
46
0
0
0
0
2
4
14
19
22
25
0
0
0
1
3
5
25
33
35
36
0
0
0
0
0
0
0
1
2
4
0
0
0
0
0
0
0
0
0
0
0
0
0
0
1
3
15
24
26
27
0
0
0
0
0
0
0
0
0
1
0
0
0
0
0
0
0
0
0
1
0
0
0
0
0
0
0
0
0
0
0
0
0
0
0
0
20
27
29
30
0
0
0
0
0
0
5
8
9
11
0
0
0
0
0
0
0
2
3
4
7
11
13
14
16
17
19
24
26
29
10
14
15
17
18
20
26
30
31
33
5
10
12
13
15
17
21
26
28
29
3
7
8
10
11
13
28
32
33
35
30
35
38
40
41
42
44
49
52
54
4
8
9
10
11
12
18
22
23
25
14
22
25
27
30
31
40
48
51
53
5
13
16
18
19
21
34
40
43
45
0
9
17
19
29
31
37
45
48
50
0
5
12
14
15
17
34
41
44
46
4
8
10
13
14
16
17
21
23
26
10
17
19
20
21
23
26
32
34
35
11
16
18
19
21
23
25
30
32
34
8
13
15
16
17
19
22
27
29
30
1
5
10
12
13
14
34
40
43
45
2
6
7
8
9
10
15
20
21
22
2
7
10
12
13
15
16
22
25
27
13
18
21
23
26
27
39
46
49
51
17
21
24
25
27
29
30
34
37
40
5
10
13
15
17
19
21
26
29
31
8
15
17
18
20
21
24
28
30
32
7
10
11
12
13
14
16
19
20
22
8
12
13
14
15
16
28
32
33
35
1
5
6
7
8
9
19
23
24
25
9
13
14
16
17
19
21
25
26
28
5
9
10
12
13
15
16
20
23
25
3
7
8
9
10
11
15
21
22
23
10
15
18
20
21
23
32
37
40
42
12
19
22
24
25
27
31
37
40
42
12
17
20
22
23
25
26
31
34
36
5
10
13
15
16
18
23
28
31
33
0
5
7
9
10
12
23
28
30
31
29
34
37
39
40
42
43
48
51
53
7
12
15
17
24
26
36
43
46
48
0
8
11
14
28
30
38
45
48
50
20
24
25
26
27
28
39
44
45
46
6
12
15
17
19
21
23
29
32
34
10
15
17
18
19
21
27
32
34
35
12
16
19
20
22
24
25
29
32
33
11
16
19
21
23
25
26
31
34
36
55
