time_cost:842820ms
ontime_proportion:0.914286
max_delay:11
avg_delay:0.557143
avg_flowtime:22.900000
object function value:620.476190
0
0
1
2
14
16
18
20
24
25
28
0
0
0
0
0
0
0
0
0
1
0
0
0
0
0
0
0
0
0
0
0
2
3
6
8
10
12
16
17
24
0
3
6
9
11
13
14
17
20
23
0
0
0
0
0
0
0
0
0
2
0
0
0
1
3
5
10
17
20
26
0
0
0
0
0
0
12
20
23
24
0
0
0
0
0
0
0
0
0
0
0
0
0
0
0
0
0
0
1
3
0
3
6
7
10
12
14
17
20
21
0
0
0
0
0
0
0
0
0
0
0
0
0
0
0
0
0
0
1
2
0
0
0
0
0
0
2
4
7
8
0
0
2
3
5
7
9
13
17
18
0
0
0
0
2
4
10
15
19
20
0
3
4
7
10
12
14
19
20
23
0
0
0
0
0
0
0
0
2
3
0
0
0
0
0
0
0
0
0
0
0
0
1
2
3
4
13
21
22
25
0
0
0
0
0
0
0
0
0
0
0
2
3
6
8
10
12
15
16
20
0
0
0
0
0
0
0
0
1
3
0
0
0
0
0
0
0
5
9
10
0
4
6
7
9
11
13
21
23
26
0
0
0
0
0
2
16
20
22
25
0
0
0
0
0
1
18
21
24
28
0
0
0
1
2
3
17
20
21
26
0
0
0
1
3
4
23
26
27
28
0
0
0
0
0
0
13
22
23
27
4
11
14
15
18
20
22
25
28
30
8
11
12
13
16
18
23
27
28
29
7
11
13
15
16
18
21
24
26
28
7
14
15
16
21
24
26
29
30
31
4
11
14
17
20
22
23
26
29
32
7
10
11
12
14
16
20
25
26
27
4
11
14
15
17
20
22
25
28
29
4
7
8
9
12
14
18
21
22
23
0
3
4
8
19
22
24
28
29
30
9
13
14
17
20
22
24
28
29
32
1
5
8
9
11
13
15
23
26
31
10
13
14
18
21
23
26
29
30
33
0
4
6
9
19
21
26
30
31
34
5
8
11
12
17
19
26
29
32
33
9
15
17
19
25
26
27
30
32
34
2
5
7
10
23
25
28
31
33
36
11
16
18
19
25
26
27
32
34
35
2
7
9
16
18
20
23
28
30
31
4
9
11
14
16
17
18
23
25
26
15
18
19
20
22
24
28
31
33
34
4
9
11
12
14
16
18
23
25
26
15
18
21
22
24
27
29
32
35
38
8
15
17
19
22
23
24
29
31
33
0
4
5
6
7
8
15
23
24
27
5
8
11
12
14
18
20
28
31
36
2
6
7
11
23
26
28
31
32
35
8
12
13
14
17
31
34
38
39
40
12
20
21
24
26
29
31
34
35
36
9
16
17
18
23
24
26
32
34
35
3
8
10
11
12
14
29
34
36
37
7
14
15
16
24
28
29
32
33
34
11
20
21
22
28
30
31
34
35
36
21
26
28
30
31
32
33
38
40
41
21
26
28
29
30
31
32
37
39
40
16
21
23
24
26
29
31
36
38
39
4
11
13
18
26
28
30
35
37
38
20
23
25
27
28
30
31
34
36
38
4
9
11
12
14
16
18
31
33
37
7
14
16
19
25
27
28
35
37
40
10
17
20
22
26
28
30
33
36
37
42
