time_cost:8355ms
ontime_proportion:0.757143
max_delay:17
avg_delay:1.571429
avg_flowtime:25.928571
object function value:2292.857143
0
0
0
0
0
0
1
19
23
25
26
0
0
0
3
4
6
15
19
25
28
0
0
0
0
0
0
1
5
22
25
0
0
0
0
0
0
16
21
23
26
0
0
0
0
0
0
0
2
4
5
0
0
0
0
0
0
0
0
5
9
0
0
0
0
0
0
0
0
0
0
0
0
0
0
0
0
15
19
27
30
0
0
0
0
0
0
0
2
3
4
0
0
0
0
1
2
14
19
24
27
0
0
0
0
0
0
0
0
0
0
0
0
1
4
6
7
14
19
22
25
0
0
0
0
0
0
0
0
0
2
0
0
0
0
0
0
0
3
23
25
0
0
0
0
0
0
0
0
0
0
0
0
0
0
0
1
15
20
28
31
0
0
0
0
0
0
16
20
30
32
0
2
4
5
6
7
19
23
26
27
0
0
0
0
0
0
0
0
3
6
0
1
3
5
6
8
16
20
27
29
0
0
0
0
0
0
0
0
2
3
0
0
0
1
2
3
19
24
28
31
0
0
0
0
0
0
0
0
1
3
0
0
0
0
0
1
19
23
30
33
0
0
0
0
0
0
1
4
7
10
0
3
4
7
8
10
23
28
32
35
0
0
0
0
0
0
0
2
4
6
0
0
0
0
0
0
0
0
0
3
0
0
0
0
0
0
0
0
0
0
0
1
3
4
5
8
16
20
25
26
10
14
18
19
20
21
23
27
29
30
3
7
9
12
13
15
20
25
32
35
11
16
20
21
22
24
25
29
30
31
0
4
6
8
9
11
19
25
31
33
4
8
10
13
14
16
24
29
33
36
11
15
20
22
23
25
26
30
35
37
3
8
9
12
14
15
18
23
25
28
0
4
6
8
9
10
15
19
23
25
7
12
15
18
19
24
26
31
35
38
7
12
17
20
21
22
27
32
37
40
3
7
9
14
15
17
28
32
38
41
8
12
16
20
22
28
32
36
40
43
12
17
21
22
23
24
26
30
32
33
2
6
12
15
16
18
31
35
41
44
12
16
20
23
24
26
28
32
36
38
6
10
15
16
18
19
20
24
26
27
8
12
19
21
22
25
27
31
33
35
10
14
18
20
27
29
30
34
36
38
2
6
8
11
12
14
21
25
37
40
0
3
6
9
10
12
32
37
43
46
12
17
22
24
25
26
28
33
38
40
5
9
12
16
25
30
32
37
44
47
10
14
18
19
20
21
23
27
29
30
0
5
6
9
11
12
18
24
26
34
4
9
13
16
17
28
30
34
40
43
6
10
14
17
18
20
23
27
34
37
14
18
22
23
24
27
28
32
33
34
5
10
12
15
16
17
19
24
30
33
3
9
12
15
16
18
23
28
40
44
6
11
15
18
19
29
31
36
43
46
6
12
17
20
21
22
24
29
38
41
4
7
11
14
17
19
23
26
37
40
7
11
15
19
20
30
32
36
41
44
7
11
16
18
19
21
22
26
27
28
12
16
19
20
21
23
24
28
29
30
9
14
19
23
26
30
32
37
43
46
14
18
22
24
26
27
29
33
35
36
3
6
9
12
13
16
31
35
40
45
11
16
21
23
24
26
27
31
33
35
11
15
20
22
26
28
29
33
35
37
48
