time_cost:1292391ms
ontime_proportion:0.828571
max_delay:16
avg_delay:1.414286
avg_flowtime:23.814286
object function value:1508.095238
0
0
0
0
0
0
0
7
10
12
13
0
0
0
0
0
1
11
14
17
18
0
0
0
0
0
0
0
0
0
1
0
0
0
0
1
3
11
15
18
19
0
0
1
4
5
6
17
21
26
29
0
0
0
0
0
1
15
18
21
22
0
0
0
0
0
1
12
17
19
21
0
0
1
4
5
7
15
19
20
23
0
5
6
8
9
10
18
23
25
27
0
0
0
0
0
0
1
4
5
7
0
0
0
0
0
0
0
0
0
1
0
0
1
3
4
5
23
27
30
32
0
0
0
0
0
0
0
0
0
0
0
0
0
0
1
2
10
20
21
24
0
1
4
5
6
7
14
17
20
21
0
0
0
0
0
2
14
19
20
23
0
0
0
0
0
0
0
0
2
3
0
0
0
0
0
0
9
14
15
18
0
0
0
0
0
4
23
27
29
30
0
0
0
0
0
0
0
0
0
2
0
0
0
0
0
0
0
0
0
0
0
0
0
0
0
0
0
0
1
3
0
0
0
0
0
0
0
0
0
0
0
0
0
0
1
5
33
38
41
43
0
0
0
0
1
2
10
13
15
16
0
0
0
0
0
0
0
2
4
5
0
0
2
4
5
6
15
19
21
23
0
0
0
0
0
0
0
2
5
6
0
1
3
5
6
7
21
25
27
29
0
0
0
2
3
4
25
28
35
38
4
7
10
11
14
15
28
31
34
36
21
25
31
34
35
36
37
41
44
47
6
10
11
13
14
16
35
39
42
44
2
11
14
17
18
19
27
31
37
40
6
9
11
12
13
14
20
24
26
27
0
5
6
9
10
11
13
18
23
26
15
20
30
33
34
35
37
42
44
47
22
27
29
31
32
33
34
39
43
45
5
9
12
14
15
16
22
26
31
33
0
3
4
6
7
8
18
21
22
24
8
12
16
19
20
24
26
30
32
35
3
8
9
12
13
14
18
24
28
31
3
8
9
13
14
18
20
25
27
30
10
15
16
18
19
20
21
26
27
29
16
21
22
25
26
27
31
39
41
44
18
22
25
28
29
30
31
35
38
41
12
15
17
18
19
20
29
34
36
37
13
17
18
20
21
22
28
33
35
37
9
13
16
17
18
19
25
28
33
34
4
8
10
11
12
14
18
22
24
25
9
12
13
15
17
18
35
40
45
47
0
4
7
10
11
12
15
20
23
26
6
10
13
16
17
19
22
26
29
32
8
11
13
14
15
16
17
20
23
25
7
10
12
13
15
17
30
34
37
38
9
13
14
17
18
20
23
27
29
32
12
16
19
20
21
22
27
30
33
35
3
8
9
11
12
13
23
29
34
36
8
11
13
15
16
17
32
36
40
41
3
6
8
9
11
13
15
18
20
21
5
9
10
13
14
16
19
23
24
27
8
13
14
16
17
18
28
34
37
39
5
10
11
14
16
17
19
24
26
29
13
18
19
21
22
23
24
29
32
34
2
5
8
9
10
11
31
36
39
40
2
6
7
10
11
13
27
31
34
39
19
23
24
26
27
28
33
38
40
42
0
4
6
7
8
9
26
29
34
35
3
7
9
10
16
21
26
30
35
36
10
15
17
20
21
22
25
30
32
35
48
