time_cost:984820ms
ontime_proportion:0.857143
max_delay:25
avg_delay:1.914286
avg_flowtime:25.442857
object function value:1276.666667
0
0
0
0
0
0
0
0
0
0
0
11
16
17
20
22
23
26
31
34
37
0
0
0
0
0
0
0
0
0
2
0
0
2
3
5
6
19
23
26
27
0
0
0
0
4
6
26
30
35
38
0
0
0
1
2
3
9
13
15
16
0
0
0
0
0
0
0
0
0
0
0
0
0
1
3
5
22
26
28
29
0
0
0
0
0
0
17
21
26
29
0
4
6
7
8
9
19
23
26
27
0
4
6
8
9
11
12
16
18
22
0
0
0
0
0
0
0
0
0
0
0
0
0
0
1
3
11
15
16
18
0
0
1
3
6
7
33
37
43
45
0
0
0
0
0
0
9
14
17
21
0
0
0
0
0
0
0
0
0
0
0
0
0
0
0
0
0
2
4
6
0
0
0
2
3
4
19
23
27
29
0
0
2
5
6
8
10
13
16
19
0
0
0
0
0
0
0
0
1
4
0
0
0
0
0
0
30
34
42
44
0
0
2
3
5
6
7
11
13
17
0
0
0
0
0
0
0
2
24
27
0
0
0
0
0
0
0
1
2
5
0
0
0
0
1
2
8
13
14
17
0
0
0
2
3
5
24
27
32
35
0
0
0
0
0
0
0
2
3
6
0
1
3
5
6
8
13
17
21
22
0
0
0
0
2
3
13
18
20
23
0
0
0
0
0
0
0
0
0
0
0
5
6
9
10
14
17
22
28
31
1
6
10
12
13
14
26
31
39
41
23
27
32
35
36
38
40
43
46
49
15
19
22
23
25
26
29
33
41
42
4
8
9
10
11
13
25
29
31
32
26
30
35
37
38
39
41
45
51
53
3
6
9
12
13
15
17
20
23
26
6
10
14
15
17
18
22
27
29
30
5
9
13
14
18
19
30
36
42
43
15
19
23
25
28
30
38
42
49
51
14
18
20
23
24
30
37
41
48
51
29
33
38
41
42
44
46
50
51
54
5
9
12
13
14
15
17
21
23
25
2
6
7
12
16
22
34
39
45
48
18
22
26
29
30
32
34
38
41
44
11
14
17
20
21
23
25
28
31
34
2
7
10
13
14
16
26
30
33
36
21
25
29
31
32
33
35
39
44
46
7
11
13
14
16
17
20
24
27
28
0
4
6
8
12
21
26
30
33
35
12
17
19
22
23
24
26
31
35
38
4
9
11
15
16
18
20
24
30
33
6
11
13
17
19
20
21
26
27
30
16
20
22
24
25
27
28
32
35
38
4
8
11
14
15
17
20
24
29
32
11
15
19
22
23
25
34
39
44
47
11
16
23
26
27
28
30
35
36
39
10
15
16
19
20
21
24
29
32
35
4
9
10
13
14
16
18
22
23
26
3
7
9
10
11
12
14
18
20
21
2
5
8
11
12
23
37
40
47
50
5
9
12
13
15
19
22
29
31
32
8
11
14
17
18
20
23
26
30
33
8
12
14
17
19
24
38
42
50
53
3
7
9
10
12
14
15
19
22
23
0
3
6
9
10
12
14
17
20
23
18
22
25
28
29
31
33
37
39
42
7
11
14
15
17
18
22
26
30
31
16
20
24
26
27
28
30
34
37
39
8
12
15
19
21
22
23
27
29
30
55
