time_cost:1514435ms
ontime_proportion:0.942857
max_delay:13
avg_delay:0.442857
avg_flowtime:22.742857
object function value:329.523810
0
0
0
0
0
0
0
9
13
16
19
0
0
0
0
0
0
15
21
22
24
0
0
0
0
0
0
0
3
6
9
0
2
3
5
6
7
13
18
21
23
0
3
5
6
8
10
11
14
16
17
0
0
0
0
0
0
0
0
2
5
0
0
0
0
0
0
0
0
0
5
0
0
0
0
0
0
0
0
0
0
0
0
0
1
2
3
15
22
24
25
0
0
1
4
5
6
19
22
25
26
0
0
0
0
0
0
0
0
1
2
0
0
0
0
0
0
12
16
19
21
0
0
0
0
0
1
25
29
33
36
0
0
0
0
0
0
0
0
0
0
0
0
0
0
0
0
17
21
24
25
0
0
0
0
0
0
0
0
0
0
0
0
0
1
3
5
13
19
21
22
0
0
0
2
4
6
18
22
24
25
0
2
5
8
9
10
22
28
31
32
0
0
0
0
0
0
16
24
26
27
0
0
0
0
0
2
18
25
27
28
0
0
0
0
0
0
0
1
3
4
0
0
0
0
0
0
0
0
0
0
0
0
0
0
0
0
0
0
3
6
0
0
0
0
0
0
0
0
0
0
0
0
0
0
0
0
18
23
26
29
0
0
0
0
0
0
0
0
0
0
0
0
0
1
2
3
6
9
12
13
0
0
0
0
0
0
0
1
3
4
0
0
0
2
3
4
32
37
39
42
9
13
16
17
18
19
24
30
33
34
1
5
8
11
12
13
14
19
22
25
0
3
4
6
7
8
21
26
28
30
4
9
10
12
13
14
30
36
37
39
3
6
9
10
11
12
13
16
19
20
6
10
19
22
23
25
27
33
34
37
5
11
14
16
18
19
24
34
35
38
16
21
22
25
26
27
32
37
40
42
4
7
10
11
12
13
14
18
22
23
10
16
18
19
22
24
25
32
34
35
11
15
18
21
22
23
24
28
31
34
13
18
20
21
24
25
26
33
35
36
9
14
15
18
19
20
25
30
32
35
6
11
13
14
16
18
19
24
26
27
10
16
18
19
20
22
23
28
30
31
1
5
6
8
9
10
11
15
16
18
6
11
12
16
17
18
20
25
26
29
8
12
15
16
17
18
23
29
32
33
9
17
19
20
21
23
24
31
33
34
10
15
23
26
27
28
30
35
37
40
1
6
7
9
10
11
22
27
29
31
9
13
15
18
19
21
23
27
29
32
6
11
12
15
16
17
19
26
29
32
15
19
21
22
23
25
28
32
34
35
15
19
21
22
24
26
27
30
32
33
3
7
9
10
11
13
21
26
28
29
6
12
13
15
16
17
21
26
30
32
12
16
19
22
23
24
25
31
35
38
5
8
9
11
12
13
21
27
30
32
1
5
6
8
9
10
18
24
25
27
3
6
8
10
11
12
20
27
29
30
7
12
13
15
16
17
20
25
27
29
0
6
8
11
17
19
32
36
39
42
2
8
11
14
15
16
17
22
25
28
7
10
12
13
14
15
29
34
36
37
5
9
11
12
13
15
31
35
38
39
1
6
7
9
10
11
18
27
28
30
0
3
6
9
10
11
29
32
35
36
2
7
10
13
14
15
16
20
23
26
14
21
22
24
25
26
27
31
35
37
43
