time_cost:889575ms
ontime_proportion:0.900000
max_delay:24
avg_delay:1.300000
avg_flowtime:21.542857
object function value:718.095238
0
0
0
2
5
6
8
12
18
20
23
0
0
0
0
0
0
0
0
1
2
0
0
0
0
0
0
0
0
2
3
0
0
0
0
0
2
10
15
17
18
0
0
1
2
3
4
10
14
15
16
0
0
0
0
0
0
12
16
17
18
0
0
0
0
0
0
0
0
1
2
0
0
0
0
0
0
0
0
0
1
0
0
0
0
0
0
0
0
0
1
0
0
0
0
0
0
7
10
11
12
0
0
0
0
1
2
15
19
22
24
0
0
0
0
0
0
0
0
1
3
0
0
0
0
0
0
0
0
0
0
0
3
4
5
6
7
11
15
16
17
0
3
6
7
9
11
12
16
19
20
0
0
0
0
0
1
9
13
15
17
0
0
0
0
3
5
11
15
17
19
0
0
0
0
1
3
14
19
20
22
0
0
0
0
2
3
15
19
21
22
0
0
0
0
2
4
17
21
24
25
0
0
0
1
4
7
14
19
21
22
0
0
0
0
0
0
0
1
2
3
0
0
0
0
0
0
0
0
0
0
0
0
0
0
1
5
12
17
19
20
0
0
0
0
0
0
0
0
0
1
0
0
0
0
0
0
0
0
0
2
0
0
0
0
0
0
0
0
0
0
0
0
0
0
0
0
16
21
23
24
0
0
0
0
0
0
15
18
19
20
0
0
0
0
0
0
0
2
3
4
2
6
8
9
11
12
16
22
24
25
3
8
9
11
13
15
24
30
31
33
2
7
9
11
12
14
16
21
23
24
7
11
12
14
15
17
18
22
23
25
2
6
9
11
12
13
15
19
22
24
19
23
24
25
26
27
28
35
36
37
7
11
14
16
17
18
20
24
27
29
5
10
13
15
16
18
19
24
27
29
0
5
8
10
11
13
23
28
32
34
17
22
25
27
28
30
31
37
40
42
10
14
16
19
20
22
23
27
29
32
2
8
10
11
13
15
18
24
26
27
2
7
9
10
11
13
18
24
26
27
7
12
14
15
16
18
20
26
28
29
1
5
10
12
13
14
30
36
39
41
2
6
7
8
9
10
21
25
26
28
2
9
12
15
18
20
21
26
29
31
22
27
30
32
33
34
36
40
43
45
21
25
28
29
31
33
34
39
42
43
7
12
15
17
20
22
23
28
31
34
8
12
14
15
18
19
32
39
41
42
11
14
15
16
17
18
20
23
24
25
6
10
11
13
19
21
36
44
45
46
14
18
20
21
22
23
25
29
31
33
26
31
32
34
35
37
38
43
45
47
5
9
11
13
14
16
32
42
43
45
6
10
11
12
14
16
23
29
30
31
24
30
33
35
36
38
39
44
47
49
3
8
12
14
18
20
33
41
45
47
25
31
34
36
37
39
40
45
48
50
2
27
30
32
33
35
36
44
47
49
12
17
19
20
22
24
26
31
33
34
28
34
37
39
40
42
43
48
51
53
27
33
36
38
39
41
42
47
50
52
22
32
35
37
38
40
41
47
50
52
33
43
44
45
46
47
49
52
53
54
10
15
18
20
24
26
27
32
35
37
7
12
14
15
18
20
27
33
35
36
29
36
39
40
42
44
45
50
53
54
6
15
18
20
23
25
26
31
34
36
56
