time_cost:952015ms
ontime_proportion:0.828571
max_delay:21
avg_delay:2.128571
avg_flowtime:24.300000
object function value:1524.285714
0
0
0
1
4
5
7
9
12
13
16
0
0
0
0
0
0
0
0
1
5
0
0
1
3
4
6
7
11
12
15
0
0
0
0
0
0
0
0
0
0
0
0
0
0
0
0
0
0
0
0
0
0
0
0
0
0
1
5
6
8
0
0
0
0
0
0
0
0
0
1
0
0
0
1
3
4
5
12
14
15
0
0
0
0
0
0
0
0
0
2
0
0
0
0
0
1
2
9
12
15
0
0
0
0
1
3
4
9
12
16
0
0
0
0
0
0
11
17
22
24
0
0
0
0
0
0
5
13
16
19
0
0
0
0
0
2
7
13
14
17
0
0
0
0
0
0
0
0
0
2
0
0
0
0
0
0
7
13
14
18
0
0
0
0
2
3
6
14
16
17
0
0
0
0
0
0
0
1
3
4
0
0
0
0
3
5
7
14
17
20
0
0
0
0
0
1
5
11
15
16
0
0
0
0
0
1
15
23
27
28
0
2
4
7
8
9
10
14
17
21
0
0
0
0
0
0
13
20
22
26
4
7
8
11
12
14
16
22
23
26
0
0
0
0
1
3
10
16
20
23
0
1
2
4
5
7
9
17
18
21
0
0
0
0
0
0
0
0
1
3
0
0
0
0
0
0
0
0
0
0
0
0
0
0
0
0
0
1
3
6
0
0
0
0
0
0
8
16
20
23
8
14
17
20
21
23
24
28
31
34
2
9
11
12
14
15
17
26
30
31
0
3
5
8
9
10
11
19
22
25
1
6
9
12
13
16
18
25
28
31
1
7
10
11
15
17
19
28
31
36
3
6
9
12
13
15
16
24
27
30
1
4
8
12
13
15
17
27
31
34
12
21
23
24
26
27
29
34
37
38
4
10
19
22
23
25
26
31
34
37
7
12
15
18
19
21
22
25
28
31
11
18
19
21
22
24
25
32
34
36
10
18
21
22
23
25
26
29
34
35
11
21
23
24
26
27
28
33
35
38
13
20
24
27
28
30
31
34
37
40
17
23
26
27
28
30
31
34
38
39
4
7
15
18
19
20
21
30
32
35
5
8
11
14
15
17
22
36
39
42
10
18
21
23
24
26
27
31
36
37
5
8
11
14
15
17
18
21
31
34
19
25
28
31
32
34
35
39
42
45
5
11
27
30
31
32
33
37
39
42
11
19
25
28
30
31
32
39
42
45
1
4
7
10
11
13
23
37
40
43
13
23
25
28
29
30
31
35
37
40
14
26
28
31
32
33
34
37
39
43
13
24
26
27
30
31
33
38
40
41
8
15
18
19
20
22
23
34
37
38
20
31
32
34
35
37
38
42
43
45
2
5
8
11
15
17
18
32
35
38
15
28
31
32
33
35
36
40
43
44
8
16
21
28
30
31
33
40
45
47
1
5
6
8
9
11
23
33
45
47
13
21
24
27
28
30
31
35
38
41
15
28
30
31
33
34
35
39
41
42
15
23
31
34
36
37
38
42
45
48
0
4
7
8
10
12
16
37
41
43
22
30
34
37
38
40
41
44
47
50
21
32
34
35
37
38
40
45
48
49
0
5
7
8
10
11
13
18
20
21
20
28
35
38
39
40
41
44
46
49
51
