time_cost:817719ms
ontime_proportion:0.842857
max_delay:21
avg_delay:1.942857
avg_flowtime:27.371429
object function value:1483.809524
0
0
0
0
0
4
6
13
17
20
23
0
0
0
2
4
6
17
20
26
27
0
0
0
0
0
1
7
12
15
17
0
0
0
0
0
0
13
18
22
24
0
0
0
0
0
0
0
0
0
3
0
0
0
0
0
1
19
26
29
30
0
0
0
0
0
0
19
22
25
26
0
0
0
0
1
2
17
20
23
27
5
10
13
16
17
18
19
24
26
27
0
0
0
0
0
0
20
24
27
30
0
0
0
0
0
0
0
0
0
0
0
0
0
0
0
0
0
0
0
4
0
0
1
2
3
4
13
20
25
26
0
0
2
3
5
7
13
26
28
31
0
0
2
7
11
13
30
36
42
45
0
0
1
4
6
8
16
19
23
28
0
0
0
0
0
0
29
35
40
43
0
0
0
0
2
4
7
10
14
20
0
0
0
0
0
0
0
0
0
0
0
0
0
0
2
4
10
16
19
26
0
0
0
0
0
2
10
16
18
21
0
0
0
0
0
0
0
0
1
4
0
0
0
0
2
6
34
38
48
49
0
0
0
0
0
0
0
0
0
0
0
0
1
2
3
4
14
18
21
22
0
2
3
6
8
10
33
38
43
48
0
0
0
0
0
0
23
30
32
34
0
0
0
0
0
0
0
3
8
24
0
0
0
0
0
0
10
16
17
20
0
0
0
0
0
0
32
36
45
48
25
28
33
36
38
40
42
45
46
49
0
3
4
5
7
9
16
21
24
26
2
6
7
10
12
15
32
37
43
46
1
4
5
6
7
8
10
15
16
17
8
15
17
18
21
23
25
30
34
40
11
17
18
21
25
26
27
32
33
34
6
13
15
16
24
26
28
34
39
40
4
10
13
14
15
16
18
22
23
24
9
13
16
19
21
23
24
27
30
37
12
17
21
24
26
28
30
34
36
39
8
15
17
18
20
22
24
29
31
32
5
8
10
12
13
14
15
18
20
22
0
3
4
7
9
11
13
19
24
25
6
11
12
15
19
21
28
33
37
40
5
11
14
23
24
25
26
29
31
33
4
8
11
14
16
18
19
22
25
28
11
16
18
21
23
25
27
32
39
42
4
7
10
13
15
17
18
21
24
33
22
28
33
36
38
40
41
44
47
50
4
7
10
21
23
25
26
29
32
35
0
5
7
8
9
15
34
39
46
47
25
32
38
39
40
41
42
47
49
50
6
10
13
14
16
20
22
25
28
29
5
8
11
15
17
19
20
23
30
39
8
13
16
17
20
22
24
27
30
32
0
4
5
6
7
8
13
17
19
20
2
5
6
9
11
13
15
18
19
22
4
7
10
17
19
21
22
25
28
31
10
14
16
19
22
26
28
31
32
38
10
15
16
17
18
19
21
25
27
28
3
6
7
8
10
12
26
31
36
37
1
4
7
9
11
13
16
20
25
29
11
17
27
30
32
34
36
39
40
43
2
7
8
9
10
11
18
23
26
27
7
11
14
15
18
20
22
25
26
27
1
4
5
6
8
10
14
18
22
23
7
12
14
16
18
19
20
23
27
29
2
5
8
11
13
15
16
19
22
28
8
12
15
18
22
24
25
31
34
38
14
19
22
23
25
27
29
34
37
38
52
