time_cost:8528ms
ontime_proportion:0.642857
max_delay:19
avg_delay:3.285714
avg_flowtime:30.128571
object function value:3575.714286
0
0
0
0
0
0
0
0
0
0
0
0
0
0
0
4
6
19
28
32
35
0
0
2
5
7
8
13
20
22
25
0
0
2
3
5
6
11
21
23
24
0
0
0
0
0
0
0
0
0
0
0
0
0
0
1
2
11
19
25
28
0
0
0
0
3
4
15
24
26
29
0
0
0
0
0
0
0
0
0
0
0
0
0
1
2
4
20
32
33
36
0
0
2
5
8
10
16
23
26
29
0
0
0
1
3
5
14
22
25
26
0
0
0
0
1
3
12
21
24
26
0
0
0
0
0
0
0
0
0
1
0
0
0
0
0
0
0
0
0
0
0
0
0
0
0
0
10
23
26
27
0
0
0
0
0
0
0
0
0
1
0
0
2
5
7
8
13
19
24
30
0
0
0
0
0
0
22
33
35
38
0
3
6
9
10
12
21
30
34
37
0
0
0
0
0
2
20
34
37
40
0
0
0
0
0
1
18
26
29
32
0
0
0
1
2
4
12
23
24
26
0
0
0
0
0
0
0
0
0
1
0
0
0
0
0
0
0
33
36
39
0
0
0
0
0
0
19
28
31
34
0
0
2
5
6
8
21
31
34
37
0
0
0
0
0
0
0
2
4
7
0
0
0
0
0
0
0
0
0
0
0
1
3
6
7
8
22
34
37
40
0
0
0
0
0
1
17
29
32
33
5
9
12
13
15
17
19
25
28
31
2
9
12
14
16
19
21
26
29
30
5
10
13
16
17
19
22
31
37
40
3
6
13
16
20
23
24
32
35
38
10
17
20
21
25
27
28
37
40
41
1
6
8
9
11
12
14
19
22
23
8
16
19
20
21
23
24
28
33
34
0
14
17
18
19
21
24
36
40
41
4
7
10
21
23
25
26
36
39
42
4
8
10
13
15
16
17
26
28
33
0
5
7
11
13
14
16
21
23
28
10
19
21
24
25
26
27
34
40
43
0
3
5
8
10
11
17
32
41
44
7
13
16
19
20
22
23
34
38
41
1
5
7
10
12
14
15
24
27
34
9
17
19
22
24
25
26
39
41
45
13
18
21
22
24
26
27
35
38
39
3
7
9
12
14
15
16
21
26
35
7
16
18
23
27
29
31
39
42
45
6
11
14
17
18
20
24
36
41
44
0
4
6
7
9
10
13
21
23
26
6
12
14
15
17
18
19
23
25
26
6
13
15
17
19
20
21
25
27
28
9
15
17
19
21
22
23
27
29
30
10
15
21
25
29
30
31
39
41
46
0
7
9
10
12
13
14
22
24
37
4
10
13
16
22
24
25
37
43
46
10
17
19
20
22
23
24
30
32
33
10
15
16
19
28
31
33
40
44
47
7
12
15
18
22
24
25
40
45
48
5
10
13
14
18
21
23
29
32
33
9
14
18
24
30
32
34
41
44
48
5
9
11
15
17
18
19
26
30
33
3
7
10
13
15
17
27
41
46
47
8
14
20
23
26
27
28
40
45
48
1
4
7
10
11
13
27
41
47
50
12
17
21
23
26
28
29
38
39
41
1
5
7
10
12
13
17
28
33
39
9
16
19
21
23
25
26
39
44
45
7
13
16
20
25
27
29
42
44
49
51
