time_cost:875618ms
ontime_proportion:0.728571
max_delay:21
avg_delay:3.228571
avg_flowtime:27.571429
object function value:2633.333333
0
0
0
0
0
0
0
0
0
0
2
0
0
0
1
3
4
6
12
14
15
0
0
0
0
0
0
0
0
0
1
0
0
0
0
1
2
10
15
25
29
0
0
0
0
0
1
2
12
15
18
16
29
33
36
37
38
39
42
45
48
0
1
3
6
7
8
23
31
36
40
0
0
15
18
19
21
22
25
29
32
0
3
6
9
16
18
21
29
34
37
0
0
0
0
0
0
15
29
33
34
0
0
0
0
0
0
0
0
2
5
0
0
0
0
0
0
0
0
4
5
0
0
2
3
4
6
8
14
20
21
0
2
32
35
36
37
38
41
43
46
0
0
0
0
0
0
0
0
0
0
0
0
0
0
2
3
26
37
42
46
0
0
0
0
0
0
10
18
23
28
0
0
0
0
0
0
0
2
17
20
3
7
9
12
21
22
23
37
44
47
0
0
0
1
3
4
22
33
35
38
0
3
4
6
12
14
17
21
23
25
0
0
0
0
0
0
10
18
21
24
0
0
1
4
5
7
9
14
15
18
0
0
0
0
0
0
0
0
0
2
0
0
0
0
0
0
0
0
36
39
0
0
0
0
0
0
0
0
0
0
0
2
3
6
7
9
11
14
17
20
0
0
0
0
0
0
0
0
0
0
0
0
0
0
1
3
7
13
15
17
0
0
0
0
1
2
19
26
30
32
1
4
7
10
11
13
14
17
20
23
6
12
25
28
29
30
31
36
38
42
9
15
20
23
24
26
27
33
38
41
2
6
7
9
10
12
13
17
18
20
20
28
31
34
35
37
39
43
44
47
12
23
26
27
28
30
31
34
37
38
6
11
12
14
15
17
18
22
23
25
17
25
29
30
32
34
36
40
43
44
2
5
8
11
13
15
20
34
42
45
19
32
35
38
39
41
43
46
48
51
12
23
26
29
30
32
33
36
39
42
0
4
6
7
9
11
14
27
32
36
13
24
27
30
31
33
34
37
40
43
20
28
31
35
36
38
39
42
45
48
11
15
27
31
33
34
35
39
41
44
5
9
10
12
13
15
16
22
23
25
6
11
14
15
17
19
21
26
31
34
17
31
34
37
38
40
41
44
47
50
15
29
32
33
35
37
39
43
46
49
5
9
12
15
16
18
19
22
25
29
9
15
18
19
20
22
23
27
34
35
6
10
13
16
18
19
26
37
39
42
1
9
18
21
23
24
25
32
34
37
3
7
9
12
13
14
23
35
38
41
3
6
9
10
11
13
14
17
20
22
5
10
13
15
20
22
24
31
37
38
0
3
5
8
9
10
17
23
30
33
8
14
15
17
18
20
21
28
30
32
10
20
28
31
34
36
37
41
44
47
8
12
16
17
18
20
23
33
37
39
2
6
8
9
11
12
13
17
19
20
12
25
28
29
31
32
34
39
41
42
5
10
12
13
15
16
18
23
25
26
0
3
4
7
8
10
12
15
17
21
11
20
28
31
32
34
35
39
47
50
3
7
10
13
14
16
19
34
41
44
1
5
7
10
12
13
14
18
20
23
5
8
10
13
14
15
16
20
22
25
10
19
22
23
24
26
27
30
33
34
5
8
11
14
15
17
18
21
24
27
52
