time_cost:75818ms
ontime_proportion:0.671429
max_delay:20
avg_delay:3.871429
avg_flowtime:29.357143
object function value:3264.285714
0
0
0
2
3
4
7
30
35
46
47
0
0
0
0
0
0
0
0
0
0
0
0
0
0
0
6
26
30
42
45
0
0
0
0
0
1
11
15
20
23
0
0
0
0
1
2
6
11
13
16
0
0
0
0
0
0
0
0
0
0
0
0
0
0
0
0
0
0
0
0
0
0
0
2
3
5
15
19
30
33
0
0
0
0
0
0
21
26
35
38
0
0
0
0
0
1
22
26
36
38
0
0
0
0
0
0
0
0
1
3
0
0
2
3
5
9
32
36
47
48
0
0
0
0
0
0
0
3
4
12
0
0
0
0
0
1
19
23
33
34
0
0
0
0
0
2
23
28
37
39
0
0
1
4
5
7
10
14
17
21
0
0
0
0
2
4
13
17
26
29
0
0
0
0
0
0
25
30
39
42
0
1
4
8
9
13
19
23
33
36
0
0
0
0
0
0
0
2
4
7
0
0
0
0
0
0
21
25
33
34
0
2
4
5
7
8
23
28
38
39
9
12
18
21
23
24
27
32
44
47
0
0
0
0
0
0
0
0
1
2
0
0
0
0
0
0
0
0
0
0
0
0
0
0
0
0
0
1
2
5
0
0
0
0
1
3
12
16
25
27
0
6
14
17
18
20
22
26
29
34
0
0
0
0
0
0
24
30
38
39
0
0
0
0
0
0
0
2
4
6
9
12
19
22
23
25
27
30
35
38
12
18
23
26
27
29
31
35
39
42
12
15
27
30
31
33
35
38
41
44
0
4
5
7
16
19
33
37
47
48
2
6
8
9
11
12
15
20
30
31
4
9
10
13
14
15
17
22
23
26
16
22
32
35
36
37
39
44
46
49
0
4
6
9
10
12
14
18
20
23
1
5
7
9
10
12
13
17
19
21
0
4
12
14
15
17
18
22
24
26
8
13
16
19
20
22
24
29
39
42
7
12
14
17
18
20
26
31
42
45
4
9
12
15
17
18
19
24
26
32
5
9
11
14
15
17
19
23
25
28
6
11
15
18
19
20
22
27
37
40
6
10
13
14
19
25
27
31
42
45
2
6
8
11
12
17
30
34
46
49
12
16
21
25
26
28
29
33
35
37
4
8
9
12
13
15
26
30
41
44
1
5
6
7
8
10
20
24
34
36
0
3
29
32
33
35
37
40
45
48
2
6
12
14
16
18
20
24
27
29
11
16
20
23
25
26
27
32
34
37
8
13
15
17
19
21
22
26
33
35
16
20
29
32
33
35
37
41
43
46
4
8
10
13
14
16
18
22
24
27
9
13
17
20
21
23
25
29
32
35
3
7
9
11
12
14
16
20
23
25
9
13
17
20
21
23
25
29
37
40
7
11
14
16
17
19
20
24
28
30
11
15
21
24
25
27
29
33
35
38
5
9
11
13
15
19
29
33
45
46
8
11
16
19
20
22
24
27
30
33
0
4
6
10
11
13
15
19
21
24
3
8
9
12
17
24
28
33
43
46
3
7
8
10
13
15
17
21
32
33
11
15
22
25
26
28
30
34
38
41
15
19
29
30
32
33
34
38
40
41
16
21
31
33
34
35
37
41
44
46
14
17
26
29
30
32
34
37
40
43
50
