time_cost:5353ms
ontime_proportion:0.728571
max_delay:14
avg_delay:1.828571
avg_flowtime:24.785714
object function value:2540.476190
0
0
0
0
3
4
6
15
21
23
26
0
0
0
0
0
0
0
0
0
1
0
0
0
0
0
1
19
23
24
25
0
0
0
0
0
0
15
21
24
25
0
0
0
0
0
0
0
0
4
6
0
0
0
0
0
0
0
0
5
8
0
0
0
0
0
0
0
0
0
2
0
0
1
3
4
6
16
24
27
29
0
0
0
0
0
1
27
32
33
34
0
0
0
0
0
0
0
0
0
0
0
0
0
0
0
0
2
23
26
28
0
2
4
5
7
8
17
26
28
29
0
2
3
4
6
7
21
26
27
28
0
0
0
0
1
2
16
23
28
30
0
0
0
0
0
0
0
0
1
2
0
0
0
0
0
0
14
20
23
25
0
0
0
0
0
0
0
0
0
0
0
0
0
0
1
2
22
31
32
33
0
1
4
6
7
9
13
19
22
24
0
0
0
0
0
0
0
0
0
0
0
0
0
0
0
0
0
0
0
1
0
0
0
0
0
0
0
0
0
1
6
11
12
14
15
17
18
25
26
28
0
0
0
0
0
0
0
1
2
4
0
0
0
0
0
0
0
0
0
0
0
0
0
0
0
0
0
0
0
0
0
0
0
0
0
0
0
1
3
4
0
0
0
0
0
0
16
22
23
24
0
1
4
6
7
8
14
26
29
31
0
0
0
0
0
0
0
1
2
3
2
7
10
12
13
15
17
24
27
29
1
6
9
11
12
14
20
30
33
35
4
9
12
14
15
17
19
27
30
32
0
4
7
9
10
11
16
22
25
27
0
5
8
10
11
13
18
25
28
30
1
5
8
10
11
12
19
27
30
32
10
15
16
17
18
19
21
24
25
26
6
12
15
16
18
20
21
28
31
32
8
14
17
18
22
24
25
32
35
37
9
16
18
19
21
22
24
28
30
33
9
15
18
20
21
22
24
30
33
35
13
20
21
22
27
29
32
39
40
41
4
12
15
17
19
21
22
27
30
31
10
17
19
21
23
24
26
30
32
34
5
10
13
16
19
21
22
33
36
38
0
4
6
9
10
12
13
19
21
24
4
11
14
16
17
19
27
40
43
45
10
18
19
21
23
24
26
30
31
32
9
18
20
21
25
27
29
38
40
41
1
5
8
10
11
12
23
35
41
43
9
16
18
20
26
29
31
38
40
41
5
9
11
14
15
17
18
22
24
27
11
18
20
21
24
25
27
33
35
38
3
12
15
17
18
20
21
35
38
40
7
13
16
17
20
22
23
31
34
39
14
21
22
23
27
29
31
38
39
40
12
18
19
20
24
26
28
31
32
33
4
9
12
15
16
18
22
35
38
40
13
20
21
22
28
31
33
38
39
40
12
19
21
22
26
27
29
36
38
41
8
15
18
19
21
23
24
35
38
39
0
3
4
5
6
9
30
39
40
42
1
8
11
13
26
28
31
36
39
41
6
13
16
18
24
26
28
40
43
45
11
18
19
20
25
26
28
33
34
35
13
19
20
21
25
28
30
34
35
36
5
10
13
15
23
25
26
32
35
37
14
21
22
23
28
31
33
40
41
42
9
16
18
19
22
23
25
29
31
42
2
6
9
12
13
15
29
34
36
39
46
