time_cost:1481725ms
ontime_proportion:0.914286
max_delay:16
avg_delay:0.871429
avg_flowtime:23.800000
object function value:650.476190
0
0
0
1
2
3
4
11
14
15
16
0
0
1
2
4
6
16
22
23
24
0
0
0
0
4
6
25
28
33
35
0
0
2
3
6
8
17
24
26
27
0
0
0
0
0
0
0
0
0
3
0
0
0
0
0
0
0
0
0
0
0
0
0
0
0
0
0
0
0
6
0
0
0
0
0
0
0
0
0
2
0
0
0
0
0
0
0
2
8
17
0
0
0
0
2
4
15
18
19
20
0
0
0
0
0
0
0
0
1
4
0
0
0
0
0
0
9
14
16
17
0
0
0
0
0
0
14
18
20
21
0
0
0
1
3
5
14
17
20
23
0
0
0
0
0
0
6
13
15
16
0
0
0
0
0
1
11
17
19
23
0
0
0
0
0
0
0
0
0
0
0
0
0
3
5
7
16
24
27
28
0
0
0
0
0
1
13
20
22
24
0
0
0
0
0
0
11
14
15
16
0
1
2
5
7
9
17
21
22
25
0
0
0
0
0
0
8
15
17
18
0
0
0
0
1
2
11
15
17
19
0
0
0
0
1
3
11
15
18
25
0
0
0
0
0
0
0
1
2
3
0
0
0
0
0
0
0
0
0
0
0
0
0
0
7
9
29
33
36
39
0
0
0
0
0
0
0
0
0
0
0
3
6
7
11
13
15
18
21
22
0
0
0
0
1
3
13
16
18
19
5
14
16
18
24
26
29
34
39
41
0
3
4
5
6
7
16
20
21
22
4
7
10
11
13
15
17
20
23
25
3
6
9
10
12
14
18
22
25
31
0
3
4
5
6
8
23
27
29
33
8
11
12
14
26
29
31
37
42
43
14
17
24
27
29
31
32
35
38
41
8
12
13
14
18
20
24
28
30
31
3
11
14
17
21
24
26
29
32
35
8
12
14
16
20
22
23
27
30
32
20
24
27
30
32
34
35
38
41
44
8
12
13
14
23
25
26
29
30
31
11
14
15
18
22
25
28
32
35
38
1
4
5
19
25
27
29
36
41
44
6
11
12
13
21
23
25
29
30
33
0
5
7
14
18
20
22
27
29
30
5
8
11
12
14
16
18
21
24
25
6
9
11
13
22
24
26
31
34
36
2
5
8
12
15
18
22
28
31
34
3
8
10
11
12
13
16
21
23
24
5
10
11
12
13
14
15
19
20
21
4
7
10
12
14
16
18
21
24
25
8
11
14
15
20
23
26
31
35
36
19
23
27
29
30
31
32
35
37
41
5
8
11
12
16
18
20
24
27
29
9
15
17
18
19
22
24
30
34
35
1
4
5
8
10
12
23
26
28
32
11
19
21
22
23
25
28
33
36
37
7
11
18
21
24
27
29
34
39
42
7
11
12
13
20
22
24
28
29
32
0
3
5
10
17
19
21
27
30
33
0
4
5
16
18
20
22
26
27
35
4
7
8
9
14
16
21
25
26
27
0
4
5
8
10
12
14
18
19
23
10
13
14
17
19
21
23
27
31
34
7
10
11
14
16
18
20
23
24
27
3
12
14
15
16
17
18
25
27
28
1
5
8
13
16
18
20
23
24
25
12
15
18
20
21
23
26
29
33
35
1
6
8
9
10
11
12
19
21
22
46
