time_cost:2765ms
ontime_proportion:0.700000
max_delay:14
avg_delay:2.600000
avg_flowtime:24.242857
object function value:2808.095238
0
0
0
2
4
5
6
11
19
22
25
0
0
0
0
0
0
26
29
32
33
0
2
4
5
8
16
34
38
40
41
0
0
0
0
0
0
29
33
34
36
0
2
5
7
8
10
14
28
31
34
0
0
0
0
0
0
0
0
0
0
0
1
3
4
7
10
32
36
38
39
0
0
0
0
1
3
12
16
18
21
0
0
0
0
0
0
0
0
0
1
0
0
2
4
5
7
18
24
27
29
0
0
0
0
0
1
13
18
19
20
0
0
0
0
0
0
0
0
0
0
0
0
1
3
8
10
30
34
35
38
0
0
0
0
0
0
30
36
38
41
0
0
0
0
0
0
0
1
3
10
0
0
0
0
0
0
0
0
0
2
0
0
0
1
2
3
29
33
36
39
0
0
0
0
0
0
0
0
0
0
0
0
0
0
0
0
0
0
1
5
0
0
0
0
0
0
15
20
23
26
0
0
0
0
0
0
0
3
6
7
0
0
0
0
0
0
0
0
0
0
0
0
0
0
0
0
0
0
0
0
0
0
0
0
0
0
27
33
36
38
0
0
0
0
0
0
0
0
0
2
0
0
0
0
2
3
25
29
31
34
0
0
0
0
0
2
14
20
21
23
0
0
1
2
3
4
11
16
17
18
0
0
0
0
0
0
0
1
4
5
0
0
0
0
0
0
0
0
0
0
7
12
15
17
18
20
22
27
28
30
18
22
23
24
25
26
29
33
34
35
0
3
4
5
6
8
27
31
32
33
2
7
10
12
13
15
33
38
41
43
1
5
7
10
11
13
14
22
24
27
16
20
22
23
25
26
30
34
36
37
4
9
11
12
13
15
17
22
24
25
6
11
14
16
17
19
20
25
29
31
9
13
14
16
17
19
20
24
25
27
7
11
12
13
14
15
22
28
31
32
1
5
8
10
12
13
16
25
28
30
1
7
9
12
19
21
22
30
32
35
0
7
9
10
12
20
22
27
29
30
14
19
22
23
25
27
29
36
39
40
15
18
19
20
21
22
24
28
30
31
6
17
20
22
23
25
27
32
35
37
5
9
11
12
14
15
17
21
23
24
2
6
7
9
10
12
21
26
27
29
4
7
8
9
10
11
15
23
25
26
9
14
17
20
21
23
24
29
32
34
11
15
17
18
20
21
23
28
31
32
3
12
15
17
22
24
25
31
34
36
9
15
16
17
19
22
27
32
34
35
9
17
20
22
23
25
26
34
37
39
11
15
16
17
19
20
21
27
28
29
5
11
13
16
17
19
20
24
26
29
11
16
19
21
22
24
25
30
33
35
9
13
16
18
20
22
23
27
30
32
1
4
5
6
7
8
15
19
20
22
1
9
11
12
26
28
34
40
42
43
11
16
17
18
20
21
26
32
33
34
10
13
14
15
16
17
19
23
24
25
8
11
12
13
15
17
19
22
23
25
0
4
7
8
10
12
13
17
20
21
7
13
16
21
22
23
33
37
40
42
2
6
9
11
12
13
30
35
38
40
5
9
12
14
15
17
19
23
26
28
6
12
13
14
16
24
26
32
33
34
4
8
9
10
11
27
34
40
41
42
5
10
13
15
16
18
19
24
29
31
44
