time_cost:860271ms
ontime_proportion:0.900000
max_delay:21
avg_delay:1.257143
avg_flowtime:21.828571
object function value:727.619048
0
0
0
0
0
1
2
4
8
10
12
0
0
0
1
2
3
5
10
11
14
0
0
0
0
0
0
1
6
7
10
0
0
0
0
0
0
0
0
0
2
0
0
0
0
1
3
5
9
10
13
0
0
0
0
0
0
0
0
0
2
0
0
0
1
3
5
6
10
12
14
0
0
0
0
0
1
2
6
8
10
0
0
0
0
2
4
6
10
12
15
0
0
0
0
0
0
0
3
4
7
0
0
1
3
4
6
8
12
14
16
0
0
0
0
0
0
7
11
13
15
0
0
2
5
6
8
10
14
16
19
0
0
0
0
0
2
4
8
9
12
0
0
0
0
0
2
10
14
16
19
0
0
0
0
0
0
0
0
0
3
0
0
0
2
5
7
9
13
15
17
0
0
0
0
0
0
0
2
3
6
0
0
0
0
0
0
1
5
7
14
0
0
0
0
0
0
0
3
5
8
0
2
3
6
8
9
11
16
18
22
0
0
0
0
0
0
0
0
0
0
0
0
0
0
6
8
10
14
17
19
0
0
1
2
3
4
8
12
14
15
0
0
0
0
0
0
0
0
0
0
0
0
0
0
0
0
0
0
5
8
0
0
0
0
10
11
17
21
26
27
0
3
5
8
9
12
18
22
27
29
0
0
0
0
0
0
0
0
0
0
0
0
0
0
7
9
12
16
18
21
1
5
6
7
8
10
11
15
18
19
5
10
11
14
16
17
18
23
24
27
4
8
10
11
13
14
23
27
32
33
9
13
14
15
17
19
20
24
30
31
13
17
21
23
24
26
27
31
33
35
8
13
15
18
20
21
22
27
31
34
8
13
15
18
19
20
22
27
30
33
0
4
19
22
23
25
27
31
35
38
5
11
13
15
16
18
20
24
31
33
0
4
8
9
11
12
23
27
33
34
13
19
21
24
25
27
29
34
37
40
10
15
18
21
22
23
25
30
31
35
14
18
23
26
27
29
31
35
37
40
20
24
29
31
32
34
35
39
41
43
16
20
23
27
28
30
32
36
38
41
18
22
26
29
30
32
34
38
40
43
13
18
19
22
24
25
27
32
34
37
13
17
21
22
23
24
26
30
35
36
3
7
8
9
11
13
27
32
46
47
12
16
19
21
22
27
28
32
37
39
1
5
7
8
9
10
14
18
22
23
4
8
15
18
19
21
23
28
34
37
2
6
8
10
11
12
26
30
40
42
21
26
29
32
34
35
37
42
43
46
6
10
12
13
14
15
23
27
33
34
18
23
26
29
30
31
33
38
42
45
14
19
22
24
25
26
28
32
37
41
15
19
21
24
25
28
30
34
36
39
16
21
24
28
29
31
33
37
39
42
27
31
34
35
36
38
39
43
45
46
18
23
27
30
31
32
34
39
40
43
20
24
29
32
33
35
37
41
43
46
15
18
22
25
26
28
30
33
39
42
24
28
35
37
38
39
41
45
48
50
16
20
24
26
27
28
30
34
46
48
18
22
27
30
31
34
36
40
42
45
17
20
25
28
29
33
35
38
42
45
19
24
28
31
32
35
37
41
43
47
22
27
32
35
37
38
39
44
45
48
24
28
34
37
38
40
42
46
47
50
51
