time_cost:3676ms
ontime_proportion:0.714286
max_delay:13
avg_delay:2.028571
avg_flowtime:26.342857
object function value:2735.238095
0
0
0
1
4
20
27
32
36
38
40
0
0
0
0
1
2
8
13
18
21
0
0
0
0
0
0
14
22
24
25
0
1
3
4
6
8
10
15
17
18
0
0
0
0
0
0
0
0
0
1
0
0
0
0
0
0
0
0
0
1
0
0
0
0
0
0
0
0
0
1
0
0
0
0
0
1
18
25
26
27
0
0
0
0
1
2
25
29
33
34
0
0
0
0
0
3
16
20
22
23
0
0
0
0
0
0
0
0
1
2
0
0
0
2
4
6
17
23
28
36
10
13
16
17
22
24
26
29
33
39
0
0
0
0
2
4
30
35
38
41
0
0
0
0
1
2
11
16
20
21
0
0
0
0
0
0
23
28
30
31
0
0
0
0
0
1
12
19
20
21
0
0
0
0
0
0
18
25
27
29
0
0
0
0
0
0
0
0
0
1
0
0
0
0
1
2
5
10
13
15
0
0
0
0
0
0
0
0
1
2
0
0
1
2
4
6
23
27
29
30
0
0
0
0
2
4
24
28
30
33
0
0
2
5
7
9
28
33
35
38
0
0
0
0
0
0
16
19
22
27
0
0
1
6
8
10
12
20
28
31
0
2
5
6
10
13
24
28
36
37
0
0
0
0
0
0
16
21
27
30
0
0
0
0
0
0
0
0
0
0
0
3
4
7
9
11
13
16
18
21
8
12
15
19
24
26
29
34
37
40
4
8
9
15
23
25
27
31
35
41
2
5
8
9
11
13
15
20
23
25
11
16
21
22
27
29
30
35
38
40
2
6
7
8
9
10
18
24
25
26
14
20
21
22
23
25
26
30
34
35
4
7
10
13
15
17
18
21
24
27
5
10
12
14
15
16
17
20
22
24
1
4
6
8
12
14
15
18
22
25
3
10
14
15
24
26
31
36
39
42
3
8
10
11
13
15
17
22
24
25
0
9
12
13
14
15
20
26
34
39
0
3
4
6
8
11
30
35
36
37
15
24
25
26
27
28
29
34
35
36
8
12
14
18
19
20
21
24
26
29
4
8
11
15
17
19
21
26
27
30
5
8
10
12
13
14
15
18
20
22
7
11
12
16
18
20
22
25
26
29
11
15
18
19
21
23
25
30
33
35
2
5
6
9
11
19
21
24
26
29
5
9
10
13
15
17
19
23
24
27
9
15
18
21
25
27
29
33
35
38
3
8
10
13
14
15
24
32
38
39
3
6
8
10
11
12
19
23
31
34
1
6
8
11
12
13
14
19
21
23
1
4
7
9
17
21
23
26
37
38
6
11
13
14
17
18
19
24
27
28
0
3
6
7
9
11
20
25
29
32
8
12
15
18
20
22
23
26
30
37
8
12
14
15
16
17
21
27
30
31
6
10
11
13
15
17
19
22
23
26
8
12
14
17
19
22
25
30
31
34
0
3
4
5
6
7
14
21
22
24
11
14
16
18
19
21
22
28
31
33
12
17
20
23
25
27
28
32
35
38
10
14
15
19
21
23
25
29
31
37
14
17
21
23
26
28
29
32
34
38
11
15
17
22
24
26
28
31
33
36
11
16
19
20
22
24
27
31
34
36
8
11
13
14
17
21
27
31
34
35
43
