time_cost:1333795ms
ontime_proportion:0.842857
max_delay:21
avg_delay:1.514286
avg_flowtime:25.714286
object function value:1428.571429
0
0
0
0
0
2
4
6
13
21
26
0
0
0
2
4
6
23
26
30
31
0
0
0
0
0
1
13
18
22
27
0
0
0
0
0
0
13
18
27
29
0
0
0
0
0
0
0
0
0
2
0
0
0
0
0
1
7
12
15
16
0
0
0
0
0
0
23
27
29
30
0
0
0
0
1
2
11
14
16
21
0
5
7
13
14
15
16
21
23
24
0
0
0
0
0
0
4
7
8
13
0
0
0
0
0
0
0
0
0
0
0
0
0
0
0
0
0
0
0
2
0
0
1
4
5
6
10
15
16
17
0
0
2
3
5
7
10
16
20
21
0
0
1
4
8
10
15
19
20
23
0
0
1
4
14
16
31
37
45
48
0
0
0
0
0
0
27
34
37
40
0
0
0
0
2
4
15
20
23
25
0
0
0
0
0
0
0
0
0
0
0
0
0
0
2
4
11
16
19
22
0
0
0
0
2
13
32
39
46
49
0
0
0
0
0
0
0
0
1
4
0
0
0
0
1
2
6
10
11
12
0
0
0
0
0
0
0
0
0
0
0
0
2
3
4
5
19
23
24
26
0
2
3
6
8
10
25
29
33
36
0
0
0
0
0
0
25
28
31
33
0
0
0
0
0
0
26
30
36
39
0
0
0
0
0
0
14
20
24
28
0
0
0
0
0
0
0
3
6
9
18
25
26
29
31
33
35
38
40
45
0
3
4
5
7
9
12
16
19
20
22
26
28
31
33
35
37
41
43
46
1
4
5
7
8
9
10
14
15
16
0
11
13
14
21
23
25
30
32
33
10
13
14
25
26
27
28
32
33
34
3
8
10
11
13
15
18
23
25
28
5
10
11
12
13
16
18
22
24
25
12
15
18
21
23
25
26
29
32
35
14
18
21
24
26
28
30
34
39
42
14
19
21
22
24
26
28
33
35
36
8
11
14
16
17
18
21
24
26
30
13
17
21
22
24
26
28
31
33
35
7
11
12
15
17
19
29
35
40
43
7
14
17
19
23
25
26
29
31
33
4
7
10
15
17
19
20
23
26
29
24
28
31
34
36
38
40
43
46
50
11
14
17
23
25
27
28
31
34
37
4
7
10
13
15
17
19
22
29
32
4
8
11
14
17
19
20
25
28
31
0
5
7
10
11
12
13
18
20
21
20
26
28
29
30
31
34
40
49
50
12
16
19
20
22
24
34
38
49
50
6
9
12
17
19
21
29
35
42
45
4
7
10
11
19
21
23
26
29
34
0
4
5
6
7
8
10
14
15
17
7
11
15
19
21
23
25
28
29
32
9
13
16
19
23
25
26
29
32
41
5
10
18
24
26
28
30
33
34
37
5
10
11
12
16
21
33
40
48
49
3
6
7
8
10
12
14
17
18
19
1
4
7
11
15
17
19
22
25
26
18
21
24
27
29
31
33
36
37
40
9
13
16
17
18
19
21
25
27
29
8
12
14
17
19
21
23
26
27
28
1
4
5
6
7
8
9
12
13
14
7
11
13
15
16
18
19
23
25
27
2
5
8
11
13
15
16
19
22
26
17
20
23
26
28
30
31
37
43
46
1
6
8
9
12
14
26
32
36
37
52
