time_cost:9524ms
ontime_proportion:0.714286
max_delay:21
avg_delay:2.771429
avg_flowtime:28.800000
object function value:2817.142857
0
0
0
0
2
4
6
28
32
36
39
0
0
0
0
0
1
16
20
26
27
0
1
2
5
6
8
26
31
36
39
0
0
0
0
0
0
0
0
2
5
0
3
6
10
11
13
18
21
27
30
0
0
0
0
2
3
16
20
26
28
0
3
6
9
10
12
18
22
39
42
0
0
0
0
0
0
0
0
0
0
0
0
0
0
0
1
16
20
26
28
0
0
0
0
0
0
0
0
2
5
0
0
1
2
3
4
17
21
27
28
0
0
0
0
1
2
12
17
21
24
0
0
0
0
0
0
0
0
1
3
0
0
0
0
0
3
15
19
25
27
0
0
0
0
0
0
0
0
0
2
0
0
0
0
0
0
0
0
0
0
0
0
0
0
0
5
17
21
27
31
0
0
0
0
0
0
0
0
2
4
0
0
0
0
0
0
19
23
28
31
0
0
0
0
0
0
0
0
0
0
0
0
0
1
3
4
13
17
22
24
0
3
5
7
8
10
15
19
24
30
0
0
0
0
0
0
0
0
0
2
0
0
0
0
1
2
13
18
22
25
0
0
0
2
3
5
29
32
39
43
0
0
0
0
4
6
21
26
33
35
0
0
0
0
0
0
0
0
2
3
0
0
0
0
2
7
20
26
30
34
0
0
0
0
0
0
0
1
2
5
0
0
0
0
0
0
0
11
25
27
2
5
8
11
12
14
29
32
38
41
9
13
18
21
23
24
25
29
31
32
7
11
15
16
17
18
20
24
26
29
13
17
21
22
24
26
27
31
32
33
2
5
8
12
13
15
30
33
41
44
0
5
7
8
9
10
30
35
42
43
5
10
11
14
16
17
18
23
27
30
3
7
9
12
13
15
19
24
36
40
4
9
10
13
15
16
17
22
23
28
3
8
11
16
18
19
20
25
27
30
3
6
9
12
13
17
22
26
35
38
8
12
17
18
20
21
22
26
28
29
8
13
18
21
22
23
25
30
39
42
0
6
9
15
17
18
19
24
32
35
9
13
19
22
23
25
27
31
34
36
11
15
21
22
23
27
29
33
36
37
3
7
12
15
16
19
23
28
38
41
1
4
7
13
15
20
22
27
37
40
12
16
22
25
30
32
34
38
44
47
12
16
21
22
23
25
26
30
31
32
14
18
25
26
29
30
32
36
42
43
14
18
24
25
28
29
31
35
42
44
12
16
21
23
24
29
30
34
40
41
0
7
18
21
25
27
30
35
43
46
5
9
15
18
21
25
32
38
44
47
8
12
16
19
20
24
26
30
31
34
5
10
12
17
19
20
21
26
33
36
4
9
14
18
20
21
22
27
35
38
10
14
19
21
22
23
25
29
31
33
15
19
25
26
29
31
32
37
43
44
6
11
15
23
25
26
27
32
33
37
11
17
23
26
32
34
36
41
49
50
10
14
20
23
26
28
35
40
47
50
8
11
17
20
27
32
34
38
46
49
3
8
14
19
21
22
23
28
33
40
4
9
13
16
18
21
24
30
41
44
9
15
22
25
31
34
36
39
47
50
3
9
12
20
22
23
24
29
30
34
7
12
16
19
20
27
29
34
41
44
11
15
19
23
24
29
31
35
43
45
52
