time_cost:2788ms
ontime_proportion:0.757143
max_delay:16
avg_delay:1.928571
avg_flowtime:24.700000
object function value:2251.904762
0
0
0
0
1
2
4
12
18
20
21
0
0
0
0
0
0
0
0
0
1
0
0
0
0
0
0
0
0
0
0
0
0
0
0
0
1
21
27
28
31
0
0
0
0
0
0
0
0
0
2
0
0
0
0
0
0
0
0
3
4
0
0
0
1
2
3
13
27
30
33
0
0
0
0
0
0
0
2
3
5
0
0
0
0
0
1
13
17
23
26
0
0
0
0
0
0
0
29
33
36
0
0
0
0
0
0
0
0
0
0
0
0
0
1
2
4
12
17
27
30
0
0
0
0
0
0
0
0
1
2
0
0
0
0
0
0
0
2
9
12
0
0
0
0
0
0
11
16
18
20
0
0
0
0
0
0
0
0
0
0
0
0
0
0
0
0
13
20
22
23
0
0
1
3
4
5
11
17
18
20
0
0
0
1
4
6
16
20
23
24
0
0
0
0
0
0
16
23
24
26
0
0
0
0
0
0
19
22
24
25
0
0
0
0
1
3
23
29
32
35
0
0
0
0
0
0
15
20
21
23
0
0
0
0
0
0
10
20
23
25
0
0
1
3
5
6
16
23
24
26
0
6
8
9
10
12
19
24
26
27
0
0
0
0
0
0
0
0
0
0
0
1
4
7
8
9
25
31
36
39
0
0
0
0
1
2
20
26
27
29
0
0
0
0
0
0
26
32
35
38
5
9
11
12
13
15
17
21
23
24
3
7
8
11
16
18
25
30
33
36
5
10
11
14
15
16
18
28
29
32
4
7
9
10
12
14
15
20
22
23
10
14
16
17
18
19
20
23
25
26
2
6
7
9
11
12
16
22
23
25
5
8
9
11
12
13
16
19
21
24
1
6
8
9
10
12
19
24
26
27
0
5
6
10
12
13
23
28
29
33
1
5
6
9
20
22
27
32
36
39
9
12
14
15
16
17
18
23
25
26
4
9
10
13
17
21
28
33
39
42
8
13
15
17
19
20
23
28
29
31
12
15
19
21
22
23
25
28
31
33
4
7
9
10
12
14
15
18
20
21
4
8
10
13
19
21
25
32
34
35
9
14
16
17
18
20
21
25
27
28
12
16
19
21
24
26
30
34
39
41
13
16
17
19
23
24
28
33
38
40
6
11
13
16
17
18
20
24
25
27
7
10
13
14
15
16
22
25
28
29
1
6
12
15
22
24
29
35
42
45
5
9
12
13
14
15
19
23
26
27
3
6
9
12
15
16
23
29
32
33
5
9
12
15
16
17
18
27
32
37
10
13
15
16
17
18
20
25
27
28
9
15
17
18
19
20
22
26
28
29
9
13
17
19
23
25
29
34
40
42
9
14
16
17
18
19
22
26
28
29
1
4
6
7
9
11
16
19
21
25
1
4
6
7
9
11
13
18
20
22
7
12
17
19
24
27
33
38
43
45
6
9
11
12
14
16
17
21
23
27
1
5
12
15
20
26
31
35
42
45
0
3
4
6
7
8
26
33
34
37
1
4
6
10
13
15
23
29
31
35
13
16
19
21
25
28
31
34
41
43
8
12
14
15
16
20
25
31
33
34
8
15
17
18
20
21
26
33
35
36
7
12
15
16
18
19
23
30
33
34
46
