time_cost:1265540ms
ontime_proportion:0.857143
max_delay:19
avg_delay:1.328571
avg_flowtime:25.700000
object function value:1285.238095
0
0
0
0
0
2
4
16
22
25
28
0
0
0
1
3
5
16
19
22
23
0
0
0
0
0
1
7
13
16
17
0
0
0
0
0
0
12
17
20
22
0
0
0
0
0
0
0
0
0
1
0
0
0
0
0
1
11
16
18
19
0
0
0
0
0
0
0
3
4
5
0
0
0
0
1
2
23
27
30
32
0
5
7
10
11
12
15
22
25
26
0
0
0
0
0
0
18
21
22
25
0
0
0
0
0
0
0
0
0
0
0
0
0
0
0
0
0
0
2
4
0
0
1
5
6
7
8
13
14
15
0
0
2
3
5
7
11
17
19
20
0
0
1
4
6
8
24
29
31
37
0
0
1
6
8
14
24
28
30
33
0
0
0
0
0
0
30
33
40
43
0
0
0
3
5
7
19
22
25
26
0
0
0
0
0
0
0
0
0
0
0
0
0
0
2
4
13
18
21
26
0
0
0
0
4
6
25
29
33
36
0
0
0
0
0
0
0
0
1
10
0
0
0
0
1
2
16
21
23
24
0
0
0
0
0
0
0
0
0
0
0
0
1
2
3
4
9
13
14
15
0
2
4
7
12
17
29
32
35
38
0
0
0
0
0
0
0
3
5
7
0
0
0
0
0
0
0
3
8
11
0
0
0
0
0
0
13
20
21
24
0
0
0
0
0
0
31
36
44
47
10
13
14
17
20
22
31
35
38
41
0
3
4
6
8
10
15
21
24
27
25
29
32
35
37
39
41
45
47
50
1
4
5
6
7
8
9
12
13
14
7
13
15
18
22
24
26
31
33
35
5
9
10
11
12
13
14
17
18
19
3
8
10
11
13
15
17
22
24
25
7
11
12
13
14
16
19
24
29
30
11
14
17
20
22
24
27
30
37
40
16
22
24
27
29
31
33
41
48
51
6
11
13
14
16
18
26
31
36
37
6
9
11
13
17
22
32
36
43
46
0
3
4
5
7
9
11
16
20
25
3
7
10
13
15
20
27
31
34
37
10
14
16
19
21
22
23
26
31
33
4
10
13
17
19
21
22
25
28
34
17
20
25
28
30
32
34
37
41
44
8
11
14
17
19
21
29
33
38
42
1
4
7
13
21
23
33
39
44
50
4
7
10
13
15
17
18
21
24
28
7
14
16
17
18
19
20
25
27
28
8
14
17
18
19
20
22
27
29
30
4
7
11
12
14
16
21
25
28
29
20
23
27
30
32
34
35
38
41
44
4
10
14
15
17
19
21
28
31
33
0
5
6
7
8
9
13
17
18
20
12
16
17
20
22
24
26
29
30
34
4
7
11
15
17
19
20
23
26
32
7
10
15
18
20
22
24
27
28
31
4
8
9
10
11
12
20
24
26
27
3
6
7
8
10
12
14
17
19
23
1
4
7
8
10
12
17
24
27
31
22
26
28
31
33
35
37
41
47
50
2
6
7
8
9
10
12
16
17
22
5
8
9
10
12
14
16
19
20
21
7
10
12
13
18
24
34
42
50
51
10
15
18
20
24
26
27
30
32
34
2
5
8
11
13
15
16
19
22
27
13
18
21
24
26
28
32
38
45
48
13
18
20
21
23
25
28
33
37
39
53
