time_cost:963450ms
ontime_proportion:0.828571
max_delay:24
avg_delay:2.200000
avg_flowtime:24.357143
object function value:1526.190476
0
0
0
0
0
0
0
0
1
3
6
0
0
0
0
2
4
30
34
38
40
0
3
4
5
6
8
9
13
14
20
0
0
0
0
0
1
9
13
15
16
0
0
0
0
0
0
0
0
0
0
0
0
0
0
0
0
0
0
0
0
0
0
0
0
0
0
0
0
2
6
1
6
17
20
22
24
26
30
35
38
0
0
0
0
1
2
16
20
22
23
0
0
0
0
0
0
0
0
0
0
0
0
0
0
0
0
0
0
2
5
0
0
0
0
0
0
0
0
0
0
0
0
0
2
3
5
11
16
20
23
0
0
0
0
1
2
13
19
23
26
0
0
0
1
3
4
7
12
14
23
0
0
0
0
0
0
0
4
6
9
0
0
1
2
4
5
10
14
17
18
0
0
0
0
0
0
0
0
0
0
0
2
5
8
9
11
31
34
38
41
0
4
6
7
9
10
15
19
23
25
0
0
0
0
0
0
0
0
0
0
0
0
0
0
0
0
1
6
8
9
0
0
0
0
0
0
6
10
12
15
0
1
3
4
6
7
11
16
18
19
0
0
1
3
4
5
21
25
27
29
0
0
0
0
0
0
0
0
2
6
0
0
2
5
7
9
15
18
22
25
0
2
4
5
6
7
21
25
27
28
0
0
0
1
2
3
18
24
26
28
0
0
0
0
0
0
0
0
0
0
4
8
9
10
14
16
18
23
24
25
4
7
10
13
16
19
21
25
29
32
13
17
19
22
23
26
37
41
46
49
12
16
18
19
21
22
23
27
29
30
1
6
7
10
11
12
20
25
26
29
0
5
6
12
14
15
32
37
41
44
8
12
16
18
20
24
33
37
43
46
7
12
13
16
22
23
32
37
40
43
5
8
11
14
15
17
20
23
26
29
5
9
10
11
12
14
17
21
22
23
4
8
11
14
15
17
19
22
27
30
9
14
16
19
20
22
25
29
32
35
3
7
9
11
12
13
17
21
25
27
7
11
13
15
17
18
19
23
25
27
27
31
33
36
37
39
41
45
50
53
12
18
20
22
24
26
34
38
44
46
3
7
8
11
12
14
16
21
23
26
0
4
6
9
11
12
13
17
19
20
3
7
9
12
26
28
40
44
51
53
7
11
13
14
15
16
18
22
24
25
0
3
7
10
18
20
28
31
40
43
16
22
28
30
31
33
34
38
45
47
22
27
30
33
34
35
37
43
48
51
11
15
18
21
22
24
26
30
33
36
9
13
14
15
16
19
24
28
29
30
5
9
10
11
12
14
20
24
25
28
14
18
19
22
23
25
27
31
32
35
4
9
14
18
20
21
22
27
28
31
8
12
14
17
18
20
28
32
34
37
7
13
16
19
20
22
24
27
31
34
17
22
23
26
28
29
38
43
49
52
4
10
11
14
17
18
27
32
36
39
25
28
31
34
35
37
39
42
45
48
17
21
23
24
26
27
31
35
39
40
10
14
15
18
21
23
25
29
30
33
22
26
30
32
33
35
36
40
43
45
0
4
6
7
8
9
29
33
37
38
12
19
20
23
25
28
37
42
47
50
13
17
19
20
27
30
42
46
52
53
14
19
21
23
24
26
28
32
34
36
54
