time_cost:10478ms
ontime_proportion:0.728571
max_delay:14
avg_delay:2.157143
avg_flowtime:28.628571
object function value:2668.571429
0
0
0
0
1
3
4
14
21
28
29
0
0
0
0
1
3
21
29
32
33
0
0
0
0
0
0
0
2
4
5
0
0
0
0
0
0
0
0
0
2
0
0
0
0
2
3
12
17
19
24
0
0
0
1
3
4
13
19
21
22
0
0
0
1
3
5
14
18
21
22
0
0
0
0
0
0
11
16
25
28
0
3
6
7
9
11
15
21
24
25
0
0
0
0
0
0
0
0
0
1
0
3
6
9
10
12
18
30
34
37
0
0
0
0
2
4
24
30
33
35
0
0
0
0
0
0
0
0
0
4
0
0
0
0
0
0
16
27
30
31
0
0
0
0
0
0
0
0
3
4
0
0
0
0
0
0
0
0
0
0
0
0
1
4
5
7
24
30
32
35
0
0
0
0
0
0
16
31
35
38
0
0
0
0
0
0
0
21
24
25
0
0
0
0
0
0
14
18
20
21
0
0
0
0
1
2
25
33
36
39
0
0
0
0
0
0
0
0
1
3
0
0
0
0
0
0
0
0
0
0
0
0
0
0
0
1
15
20
22
23
0
0
0
0
0
1
11
16
22
25
0
1
3
6
7
8
18
32
34
37
0
0
0
0
0
0
0
0
4
7
0
0
0
0
0
2
23
29
32
34
0
0
0
0
0
0
0
0
3
4
0
0
1
4
5
6
26
34
39
42
1
5
8
9
11
15
17
23
26
27
7
12
13
16
18
24
26
35
37
40
1
4
7
10
11
13
18
32
37
40
5
9
12
13
15
17
19
23
26
31
0
13
16
20
21
23
27
33
38
41
8
13
15
16
18
19
20
24
26
27
5
9
11
14
16
17
18
22
25
28
8
11
14
17
18
21
25
32
36
39
1
7
9
11
13
14
16
25
27
35
9
14
16
18
20
21
22
26
28
29
1
14
17
20
21
22
27
33
37
40
4
9
11
13
15
20
22
27
29
30
6
12
14
15
17
18
19
23
28
29
12
18
20
23
24
26
27
32
35
37
9
16
17
20
22
24
30
37
41
44
12
17
20
22
23
25
26
31
34
36
1
5
8
9
11
13
16
26
30
37
5
11
13
16
18
19
20
24
29
32
12
19
20
22
27
29
30
36
40
42
4
8
10
13
15
16
17
21
29
32
5
8
13
17
23
25
29
36
40
43
2
10
13
17
19
22
26
35
40
41
10
16
19
21
22
24
25
31
34
36
4
8
10
13
17
20
21
29
31
34
6
12
14
15
17
18
20
25
27
28
13
20
22
24
25
27
28
35
39
43
9
16
22
25
26
27
28
35
41
44
1
4
7
10
13
17
30
36
42
45
3
10
12
15
17
18
21
26
28
39
7
12
16
19
24
26
29
37
42
45
3
9
12
13
15
20
22
26
29
30
8
14
16
17
19
20
21
28
31
37
10
19
22
26
27
28
31
37
44
47
8
13
16
19
20
22
23
28
31
34
10
15
17
19
21
23
24
31
32
34
1
6
9
10
12
14
28
37
43
44
11
18
25
28
29
30
31
38
44
48
9
16
19
20
30
32
33
39
47
48
2
6
8
11
13
14
28
36
41
44
12
20
24
26
28
30
32
39
45
47
49
