time_cost:1145300ms
ontime_proportion:0.885714
max_delay:18
avg_delay:0.914286
avg_flowtime:24.871429
object function value:971.904762
0
0
0
0
0
0
0
0
3
8
9
0
0
0
0
0
0
0
0
0
0
0
0
0
0
0
0
0
0
3
6
0
0
0
3
4
6
13
20
23
26
0
0
2
5
7
8
12
18
20
25
0
0
0
0
0
0
0
0
0
1
0
0
0
0
0
0
0
3
6
9
0
0
0
0
0
0
17
23
28
31
0
0
0
0
0
0
0
2
4
7
0
0
0
0
0
0
0
0
0
0
0
0
0
1
3
4
20
29
32
33
0
0
0
0
0
0
0
0
0
3
0
0
0
0
2
3
10
17
19
21
0
0
0
0
0
1
17
25
27
28
0
0
2
5
6
8
14
20
23
26
0
0
0
2
3
4
14
20
23
26
0
0
0
0
0
0
0
0
0
0
0
0
2
3
5
6
15
23
25
27
0
0
0
0
0
0
0
0
3
4
0
0
0
0
0
0
0
0
0
2
0
0
0
0
0
0
0
0
0
0
0
0
0
0
0
0
0
22
25
26
0
0
0
0
0
0
18
24
27
28
0
0
0
0
0
0
0
15
19
20
0
2
4
5
7
8
14
20
22
23
0
0
0
0
0
0
20
27
29
32
0
0
0
0
0
2
10
15
18
20
0
0
0
0
0
0
0
0
0
0
0
0
0
0
0
0
0
1
4
7
0
0
0
0
0
1
3
6
10
13
3
7
9
10
12
13
28
37
40
44
1
4
7
10
11
13
15
27
33
36
5
10
12
13
15
16
26
33
35
36
6
9
12
15
16
18
19
23
26
29
0
17
20
23
24
26
27
34
37
40
7
11
13
17
21
22
23
30
32
33
0
4
6
8
10
11
27
36
38
39
5
9
11
14
16
18
31
39
45
48
7
11
13
16
25
27
31
41
43
46
3
7
9
13
15
16
17
29
31
35
11
19
22
25
26
28
29
34
37
40
4
7
13
16
17
19
20
26
29
32
8
12
15
18
21
23
28
38
41
44
19
27
29
32
34
35
36
40
42
45
8
14
16
18
19
21
22
29
32
35
19
27
31
32
34
36
38
43
46
47
0
4
5
7
8
10
11
16
18
23
14
20
26
29
30
32
33
42
45
48
16
22
24
27
29
30
31
35
37
41
1
6
7
9
10
12
13
17
20
22
8
12
15
16
19
21
22
26
29
30
11
18
20
23
25
26
27
31
34
37
3
7
11
12
15
16
30
39
41
42
11
14
17
18
20
22
23
30
33
34
0
5
7
8
10
11
26
37
39
40
7
12
16
17
19
21
22
31
34
35
8
13
14
17
18
20
22
26
34
37
9
17
20
21
23
25
27
32
35
36
4
8
9
11
12
14
15
22
23
25
1
5
6
8
9
11
12
16
17
19
4
9
10
12
13
15
23
35
40
42
9
15
17
20
22
23
24
29
31
34
7
13
15
16
18
19
20
25
27
28
1
6
8
11
14
15
24
33
35
38
11
15
18
19
23
25
31
41
44
45
11
17
20
21
22
24
25
30
33
34
2
7
9
10
12
13
15
24
26
27
5
10
11
13
14
16
17
23
26
28
7
11
14
15
17
19
23
31
34
37
5
9
16
19
21
23
24
33
36
39
49
