time_cost:1376093ms
ontime_proportion:0.928571
max_delay:16
avg_delay:0.685714
avg_flowtime:23.100000
object function value:484.285714
0
0
0
1
2
3
5
16
20
22
23
0
0
0
0
0
0
0
0
0
1
0
0
0
0
0
0
6
10
13
14
0
0
0
0
0
1
11
15
17
18
0
0
0
1
2
3
22
25
27
28
0
0
0
0
0
0
0
0
2
3
0
3
6
8
9
10
14
17
20
21
0
0
0
0
0
0
0
0
1
2
0
0
1
4
5
7
15
19
22
26
0
0
0
1
2
3
19
22
26
27
0
0
0
2
3
4
7
13
16
18
0
0
0
0
0
0
0
0
2
4
0
0
1
2
3
4
23
26
28
29
0
2
3
5
6
7
13
17
20
22
0
0
0
0
0
0
0
0
0
0
0
0
0
0
0
0
10
13
15
18
0
0
2
3
5
7
19
22
26
27
0
0
0
0
0
0
0
0
0
1
0
0
0
0
0
0
11
14
17
18
0
3
4
7
8
9
11
16
18
21
0
0
0
0
0
0
0
0
0
0
0
0
0
0
0
0
0
2
4
5
0
0
0
0
0
0
16
19
25
26
0
2
3
5
7
8
18
28
29
31
0
0
0
0
0
0
20
24
27
29
0
0
0
0
0
0
0
12
14
15
0
0
0
0
0
0
0
1
2
5
0
0
0
0
0
1
13
16
17
19
0
3
6
9
10
11
30
35
40
43
0
0
0
0
0
1
12
16
21
24
7
12
13
15
20
21
23
27
29
31
12
17
19
21
22
25
36
39
43
45
4
7
8
10
11
12
15
18
21
23
14
19
26
28
29
30
31
36
38
40
26
31
32
34
35
36
37
40
45
47
0
3
6
7
8
9
22
25
28
29
11
15
18
20
21
22
24
28
29
32
15
18
20
22
23
24
33
37
41
43
2
5
8
9
11
12
36
40
45
46
6
10
12
13
16
18
19
24
26
27
1
4
7
9
10
11
14
17
19
20
4
7
10
11
12
13
16
19
22
23
2
8
9
11
12
13
29
34
36
38
3
8
9
12
13
15
17
21
23
27
19
23
25
26
27
28
29
32
34
35
7
11
13
14
17
19
20
24
26
28
6
12
13
16
19
20
22
27
28
31
11
14
15
17
18
19
20
23
25
27
5
9
12
13
14
15
26
29
35
36
7
14
17
20
21
22
24
30
31
34
9
14
18
20
21
23
34
40
43
45
1
6
7
9
10
11
14
20
24
26
2
6
8
9
11
13
16
22
24
25
8
12
13
16
19
21
32
37
38
41
3
8
10
13
15
17
18
22
24
25
11
15
16
18
19
20
29
34
36
38
3
7
9
10
11
13
22
26
28
29
2
6
9
12
13
14
27
32
35
38
3
9
10
14
15
17
32
36
38
41
25
29
30
32
33
34
35
39
41
43
7
11
14
17
18
19
23
28
31
34
13
16
18
19
20
21
29
32
34
35
10
15
20
22
23
24
36
39
43
46
6
9
11
13
14
15
19
22
23
25
6
10
12
13
14
16
17
21
23
24
0
4
5
8
9
11
16
20
21
24
25
31
34
36
37
38
39
44
45
47
2
6
7
10
13
14
21
26
27
29
7
13
15
17
18
19
22
27
28
30
10
13
16
17
19
20
21
24
27
28
48
