time_cost:95005ms
ontime_proportion:0.728571
max_delay:18
avg_delay:2.071429
avg_flowtime:23.814286
object function value:2508.095238
0
0
0
0
0
0
0
0
0
2
4
0
0
0
0
0
0
25
29
33
36
0
0
0
0
0
0
0
0
0
1
0
0
0
1
3
4
14
18
20
24
0
0
0
0
1
3
30
34
38
40
0
0
0
0
0
0
28
32
37
38
0
0
1
2
3
4
22
27
35
36
0
0
0
3
4
5
12
16
18
20
0
0
0
0
0
0
10
14
15
16
0
0
0
0
0
0
0
0
0
0
0
0
0
0
0
0
16
19
25
27
0
0
0
0
0
1
29
33
38
39
0
0
0
0
0
0
0
0
0
1
0
0
0
0
0
0
0
0
1
5
0
0
0
0
0
0
0
0
0
0
0
0
0
0
1
2
8
12
16
19
0
0
0
0
0
0
0
0
0
0
0
0
0
0
2
3
28
32
34
35
0
0
0
0
0
0
0
0
1
2
0
0
0
0
0
0
0
0
0
0
18
21
33
35
36
38
39
43
45
47
0
0
0
0
0
0
0
0
0
0
0
0
0
0
0
0
0
0
0
0
0
0
0
0
0
2
30
34
39
40
0
0
0
0
0
2
17
22
23
24
0
0
1
4
5
7
23
26
30
34
0
0
0
0
0
0
20
25
27
31
0
0
0
0
0
0
34
38
43
45
0
0
0
0
0
0
0
0
0
4
0
0
0
0
0
0
0
0
2
7
10
14
18
20
21
23
24
28
31
33
16
20
22
23
25
26
27
31
34
35
0
4
6
8
9
10
22
26
29
33
1
4
8
11
12
14
16
19
22
25
26
30
36
37
38
40
41
45
46
47
0
3
13
16
17
19
21
24
27
30
2
6
7
11
14
16
18
22
23
26
9
13
17
18
20
21
22
26
30
31
8
13
14
17
19
20
25
30
31
34
6
10
13
15
19
21
25
29
33
34
4
9
10
14
15
17
19
23
24
28
14
18
22
25
26
28
32
36
40
43
0
4
5
8
9
11
13
17
20
23
4
9
10
13
16
18
19
24
35
38
4
8
9
10
11
13
14
18
19
20
13
17
20
22
25
27
28
32
38
40
4
8
10
12
13
14
16
20
22
24
6
10
12
16
18
20
24
28
30
31
17
21
30
33
34
36
38
42
43
46
8
12
16
17
21
23
24
29
36
37
3
7
9
10
11
12
21
25
29
30
0
5
6
9
11
12
17
22
28
31
4
8
10
11
13
14
15
19
21
22
9
13
17
19
20
21
23
27
31
33
10
15
18
20
28
30
33
37
42
44
6
10
16
17
23
25
27
31
37
38
12
17
20
23
24
25
27
32
34
37
11
16
17
20
22
23
24
29
31
36
4
8
10
13
14
16
18
22
24
27
2
6
7
8
9
11
12
16
17
18
2
6
8
10
13
15
32
36
40
42
6
10
13
16
17
19
21
25
27
30
8
12
13
14
17
19
20
24
25
26
2
6
8
9
10
11
13
17
19
20
1
4
7
10
11
15
17
21
26
29
0
4
5
6
7
9
10
14
15
16
12
16
20
22
23
25
26
30
33
35
7
11
12
15
16
18
20
24
26
29
8
12
14
18
27
29
31
35
40
43
5
9
11
14
15
17
19
23
25
28
48
