time_cost:8729ms
ontime_proportion:0.671429
max_delay:17
avg_delay:2.442857
avg_flowtime:28.171429
object function value:3224.761905
0
0
0
0
0
0
0
0
0
0
0
0
0
0
0
0
0
20
27
32
35
0
0
0
0
0
0
35
41
42
43
0
1
2
3
4
5
35
40
41
42
0
0
1
3
4
6
18
27
30
32
0
0
0
0
0
0
0
0
0
1
0
0
3
5
6
8
18
26
29
31
0
1
3
4
5
7
17
24
26
27
0
0
0
1
2
4
24
29
31
32
0
0
0
0
0
0
0
0
0
1
0
0
0
0
0
0
11
16
19
21
0
0
0
0
0
0
0
0
1
2
0
0
0
0
0
0
0
0
0
0
0
0
0
0
0
1
13
17
19
20
0
0
0
0
0
1
15
19
20
22
0
0
0
0
1
2
33
37
38
39
0
0
0
0
0
0
22
26
27
28
0
0
0
0
0
0
0
0
1
3
0
0
0
0
0
0
0
0
0
0
0
0
0
0
0
0
0
1
3
4
0
0
0
0
2
3
36
42
43
44
0
1
4
5
7
9
12
19
22
25
0
0
0
0
1
3
12
19
22
25
0
0
0
0
0
0
0
0
0
0
0
0
1
4
5
7
13
17
19
22
0
5
8
10
11
13
23
32
35
38
0
0
0
0
0
2
21
31
34
36
0
0
0
0
0
0
1
5
8
10
0
5
7
8
9
11
17
22
24
26
0
0
0
0
0
0
0
0
1
2
8
14
15
17
18
20
22
25
26
27
3
8
11
13
14
16
22
31
34
36
8
13
15
16
17
19
30
43
45
46
4
8
10
11
13
14
16
20
22
23
0
5
8
10
11
13
21
34
37
39
8
14
16
17
19
20
23
29
31
32
1
4
5
6
7
8
22
25
26
27
3
11
14
16
17
19
28
36
39
41
18
26
27
28
30
32
36
42
43
44
4
12
14
15
16
18
20
27
29
30
8
15
18
20
21
22
27
34
37
39
17
26
27
28
29
30
32
35
36
37
8
13
15
16
17
19
21
26
28
29
7
11
13
14
16
17
19
23
25
26
5
16
19
20
22
24
27
38
41
42
3
7
10
12
13
14
16
27
30
32
0
4
5
7
8
10
25
29
30
32
3
8
11
13
14
16
26
45
48
50
13
18
20
21
23
24
26
30
32
33
0
4
5
7
10
12
26
30
32
34
5
16
19
21
24
26
29
39
42
43
9
15
16
17
19
21
23
26
27
29
12
22
24
25
28
31
35
43
45
46
16
22
24
25
26
28
33
41
43
45
12
19
22
24
30
33
39
45
48
50
4
8
10
11
14
16
18
22
24
25
5
10
12
15
20
23
25
29
31
34
9
19
22
23
25
27
31
37
40
41
9
15
16
17
22
24
26
31
32
33
0
3
4
5
6
7
43
51
53
54
13
23
25
26
27
29
31
43
45
46
3
8
11
13
19
21
38
45
48
50
11
15
16
17
22
25
29
33
34
35
13
24
26
27
32
35
40
50
52
53
13
24
26
27
31
35
40
48
50
51
3
10
13
16
19
22
25
30
33
35
8
13
16
18
20
22
39
48
53
55
7
13
15
18
20
24
26
31
34
36
9
20
23
25
31
33
40
48
51
53
17
25
26
29
33
37
43
51
52
54
56
