time_cost:1136720ms
ontime_proportion:0.914286
max_delay:12
avg_delay:0.542857
avg_flowtime:21.371429
object function value:569.523810
0
0
0
0
0
0
0
0
0
0
1
0
0
0
1
2
4
9
13
15
16
0
0
0
0
0
1
2
5
8
9
0
0
0
0
0
0
3
7
9
11
0
0
0
0
0
0
0
0
0
0
0
0
0
0
1
2
12
16
17
20
0
0
0
0
0
1
3
8
9
12
0
0
0
0
0
0
0
3
4
6
0
0
2
3
4
6
11
16
18
19
0
0
1
4
5
6
13
17
20
23
0
2
5
8
10
11
31
35
38
41
0
0
0
0
2
4
21
26
28
29
0
0
0
0
0
0
0
0
1
3
0
0
0
0
2
3
22
27
28
30
0
0
0
0
0
0
0
2
4
5
0
0
0
0
0
0
29
34
36
39
0
0
0
0
0
0
0
0
1
4
0
0
0
0
0
1
13
16
19
20
0
0
0
2
3
4
15
21
22
24
0
0
0
0
0
0
0
0
0
1
0
0
0
0
0
0
0
0
0
1
0
0
0
0
0
0
0
1
3
5
0
0
0
0
0
0
0
13
17
18
0
0
0
0
0
0
0
0
0
1
0
2
4
5
6
8
21
25
27
28
0
0
0
0
1
3
21
30
31
33
0
0
0
0
0
0
0
0
1
2
0
0
0
0
1
2
12
16
18
19
0
0
0
0
0
0
0
0
3
4
0
0
0
0
0
0
16
18
20
27
5
9
11
12
13
15
17
22
24
26
16
21
25
28
29
30
32
37
41
44
1
5
6
8
9
10
18
23
24
26
13
18
20
21
22
23
24
27
29
32
5
9
11
14
15
17
18
22
24
25
2
6
8
10
11
12
20
24
28
30
5
10
11
13
14
15
16
22
23
25
14
20
22
23
25
27
28
32
34
35
0
3
6
7
8
9
17
20
23
24
1
4
5
7
8
9
16
19
20
22
19
24
26
27
28
29
30
33
35
36
5
11
14
17
18
19
25
30
33
36
2
6
8
9
10
11
17
21
23
24
1
5
6
8
9
10
25
29
30
32
5
10
11
13
21
22
25
29
30
32
0
5
7
9
10
11
12
17
18
20
10
14
15
17
18
20
26
31
32
34
14
17
19
21
22
23
33
38
42
44
0
6
8
9
11
13
22
25
27
28
0
3
5
6
7
8
16
20
22
25
12
18
21
24
25
26
28
32
35
38
6
9
12
13
15
16
17
22
25
26
7
11
13
14
16
18
22
26
28
29
9
14
16
17
19
22
24
28
31
32
3
7
9
11
13
14
19
23
24
26
11
16
17
19
20
21
23
28
29
31
8
12
13
16
17
19
21
25
26
29
9
12
14
15
18
19
20
24
26
27
15
18
21
22
23
24
25
28
31
32
12
15
16
18
21
23
26
29
32
34
9
14
17
20
21
22
29
35
38
42
9
15
19
22
23
24
31
36
39
42
9
12
14
15
16
17
25
28
30
33
0
5
6
11
12
13
15
20
21
24
4
8
10
11
12
15
19
23
25
26
3
7
9
12
14
15
23
27
28
30
5
9
11
12
14
16
20
24
26
27
7
11
12
15
16
18
27
31
32
35
8
12
15
18
19
21
33
38
41
44
7
13
14
17
19
20
23
28
29
32
45
