time_cost:1453958ms
ontime_proportion:0.914286
max_delay:11
avg_delay:0.700000
avg_flowtime:23.485714
object function value:640.000000
0
0
5
6
9
10
11
13
18
19
22
0
0
0
0
0
0
1
6
7
9
0
0
0
0
0
0
0
0
0
0
0
1
3
4
6
8
15
18
21
22
0
0
0
0
0
1
6
11
13
16
0
0
0
0
0
0
16
21
23
24
0
0
0
0
0
0
0
0
0
0
9
15
16
18
19
20
26
30
35
37
0
1
2
4
5
6
13
17
19
21
0
0
0
0
0
0
16
22
24
26
0
0
0
0
0
0
0
0
0
3
0
0
0
0
1
2
12
19
21
22
0
0
0
0
0
0
0
0
0
1
0
0
0
0
0
0
0
0
0
3
0
0
0
0
0
3
18
23
25
26
0
3
6
9
10
11
12
16
19
22
0
0
0
0
0
2
17
21
23
27
0
0
1
2
3
4
12
16
19
20
0
2
5
6
7
8
14
19
22
24
0
0
0
0
0
0
0
0
0
0
0
0
3
6
7
8
17
23
26
29
0
0
0
0
0
0
0
0
2
3
0
0
0
0
2
4
21
25
26
29
0
0
0
0
0
0
17
20
21
23
0
0
0
0
0
0
0
2
3
6
0
0
0
0
0
0
13
16
18
19
0
0
0
0
0
1
15
22
23
26
0
0
0
0
0
0
0
0
1
5
0
0
0
0
0
0
0
0
0
0
0
0
0
0
0
0
0
2
4
7
13
18
19
21
22
23
24
28
30
34
9
12
14
15
17
19
20
23
26
27
4
10
11
14
15
16
27
32
35
37
9
12
14
16
17
18
28
31
34
36
5
8
11
13
21
24
29
33
37
38
16
21
22
24
25
26
27
32
33
35
1
5
6
8
9
10
21
25
28
30
2
5
9
10
12
14
19
25
27
28
2
5
7
9
10
11
21
24
26
28
5
8
11
12
13
14
17
20
23
25
4
10
12
13
15
17
22
27
29
30
0
6
12
14
16
18
25
29
30
32
3
7
9
12
13
15
21
26
28
29
5
8
10
11
12
13
26
30
33
34
5
9
12
15
16
17
18
22
26
30
11
16
17
20
21
22
26
32
35
39
0
11
15
16
18
20
23
27
30
31
8
12
13
16
18
20
30
34
37
40
12
16
22
25
26
27
29
33
38
41
9
14
16
19
20
21
29
34
35
38
0
3
5
6
7
8
25
29
31
32
5
9
10
12
13
14
17
22
24
26
20
23
24
26
27
28
29
32
36
38
8
14
16
17
19
21
25
28
32
33
12
18
20
23
24
25
28
33
37
40
8
13
16
19
20
21
22
26
30
33
3
8
9
11
12
13
21
26
29
31
12
19
27
29
30
31
32
37
38
40
4
10
12
14
22
25
31
36
38
40
1
4
6
7
9
11
20
23
26
29
2
6
8
10
11
12
26
29
32
34
16
19
22
23
24
25
26
30
34
35
8
13
14
16
20
23
28
33
35
37
6
9
10
13
19
20
25
30
31
33
3
6
7
9
11
12
28
32
33
36
7
12
13
16
17
18
20
26
29
32
0
4
9
12
14
16
22
31
32
35
8
14
16
18
22
24
31
36
38
40
9
13
15
16
17
19
23
27
29
30
9
13
16
20
21
22
23
29
32
35
42
