time_cost:2169ms
ontime_proportion:0.657143
max_delay:21
avg_delay:3.228571
avg_flowtime:31.771429
object function value:3487.619048
0
0
0
0
0
1
4
23
28
31
34
0
0
0
0
1
2
18
22
24
25
0
4
6
9
10
12
14
18
27
30
0
0
0
0
0
0
0
0
0
1
0
0
0
1
2
3
21
25
27
28
0
0
0
0
0
0
0
0
0
1
0
0
0
0
0
0
0
0
4
7
0
0
1
4
5
6
27
32
34
37
0
0
0
0
0
0
16
21
25
27
0
0
0
0
0
0
0
2
33
36
0
0
0
0
6
9
28
33
37
40
0
0
0
0
0
0
28
31
36
39
0
0
0
0
2
5
23
27
32
34
0
0
0
0
3
6
31
35
40
43
0
0
0
0
0
0
18
22
23
24
0
0
0
0
4
8
27
31
34
36
0
4
6
8
9
10
27
33
36
38
0
0
0
0
0
0
0
0
0
0
0
3
5
7
8
9
15
19
23
25
0
0
2
3
4
5
15
19
22
26
0
0
0
0
0
0
14
20
24
27
0
0
1
4
10
12
31
35
39
42
0
0
0
0
0
1
16
21
23
26
0
2
4
5
7
8
15
19
23
26
0
1
3
7
8
11
30
34
38
40
0
0
0
0
0
0
0
3
40
43
0
0
0
0
0
0
0
1
2
7
0
0
0
0
0
0
0
0
0
0
0
0
3
6
7
9
17
20
30
33
0
0
0
0
10
16
32
37
43
46
4
9
12
14
15
19
21
25
27
29
6
11
15
18
19
20
31
36
42
45
7
11
14
15
16
17
19
23
25
27
2
5
8
11
12
16
32
36
43
46
5
8
11
14
17
20
22
25
32
35
8
12
15
18
19
21
34
38
46
49
12
16
21
22
23
24
26
30
32
33
10
14
16
19
20
22
35
39
46
50
9
14
18
21
22
23
38
43
51
54
0
4
6
10
11
13
23
28
35
38
1
6
7
10
12
13
18
23
26
31
3
7
9
12
13
15
17
21
33
37
14
18
22
23
25
30
39
44
52
53
10
14
19
21
22
25
34
38
45
47
5
9
11
14
15
19
35
39
47
50
3
7
12
15
18
22
25
30
35
39
3
8
9
12
14
15
18
24
26
29
12
17
21
24
25
26
28
33
36
39
8
13
17
19
20
22
23
27
29
31
14
18
22
23
24
28
38
42
50
51
6
10
14
15
17
18
19
23
25
28
8
15
19
22
23
27
29
33
38
41
14
18
21
22
24
30
39
43
53
54
9
15
18
21
23
28
39
44
51
54
3
6
10
13
15
26
36
40
49
52
7
11
15
16
17
18
20
24
26
27
0
6
7
14
16
17
18
23
24
29
1
5
9
13
14
24
26
30
38
41
0
5
6
12
14
15
22
27
29
33
4
9
12
15
17
18
22
27
28
31
8
13
16
18
19
21
22
26
28
30
4
9
14
17
26
29
31
35
41
44
5
10
13
16
18
19
23
28
29
32
11
15
18
19
28
31
32
36
42
43
12
16
20
23
24
26
27
31
33
35
11
15
21
24
25
27
36
40
49
51
11
15
19
21
22
24
25
29
31
33
12
17
22
25
26
28
30
35
39
42
9
13
18
20
21
23
24
28
30
32
5
11
15
18
27
30
32
36
41
45
55
