time_cost:1104058ms
ontime_proportion:0.914286
max_delay:8
avg_delay:0.357143
avg_flowtime:22.871429
object function value:619.523810
0
0
0
0
0
0
0
11
16
18
20
0
0
0
0
0
0
0
0
0
0
0
0
0
0
0
0
13
17
19
20
0
3
4
6
7
8
21
26
27
29
0
0
1
4
5
6
16
22
23
26
0
0
1
2
3
5
22
26
28
29
0
0
1
4
5
7
18
22
23
26
0
0
0
0
0
0
13
17
19
20
0
0
0
0
0
0
0
0
2
3
0
0
0
0
0
0
18
21
24
25
0
0
0
1
3
5
21
24
30
31
0
0
0
0
0
0
16
19
20
23
0
0
0
0
0
1
22
26
28
29
0
0
0
0
0
0
0
0
0
1
0
0
0
0
0
2
21
25
26
29
0
0
0
0
0
0
13
15
17
19
0
0
0
0
0
0
0
0
0
2
0
0
0
2
3
4
16
20
21
23
0
0
0
0
0
0
0
0
0
0
0
0
0
0
0
0
0
0
0
0
0
0
0
0
0
2
21
24
26
27
0
0
0
0
0
0
0
0
0
1
0
2
3
5
6
7
25
28
29
32
0
0
0
0
0
0
0
0
2
5
0
0
0
0
1
2
18
23
26
28
0
0
0
0
0
1
11
15
17
18
0
3
5
6
8
10
11
14
16
18
0
0
0
0
0
0
0
0
0
0
0
1
4
5
6
7
15
21
25
26
0
0
0
0
0
0
0
0
0
0
10
13
14
17
19
21
25
28
29
31
0
4
6
7
9
11
20
24
27
28
7
10
12
13
20
22
27
30
33
34
4
7
9
10
12
14
18
21
23
24
4
12
15
17
23
24
28
32
34
36
0
9
11
12
17
19
22
25
32
34
8
13
14
17
18
19
23
28
29
32
6
11
12
15
17
18
20
25
27
29
5
8
10
12
14
16
17
20
22
25
9
13
16
19
20
21
26
30
33
36
12
17
25
27
28
29
32
37
38
40
9
12
14
15
17
19
23
26
29
30
7
11
17
20
21
22
24
28
31
34
2
6
8
9
21
23
28
31
34
35
11
16
18
20
22
23
27
33
35
37
2
7
8
12
13
14
30
35
37
40
0
5
6
9
12
14
25
29
31
34
5
10
11
14
16
17
28
33
35
38
14
18
20
21
22
24
28
32
34
35
7
11
12
14
15
16
17
21
22
24
6
9
11
13
14
15
26
29
32
33
3
6
7
9
10
11
12
15
16
18
4
7
9
10
11
12
15
19
21
22
15
18
19
22
23
24
26
29
30
32
8
13
14
16
20
21
32
37
38
40
3
6
8
10
12
13
24
27
31
33
1
5
6
9
14
16
26
30
32
36
1
4
6
7
9
11
12
15
17
22
19
23
24
26
27
28
29
34
35
37
4
8
10
14
19
21
29
33
35
38
0
3
6
7
8
9
15
18
21
22
1
4
7
8
9
10
13
17
20
21
0
4
5
8
10
12
20
24
26
30
4
8
9
12
15
17
19
23
24
27
5
9
11
12
13
15
16
20
22
24
8
12
13
15
16
17
18
22
23
25
10
14
15
17
19
20
28
32
33
35
8
11
13
17
19
20
24
27
29
31
3
8
9
11
12
13
14
19
20
23
8
12
13
16
17
19
24
28
29
32
41
