time_cost:1034013ms
ontime_proportion:0.785714
max_delay:19
avg_delay:2.185714
avg_flowtime:26.400000
object function value:2022.857143
0
0
0
0
0
0
0
0
2
3
6
0
0
0
0
0
1
12
17
20
23
0
0
0
0
0
0
0
3
5
9
0
0
0
0
0
0
17
25
28
29
0
2
3
5
6
8
9
13
18
20
0
0
0
0
0
0
0
0
1
4
0
0
0
0
2
3
17
28
30
33
0
0
0
0
0
1
13
18
21
24
0
0
0
0
0
1
10
15
18
21
0
0
0
1
3
4
13
23
25
28
0
0
0
0
0
1
12
19
21
25
0
0
0
0
0
0
0
2
4
6
0
16
19
20
22
24
25
35
38
39
0
0
0
0
0
0
0
0
0
0
0
0
0
0
0
0
0
0
0
1
0
0
0
0
0
0
0
0
1
4
0
0
0
1
2
4
17
29
32
35
0
4
6
9
11
12
19
28
32
35
0
0
0
0
0
0
2
12
16
19
0
0
0
1
3
4
16
24
27
28
0
0
0
0
0
0
0
0
0
1
0
0
0
0
0
0
0
0
0
0
0
0
0
0
0
0
0
0
2
5
0
0
0
0
0
0
0
0
0
0
0
0
1
2
4
5
8
15
17
19
0
0
0
0
0
0
0
2
3
7
0
2
5
6
7
9
17
27
30
31
0
0
0
0
0
0
7
12
13
15
0
0
0
0
0
0
0
0
2
3
0
0
0
0
0
0
0
0
0
3
1
8
11
12
14
15
20
29
31
33
15
23
26
29
31
32
33
37
41
46
4
8
10
11
13
14
23
33
37
38
8
14
16
17
19
20
23
35
38
39
12
21
23
24
26
27
29
34
36
41
7
13
15
16
20
25
27
42
47
48
8
12
15
18
19
21
22
32
35
38
4
7
8
11
17
21
24
37
38
41
8
15
17
21
23
24
25
36
39
42
5
10
12
13
15
16
18
24
27
28
9
15
18
19
21
23
25
29
32
33
13
20
23
26
27
29
30
40
44
47
16
23
29
32
34
35
36
40
44
47
13
19
21
24
25
26
27
38
41
44
6
10
14
17
18
20
21
30
33
36
16
26
29
32
33
35
36
40
44
47
2
5
8
9
10
12
13
23
26
27
11
21
24
27
28
30
31
35
41
45
1
4
9
12
13
15
20
26
35
38
1
6
9
10
12
13
23
38
42
43
6
9
12
15
16
18
19
25
28
31
13
21
23
26
28
29
30
40
43
46
9
13
15
16
18
19
20
30
32
33
3
8
10
11
13
14
20
38
40
41
2
5
8
10
11
13
20
30
33
34
12
17
24
27
28
30
31
34
38
41
5
10
12
15
17
18
20
38
40
44
11
18
21
22
24
26
28
32
35
36
5
10
13
16
20
22
27
39
43
46
6
10
13
16
17
19
20
26
29
32
2
5
8
9
10
12
19
32
35
36
9
13
16
18
20
22
24
35
38
39
2
7
9
10
12
13
15
21
23
24
2
8
10
13
15
16
23
42
44
48
14
25
27
30
32
33
34
38
40
43
5
8
11
14
15
17
22
33
34
37
16
21
24
27
29
31
32
42
46
49
0
4
6
7
9
10
23
40
43
44
5
9
10
12
13
15
16
20
21
23
9
16
19
20
22
24
26
31
37
38
50
