time_cost:677021ms
ontime_proportion:0.771429
max_delay:24
avg_delay:2.871429
avg_flowtime:30.471429
object function value:2301.428571
0
0
0
0
0
0
0
8
15
17
19
0
0
0
0
0
0
0
0
0
4
0
0
0
0
0
0
9
15
18
22
0
3
6
9
13
15
16
19
22
25
0
0
0
0
0
0
9
19
21
22
0
0
0
0
0
1
8
16
20
21
0
0
0
0
0
0
0
0
0
0
0
6
9
12
13
15
16
19
22
25
0
0
0
0
0
2
8
16
18
20
0
0
0
0
0
1
9
19
21
22
0
0
1
4
5
7
10
21
24
27
0
4
6
7
9
10
12
17
19
20
0
0
0
0
0
0
13
21
24
27
0
0
1
3
4
6
12
18
24
26
0
0
0
0
0
0
0
0
0
0
0
0
3
6
7
9
10
15
25
28
0
0
0
0
2
3
7
16
21
25
0
0
0
0
0
0
0
1
18
24
0
0
0
0
0
0
13
23
26
29
0
0
0
0
0
1
12
22
26
29
0
0
0
0
2
3
12
25
27
28
0
0
0
0
0
0
0
0
0
1
0
0
0
1
3
5
15
25
28
31
0
0
0
1
2
4
7
13
16
19
0
5
11
14
15
16
17
27
29
32
0
0
0
0
0
0
0
0
1
3
0
0
2
5
6
7
17
29
31
34
0
3
5
9
15
16
18
27
32
35
0
0
0
0
0
0
17
29
31
36
0
1
3
4
7
8
20
34
43
44
7
14
16
19
20
21
22
26
28
33
6
12
15
18
19
21
22
29
32
35
17
31
33
34
36
37
38
42
44
45
4
10
12
15
17
19
20
32
34
37
16
26
29
32
33
35
36
39
42
45
1
4
7
10
11
13
14
17
20
23
2
5
6
9
10
12
14
17
18
21
3
10
12
13
16
17
19
34
36
37
6
13
16
17
19
21
23
27
32
33
9
20
23
24
26
28
30
34
37
38
5
10
11
14
15
17
19
24
27
30
9
22
25
26
28
30
32
36
39
43
18
33
35
36
38
39
40
44
46
47
0
6
9
12
13
15
16
28
31
34
13
25
30
31
33
35
37
41
45
46
4
12
14
15
18
19
21
37
39
45
3
7
8
10
11
13
14
18
19
24
10
21
23
26
27
28
29
35
37
40
17
30
34
37
38
40
41
44
47
50
3
7
10
11
16
18
19
31
34
35
3
9
27
30
31
33
34
38
45
48
0
3
5
8
9
10
19
31
34
38
13
23
26
27
28
30
31
34
37
38
3
6
8
11
12
13
21
33
44
47
1
5
7
8
10
11
26
44
48
49
0
8
10
11
21
22
23
39
41
42
5
8
36
39
40
42
43
46
49
52
22
36
39
42
44
45
46
50
52
55
6
12
15
18
19
21
25
41
47
50
18
28
31
32
33
35
36
39
42
43
20
33
37
40
41
43
45
48
50
53
5
11
13
16
18
19
26
49
51
54
13
24
30
31
35
37
38
46
50
51
4
7
10
11
12
14
15
18
21
23
6
12
15
18
21
23
24
31
35
38
24
38
41
44
45
47
48
52
55
58
3
9
13
17
18
20
23
37
40
44
22
35
40
41
43
45
47
51
54
55
22
37
40
43
45
46
47
51
53
56
0
11
13
14
16
17
26
49
55
57
59
