time_cost:1155595ms
ontime_proportion:0.957143
max_delay:11
avg_delay:0.400000
avg_flowtime:20.628571
object function value:116.190476
0
0
0
0
0
0
0
0
0
0
1
0
0
0
1
2
4
10
14
16
17
0
0
0
0
0
1
9
12
15
16
0
0
0
0
0
0
7
11
12
14
0
0
0
0
0
0
0
0
0
0
0
0
0
0
1
2
9
13
16
18
0
0
0
0
0
1
9
14
15
19
0
0
0
0
0
0
6
9
10
12
0
0
2
3
4
6
9
13
16
17
0
0
1
4
5
6
12
16
19
22
0
2
5
8
9
10
11
15
18
21
0
0
0
0
1
3
13
17
19
21
0
0
0
0
0
0
0
0
1
3
0
0
0
0
1
2
6
9
10
12
0
0
0
0
0
0
0
2
4
6
0
0
0
0
0
0
13
18
19
22
0
0
0
0
0
0
0
0
3
6
0
0
0
0
0
1
16
19
22
23
0
0
0
2
3
4
14
19
21
23
0
0
0
0
0
0
0
0
0
1
0
0
0
0
0
0
0
0
0
2
0
0
0
0
0
0
0
1
2
4
0
0
0
0
0
0
0
1
4
5
0
0
0
0
0
0
0
0
0
1
0
2
4
5
6
8
15
19
21
22
0
0
0
0
3
4
17
22
26
28
0
0
0
0
0
0
0
0
1
2
0
0
0
0
2
3
14
17
20
21
0
0
0
0
0
0
0
0
3
4
0
0
0
0
0
0
13
15
18
19
10
15
17
18
19
21
22
26
28
29
8
13
14
17
18
19
23
28
29
32
1
5
6
8
9
10
22
26
31
33
1
4
6
7
8
9
21
24
30
31
8
12
14
15
16
18
19
23
25
26
17
21
22
24
25
26
27
31
33
35
5
10
12
14
15
16
24
29
33
35
3
6
8
11
13
15
25
28
32
33
0
7
10
11
12
13
14
20
23
24
6
10
11
13
15
16
17
20
22
24
3
6
8
9
10
11
19
27
31
32
15
19
22
25
26
27
28
32
35
38
5
8
10
13
14
15
17
22
24
25
19
23
24
26
27
28
29
33
35
37
2
6
7
9
10
11
12
16
17
19
7
12
13
16
17
18
19
24
25
27
1
5
13
15
16
17
28
32
35
38
12
15
17
19
20
21
26
30
33
35
0
10
12
14
16
18
29
34
37
38
10
13
15
16
18
19
20
24
26
27
5
20
23
26
27
28
29
33
37
40
5
8
11
12
13
14
32
36
39
40
1
5
7
8
9
11
20
25
27
28
6
10
12
13
15
17
23
27
29
30
3
7
8
10
11
12
13
17
18
20
5
10
11
13
14
15
16
21
22
24
8
12
13
16
18
20
22
26
27
30
1
4
6
8
9
10
19
22
24
25
26
29
32
33
34
35
36
39
43
44
16
19
20
22
23
24
25
28
30
32
18
22
25
28
29
30
31
35
38
41
20
25
26
29
30
31
33
38
40
43
17
23
29
30
31
32
33
36
38
39
0
5
6
10
11
12
21
26
27
30
12
17
19
20
21
23
24
29
32
33
15
19
20
22
23
24
26
30
31
35
4
8
10
11
12
14
26
30
33
34
22
26
28
31
32
34
36
40
41
44
3
7
8
16
17
19
32
38
40
43
1
6
15
18
19
20
23
28
30
33
45
