time_cost:1249864ms
ontime_proportion:0.814286
max_delay:24
avg_delay:2.185714
avg_flowtime:24.200000
object function value:1663.809524
0
0
2
4
5
7
8
11
15
17
18
0
0
0
0
0
0
0
2
5
8
0
0
0
0
0
0
0
0
0
1
0
0
0
0
0
0
0
0
0
0
0
0
0
0
0
0
38
44
48
51
0
0
0
0
0
0
9
13
14
16
0
0
0
0
0
0
0
1
4
7
0
0
0
3
5
6
7
12
13
16
0
0
0
1
2
5
14
18
20
21
0
0
0
0
0
0
0
0
5
6
0
0
0
0
0
0
0
0
0
3
0
0
0
0
0
0
0
0
0
2
0
0
0
0
0
0
0
2
4
5
0
0
0
0
0
0
21
26
33
36
0
0
0
0
0
0
0
0
0
0
0
0
0
0
0
0
0
0
3
7
0
8
17
19
20
22
23
27
31
33
0
0
1
4
5
7
9
13
14
17
0
0
0
0
0
1
22
26
30
32
0
0
0
0
0
0
19
24
30
34
0
0
0
0
0
0
0
1
2
5
0
0
0
0
0
0
11
16
25
28
0
0
0
0
0
0
17
23
28
31
0
0
0
0
1
2
3
8
10
11
0
0
0
0
0
0
0
4
6
8
0
0
0
0
1
2
9
14
15
18
0
0
0
0
1
3
10
16
19
20
0
5
6
9
12
14
18
23
24
27
0
0
0
0
0
3
6
10
14
18
0
0
0
0
0
1
3
8
9
12
20
24
27
28
29
30
32
36
38
39
27
31
34
35
36
38
41
45
52
53
18
24
26
29
30
31
33
38
39
42
13
17
20
22
23
25
26
30
36
39
10
13
20
23
24
26
28
31
35
40
10
15
17
20
22
23
24
29
30
34
13
19
28
31
33
34
35
40
42
45
18
23
26
29
30
32
34
38
39
42
3
6
9
12
13
15
17
20
23
26
13
18
19
22
23
24
29
34
38
41
10
15
18
21
22
23
28
33
42
45
0
3
6
9
10
12
15
20
27
30
6
11
14
15
16
18
20
24
27
28
10
15
17
20
21
22
24
29
33
36
9
13
16
17
18
19
26
31
34
35
6
10
12
13
15
17
38
42
45
46
4
9
10
13
14
15
17
22
23
26
0
4
6
8
9
11
17
21
28
30
2
6
8
10
11
12
14
18
20
22
18
22
29
30
32
33
34
38
41
43
3
7
10
11
13
21
42
47
53
54
5
10
11
14
16
17
18
23
24
27
6
10
12
14
15
16
18
22
25
27
25
29
32
34
35
36
38
42
46
48
22
27
29
32
34
35
36
41
46
49
7
12
15
17
18
20
21
25
33
35
13
18
23
25
26
27
29
33
38
40
23
28
31
32
33
34
36
40
45
46
2
6
8
11
12
13
15
19
21
23
2
6
8
11
12
14
16
20
22
25
24
28
32
35
36
38
40
43
48
51
23
28
31
34
35
36
40
45
51
54
6
11
13
16
17
19
31
36
45
48
22
25
35
38
39
41
43
46
51
54
27
30
35
38
39
41
43
46
49
52
2
6
11
14
17
19
22
26
36
39
4
9
16
21
22
25
30
35
42
45
5
9
11
14
15
17
27
33
35
38
12
16
18
19
21
22
30
34
38
39
1
4
7
10
11
13
15
18
21
24
55
