time_cost:2654ms
ontime_proportion:0.771429
max_delay:16
avg_delay:1.857143
avg_flowtime:23.042857
object function value:2053.809524
0
0
0
0
0
0
0
9
13
16
17
0
0
0
0
0
0
0
0
0
0
0
0
0
3
5
7
22
26
32
35
0
2
6
10
18
24
25
28
31
34
0
0
0
0
0
1
31
36
41
44
0
0
0
0
0
0
0
0
1
2
0
0
0
0
0
0
0
0
0
0
0
0
0
0
0
0
0
0
0
3
0
0
0
0
0
0
0
0
0
0
0
0
0
0
0
0
0
0
1
5
0
0
0
0
1
3
11
15
18
27
0
0
0
0
0
2
13
17
19
20
0
0
0
0
0
0
32
37
40
41
0
0
0
1
3
5
10
14
18
21
0
0
1
4
6
8
13
16
29
32
0
0
0
0
0
0
0
0
0
0
0
2
3
4
5
7
15
19
23
24
0
0
0
0
0
0
0
2
4
6
0
0
0
0
0
0
0
0
0
0
0
0
0
0
1
3
34
38
42
43
0
0
0
0
0
0
0
0
2
3
0
0
0
0
0
0
13
17
19
24
8
12
15
16
19
20
22
26
27
28
0
0
0
0
0
0
0
0
0
1
0
0
0
0
0
1
11
15
18
19
0
0
0
0
0
0
0
0
0
0
0
0
0
0
0
0
0
0
1
4
0
0
0
0
0
0
0
0
1
2
0
7
9
14
26
28
29
38
41
42
0
0
0
1
3
5
10
13
15
20
3
8
10
11
13
15
17
22
24
25
11
16
19
21
25
28
30
35
39
40
18
21
25
26
28
30
32
35
40
41
1
5
6
9
11
13
15
19
20
23
6
11
13
14
27
30
33
40
42
43
0
3
5
7
8
9
22
25
34
36
5
9
12
14
18
19
20
24
28
30
5
11
15
16
23
25
26
31
33
34
6
10
11
12
14
15
17
21
22
23
8
11
13
15
17
21
29
32
38
40
11
14
17
18
29
31
34
39
41
43
10
13
16
18
20
21
23
26
29
31
1
6
8
9
10
11
13
18
20
21
0
4
5
6
7
8
18
23
25
27
7
11
12
15
17
19
21
25
26
29
15
18
20
22
23
25
26
30
36
38
4
9
11
13
15
19
21
26
28
29
8
11
14
16
20
22
24
27
28
37
0
6
9
13
15
17
18
21
24
27
6
12
16
23
24
25
27
31
32
34
0
4
5
11
13
15
17
21
22
25
3
7
11
13
14
15
16
19
21
23
5
10
14
15
17
18
19
24
27
28
10
14
15
18
20
22
24
28
29
32
1
6
9
12
17
19
20
23
26
29
10
15
17
20
22
24
25
30
32
33
6
9
10
13
23
26
28
31
36
39
4
9
12
15
21
23
25
29
30
34
14
18
19
22
24
26
28
32
35
38
9
13
15
19
21
23
25
29
30
33
2
7
9
10
15
17
19
24
26
27
13
16
18
20
22
25
26
29
33
35
3
6
7
8
10
12
14
17
18
21
2
5
7
9
10
11
12
15
17
19
9
13
14
17
19
21
23
27
28
31
16
19
22
25
27
29
30
33
38
42
4
9
13
14
19
20
21
26
31
32
27
31
35
36
37
38
39
42
43
44
1
5
8
13
15
17
19
23
24
27
3
6
7
10
12
17
19
22
23
26
46
