time_cost:814202ms
ontime_proportion:0.814286
max_delay:17
avg_delay:1.528571
avg_flowtime:26.700000
object function value:1747.142857
0
0
0
0
0
0
0
10
14
16
19
0
0
0
0
0
1
12
18
20
23
0
0
0
0
0
0
0
2
4
7
0
0
0
0
0
0
11
16
19
20
0
2
3
5
6
8
9
13
14
16
0
0
0
0
0
0
0
0
1
3
0
0
0
0
2
3
6
11
13
16
0
0
0
0
0
1
17
28
31
34
0
0
0
0
0
1
12
24
27
31
0
0
0
1
3
4
15
28
32
35
0
0
0
0
0
1
13
20
23
25
0
0
0
0
0
0
9
17
19
20
11
21
24
25
26
28
29
32
35
36
0
0
0
0
0
0
0
0
0
0
0
0
0
0
0
0
0
0
0
2
0
0
0
0
0
0
0
0
1
4
0
0
0
1
2
4
12
23
26
29
0
4
6
9
11
12
13
19
22
25
0
0
0
0
0
0
13
16
20
23
0
0
0
1
3
4
16
24
27
28
0
0
0
0
0
0
0
0
0
2
0
0
0
0
0
0
0
0
0
0
0
0
0
0
0
0
0
0
2
5
0
0
0
0
0
0
0
0
0
0
0
0
1
2
4
5
16
22
26
31
0
0
0
0
0
0
19
24
25
28
0
2
5
6
7
9
10
13
16
17
0
0
0
0
0
0
8
17
18
20
0
0
0
0
0
0
0
0
2
3
0
0
0
0
0
0
0
0
0
0
1
6
8
9
11
12
17
26
29
30
5
9
11
14
16
17
18
22
24
27
6
11
13
14
16
17
18
24
28
29
0
4
6
7
9
10
20
26
30
35
0
5
7
10
12
13
22
31
35
36
1
6
8
11
13
14
22
32
36
37
8
16
19
22
23
25
26
31
34
37
10
15
19
22
23
25
27
30
31
34
2
7
9
12
14
15
24
32
36
39
11
22
25
26
28
29
31
36
38
39
7
14
17
18
20
22
24
30
33
38
13
19
23
26
27
29
30
33
37
40
14
21
25
28
30
31
32
36
39
42
8
13
15
18
19
20
22
28
37
41
5
8
27
30
31
33
34
37
40
43
7
12
15
18
19
21
22
33
36
39
5
10
13
14
15
18
20
35
39
40
0
6
13
16
17
19
20
34
37
41
6
11
16
20
21
23
25
34
40
43
8
14
19
20
22
23
25
34
43
44
16
23
28
31
32
34
35
38
42
45
3
8
10
14
16
17
19
37
39
42
18
29
32
33
35
36
37
42
44
45
4
10
12
13
15
16
20
38
40
41
22
29
34
35
36
38
39
42
45
46
19
26
30
33
34
36
37
40
43
46
13
26
29
32
34
35
36
40
42
45
0
4
7
8
10
12
14
18
21
22
5
8
31
34
35
37
38
41
44
47
9
19
22
25
26
28
29
38
41
46
2
5
8
9
10
12
23
41
45
47
4
11
14
15
17
19
21
25
28
29
2
9
12
17
19
20
23
42
45
48
15
27
29
32
34
35
36
40
42
47
1
7
9
12
14
15
16
21
23
26
23
31
34
37
38
40
42
45
46
49
20
28
33
36
37
39
40
43
46
49
0
4
6
7
9
10
11
15
17
21
5
9
10
12
13
15
16
20
21
23
9
15
18
19
23
25
27
36
47
48
50
