time_cost:3437ms
ontime_proportion:0.885714
max_delay:14
avg_delay:0.657143
avg_flowtime:25.100000
object function value:979.523810
0
0
0
0
0
0
0
13
18
21
23
0
0
0
0
0
0
0
0
1
3
0
0
0
0
0
0
20
24
25
27
0
0
0
0
0
0
22
27
28
29
0
0
0
0
0
0
0
2
5
8
0
0
0
0
0
0
0
0
0
3
0
0
0
0
0
0
0
6
7
8
0
0
0
0
0
0
0
0
0
1
0
0
0
0
0
0
15
20
23
25
0
0
0
0
0
0
0
0
0
0
0
0
0
0
0
0
0
0
0
1
0
0
0
1
3
5
18
23
26
27
0
0
0
0
0
0
0
0
2
4
0
0
0
0
0
0
16
21
24
25
0
0
0
0
1
3
14
18
20
23
0
0
0
0
0
0
0
0
0
0
0
1
4
6
7
9
16
21
24
26
9
14
15
18
19
21
26
31
32
34
0
0
0
0
1
3
16
21
24
26
0
0
0
0
0
1
24
27
28
29
0
0
0
0
0
0
0
0
0
0
0
0
0
0
0
0
0
2
5
7
0
0
0
0
0
1
21
25
27
28
0
0
0
0
0
0
0
0
0
0
0
0
0
0
0
0
0
0
0
0
0
0
0
0
0
1
17
24
27
29
0
3
6
8
9
11
19
25
29
31
0
3
5
6
7
9
22
28
30
31
0
0
0
0
1
2
24
27
28
29
0
0
0
0
0
0
16
20
22
24
1
5
7
8
10
11
17
23
25
26
0
11
14
15
17
19
20
24
27
32
13
19
21
22
26
28
30
35
36
37
4
8
10
13
14
16
17
21
23
26
8
13
15
16
18
20
25
30
32
33
2
7
10
12
13
15
19
30
33
35
8
14
16
17
18
20
23
28
30
31
5
11
14
16
17
18
21
32
35
37
12
17
18
19
21
22
25
29
30
31
9
18
19
21
22
24
25
29
30
32
11
16
19
20
23
24
27
32
33
34
13
16
17
18
22
24
28
31
32
33
0
3
4
5
6
7
30
33
34
35
5
10
13
15
16
17
27
33
37
39
3
8
11
13
14
16
17
30
33
35
10
15
19
21
23
25
29
33
34
36
0
4
6
7
9
10
22
26
28
32
13
20
21
22
24
25
26
30
31
32
7
12
15
17
20
22
26
33
36
38
13
19
20
21
23
24
25
29
30
31
3
8
11
14
15
17
21
31
34
36
3
7
10
11
16
18
21
25
28
29
4
14
17
19
20
21
29
36
39
41
8
17
19
20
24
26
28
34
36
37
4
10
12
15
16
18
19
23
35
38
13
17
18
19
22
23
27
32
33
34
9
16
17
22
25
27
31
35
36
39
0
4
6
9
10
12
31
36
38
42
8
16
18
22
25
27
29
36
38
40
8
15
18
19
21
23
24
28
31
32
8
15
16
18
26
28
33
38
39
41
2
5
6
7
9
11
33
38
41
42
3
8
11
13
14
16
31
37
40
42
4
11
14
16
20
26
30
35
38
40
11
18
19
23
27
29
30
36
37
39
13
19
21
22
27
30
33
39
40
41
12
20
22
23
28
30
33
40
41
42
1
5
7
10
11
13
15
21
23
26
5
10
13
15
24
26
31
36
40
43
7
13
16
18
19
22
33
38
41
43
44
