time_cost:1330935ms
ontime_proportion:0.871429
max_delay:19
avg_delay:1.157143
avg_flowtime:23.300000
object function value:1062.380952
0
0
0
1
3
4
5
32
36
40
42
0
0
0
0
0
0
0
1
3
4
0
0
0
2
3
4
21
26
33
35
0
0
0
0
0
0
0
0
0
1
0
0
0
0
0
0
12
15
18
19
0
0
0
0
0
1
9
12
15
16
0
0
0
0
0
0
0
0
0
2
0
0
0
0
0
0
0
0
0
0
0
0
0
0
0
1
16
20
23
26
0
5
8
10
11
12
13
17
18
20
0
1
4
7
8
9
12
18
22
25
0
0
0
0
2
4
20
23
28
29
0
0
1
4
5
6
15
21
22
25
0
0
0
0
0
0
0
0
0
3
0
0
0
0
1
2
13
16
18
19
0
0
0
0
0
2
10
15
17
19
0
0
0
0
0
0
0
0
0
0
0
0
1
3
4
5
10
13
15
17
0
0
0
0
1
2
6
10
16
18
0
0
0
0
0
0
0
0
4
7
0
0
0
0
0
1
8
13
14
16
9
12
17
20
21
22
23
29
35
38
0
0
0
0
0
0
10
14
17
18
0
0
0
0
0
0
9
12
14
15
0
0
0
0
0
0
0
0
0
1
0
0
0
0
0
0
0
0
0
0
0
0
1
3
4
5
7
11
16
18
0
0
0
0
0
0
0
0
0
1
0
1
2
5
6
8
19
23
25
28
0
0
0
0
2
4
20
24
26
27
1
4
7
11
13
15
16
19
21
22
16
20
21
23
24
25
34
37
40
42
6
10
13
16
17
19
21
25
28
31
8
11
13
14
15
16
19
22
25
26
4
9
10
12
13
14
15
21
22
24
7
11
14
17
19
26
39
43
48
51
25
29
30
32
33
34
35
39
41
43
30
35
37
39
40
41
42
46
48
50
0
3
6
7
8
9
20
23
27
28
10
14
18
20
21
22
23
26
29
31
6
10
12
13
14
16
17
22
24
25
5
10
11
15
16
17
19
24
25
28
5
8
10
11
12
13
27
30
32
33
2
6
7
10
11
13
16
21
22
25
0
5
6
9
10
11
28
33
35
38
23
27
28
30
31
32
35
39
42
44
0
3
5
6
7
8
22
25
28
30
3
6
8
9
10
11
17
21
23
24
11
18
19
21
23
24
34
39
43
45
14
18
20
21
22
23
27
32
34
35
0
6
9
12
15
16
17
22
25
28
2
7
8
10
11
12
30
36
39
41
1
6
7
10
11
13
15
21
24
27
17
26
29
32
34
35
37
41
45
48
23
28
29
32
33
34
36
41
42
45
3
8
11
17
18
20
39
44
47
50
0
4
5
8
9
11
13
17
19
22
24
28
32
35
36
38
40
44
45
48
4
9
12
16
17
18
20
25
27
30
11
14
16
17
18
19
31
34
38
39
4
7
10
11
12
13
14
18
21
23
11
15
17
18
19
21
29
34
36
37
5
9
10
13
14
16
20
24
26
29
0
3
6
8
9
10
12
15
18
20
8
11
12
14
16
17
33
36
38
40
4
8
9
12
13
18
37
41
44
47
10
13
15
16
17
18
26
29
32
33
0
3
5
6
8
10
28
31
33
34
13
17
20
21
22
23
29
32
35
36
15
19
21
22
23
25
33
37
39
40
52
