time_cost:2222ms
ontime_proportion:0.728571
max_delay:24
avg_delay:3.842857
avg_flowtime:27.228571
object function value:2621.904762
0
13
16
19
21
22
24
36
40
45
47
0
0
0
0
0
0
0
0
0
1
0
0
0
0
0
0
0
0
1
3
0
0
0
3
4
6
8
12
15
18
0
2
5
6
7
8
17
20
24
25
0
0
0
0
0
0
0
0
0
0
0
0
3
5
6
7
39
45
50
53
0
0
0
0
0
1
21
25
27
29
0
0
0
0
1
2
35
39
43
45
0
0
0
0
0
0
0
0
3
6
0
0
0
0
1
2
13
18
23
25
0
0
0
0
0
0
0
0
0
0
0
0
0
0
0
0
12
17
21
23
0
0
1
4
5
6
8
14
21
24
0
0
0
1
2
4
34
38
42
43
0
0
0
0
0
0
0
1
3
5
0
0
2
3
4
5
40
45
51
52
0
0
0
0
0
0
40
44
49
51
0
0
0
0
0
1
13
18
24
25
0
0
0
0
0
0
1
18
21
22
0
0
1
4
5
6
14
18
21
24
0
0
0
0
0
1
30
34
38
39
0
0
0
0
1
2
13
21
25
27
0
0
0
0
0
0
0
0
0
0
0
0
0
0
0
0
0
0
0
0
0
0
0
0
0
1
20
25
33
35
0
0
0
0
2
4
20
25
34
35
0
0
0
2
3
5
22
26
29
32
0
0
0
0
1
2
42
46
50
52
0
0
2
3
6
8
18
23
33
39
2
6
9
10
11
12
29
37
44
45
21
26
28
31
32
33
35
40
42
45
9
14
20
22
23
24
28
33
36
38
5
10
11
13
14
15
16
21
22
24
5
8
11
12
13
14
26
31
37
38
1
6
7
9
10
11
12
17
18
20
1
5
7
8
9
11
35
40
45
46
21
24
28
29
30
31
32
35
41
42
3
9
11
12
13
15
16
20
23
25
33
36
40
41
42
43
44
47
49
50
13
17
19
21
22
23
31
36
39
41
24
28
31
33
34
35
38
42
47
49
0
5
6
9
10
11
16
22
24
27
5
11
12
15
16
17
19
24
27
30
30
34
38
40
41
42
43
47
48
50
0
5
8
10
11
12
25
30
34
37
1
4
5
7
8
9
17
22
27
31
2
5
7
8
9
10
11
14
20
21
14
17
22
23
24
25
28
32
41
42
5
11
14
17
18
19
20
24
31
34
1
5
6
8
9
10
17
23
26
28
10
14
32
35
36
37
38
42
45
48
10
15
20
21
22
23
24
27
29
30
5
9
12
15
16
17
18
22
25
28
5
8
9
11
12
13
14
17
18
20
7
11
14
19
20
21
22
28
31
38
6
11
13
16
17
19
34
38
41
44
4
8
11
14
15
16
17
22
25
29
8
13
16
19
21
22
30
35
38
41
9
13
15
18
19
21
26
31
35
38
4
11
14
18
19
20
21
25
28
31
0
4
8
11
12
14
17
21
24
27
24
28
33
36
37
38
39
43
46
49
8
14
17
20
21
22
23
27
30
33
5
8
11
13
14
15
16
19
22
23
9
14
17
19
20
21
22
27
29
31
14
18
21
22
24
26
27
30
36
37
1
5
7
8
9
11
12
16
20
22
8
13
17
20
21
22
24
29
30
33
5
9
10
13
14
16
18
22
23
26
54
