time_cost:5045ms
ontime_proportion:0.800000
max_delay:14
avg_delay:1.057143
avg_flowtime:24.257143
object function value:1808.571429
0
0
0
0
0
0
0
0
0
2
4
0
0
0
0
0
0
22
26
29
32
0
0
0
0
0
0
0
0
0
1
0
0
0
2
4
5
14
18
20
23
0
0
0
0
1
3
17
21
29
31
0
0
0
0
0
0
20
24
26
27
0
0
1
2
3
4
20
24
27
28
0
0
0
2
3
4
13
18
20
22
0
0
0
0
0
0
18
22
23
24
0
0
0
0
0
0
0
0
0
0
0
0
0
0
0
0
16
19
24
26
0
0
0
0
0
1
21
25
29
30
0
0
0
0
0
0
0
0
0
1
0
0
0
0
0
0
0
0
1
5
0
0
0
0
0
0
0
0
0
0
0
0
0
0
1
2
12
16
19
25
0
0
0
0
0
0
0
0
0
0
0
0
0
0
2
3
13
17
19
20
0
0
0
0
0
0
0
0
1
2
0
0
0
0
0
0
0
0
0
0
0
3
5
7
8
10
24
28
31
33
0
0
0
0
0
0
0
0
0
0
0
0
0
0
0
0
0
0
0
0
0
0
0
0
0
2
19
23
25
26
0
0
0
0
0
2
20
24
25
26
0
0
1
4
5
7
12
15
27
30
0
0
0
0
0
0
23
28
29
32
0
0
0
0
0
0
16
20
24
26
0
0
0
0
0
0
0
0
0
3
0
0
0
0
0
0
0
0
2
5
8
12
19
21
24
26
27
31
34
36
4
8
10
11
13
14
15
19
21
22
6
10
12
14
15
16
21
25
27
29
1
4
7
10
12
14
21
24
32
35
9
13
18
19
20
22
23
27
28
29
0
3
6
9
10
12
28
31
36
39
2
6
7
10
11
13
25
29
32
35
3
7
9
11
13
14
17
21
24
27
4
9
12
16
20
21
25
30
31
34
0
4
6
7
9
10
17
21
23
26
1
7
16
19
20
22
24
28
29
33
1
6
15
18
19
21
28
33
35
38
0
6
14
17
18
20
24
28
35
38
4
9
10
13
15
16
17
22
26
30
13
17
21
22
23
25
26
30
31
32
4
10
13
15
16
18
24
28
32
34
9
15
17
19
21
23
25
29
32
34
1
5
7
9
11
12
17
21
23
24
5
10
13
17
21
23
31
35
38
41
12
16
20
21
22
24
25
29
30
31
8
12
14
15
16
17
19
23
25
26
0
5
6
9
11
12
15
20
26
29
5
9
11
12
14
15
16
20
22
27
9
14
19
21
28
29
31
35
39
41
9
13
21
23
27
29
30
34
38
40
13
18
23
24
26
28
29
33
34
35
5
10
11
16
17
18
26
31
34
37
3
8
9
12
14
15
16
23
24
27
4
8
10
13
14
16
32
36
40
43
13
17
23
24
25
27
28
32
33
34
12
16
22
25
29
31
32
36
41
43
5
9
11
14
16
18
34
38
43
46
10
14
15
16
18
20
21
25
26
27
9
13
15
16
19
20
22
26
28
29
1
4
7
11
12
24
28
31
35
38
10
14
15
16
17
19
21
25
26
27
11
15
21
23
31
33
35
39
44
46
8
12
16
19
22
25
28
32
34
37
8
12
17
20
29
31
33
37
41
44
7
11
16
19
31
33
35
39
43
46
47
