time_cost:2826ms
ontime_proportion:0.700000
max_delay:24
avg_delay:3.100000
avg_flowtime:27.257143
object function value:2908.571429
0
0
2
5
8
12
14
25
40
49
52
0
0
0
0
0
0
0
0
2
4
0
0
0
0
0
0
0
0
0
0
5
10
12
13
15
16
18
29
31
32
0
0
0
1
3
7
22
35
38
39
0
0
2
5
6
7
9
22
24
27
5
11
14
17
18
20
21
28
43
46
0
0
0
0
0
0
0
0
1
2
0
0
0
0
0
0
0
0
0
3
0
0
2
3
5
6
7
14
16
18
0
0
0
0
0
0
0
0
0
0
0
0
0
1
3
5
7
11
14
15
0
0
0
0
0
1
17
28
30
31
0
0
0
0
0
0
0
0
1
2
0
0
0
0
0
0
7
14
16
17
0
0
0
1
2
3
11
18
20
23
0
0
0
0
0
0
17
27
28
31
0
0
0
0
0
0
0
2
5
6
0
0
0
0
0
0
13
25
28
29
0
0
0
0
1
2
12
27
29
30
0
0
0
0
1
2
24
39
46
49
0
0
0
0
0
0
0
0
0
0
0
0
0
0
0
0
7
13
14
16
0
0
0
0
0
0
0
1
4
5
0
0
0
0
0
0
7
16
18
21
7
12
15
16
18
19
20
34
36
37
0
0
0
0
0
0
15
28
31
32
0
0
0
0
0
0
0
0
2
6
0
0
0
3
4
5
8
14
17
20
0
0
0
0
0
0
0
0
0
0
3
9
11
18
20
21
22
36
38
41
6
14
17
18
19
21
22
31
34
36
1
6
8
11
12
13
14
20
22
26
13
21
26
29
30
32
33
36
39
42
9
16
19
21
22
24
27
43
50
53
19
28
33
34
36
37
39
44
46
47
1
4
15
20
21
23
24
31
34
37
19
30
34
35
37
39
40
43
47
48
9
20
22
25
27
28
29
33
35
38
4
12
14
15
17
18
20
25
28
32
15
23
26
29
31
32
33
37
39
42
6
13
15
18
19
20
21
30
34
37
4
8
10
13
17
18
25
41
48
51
1
5
7
8
10
11
12
16
18
24
4
8
11
12
14
16
18
22
25
26
10
23
25
31
33
34
35
39
41
46
11
18
23
26
27
29
30
33
42
45
8
16
19
20
22
23
24
32
36
37
0
3
6
7
8
10
11
14
17
18
0
11
13
14
16
18
19
28
32
33
3
7
9
11
20
22
27
37
48
50
1
8
10
11
13
14
18
30
32
36
5
8
11
12
17
19
22
33
37
39
12
20
22
25
26
27
28
31
33
36
15
24
31
34
36
37
38
42
45
48
0
5
7
8
10
11
13
18
20
21
0
3
4
7
8
10
24
36
42
45
3
6
8
13
14
15
16
26
30
33
11
24
27
28
30
32
34
38
41
42
14
21
26
29
30
31
32
35
37
40
8
15
17
19
20
22
23
27
29
33
12
20
23
26
27
29
31
34
35
38
0
7
9
10
12
13
14
18
21
22
9
20
23
24
26
28
30
34
37
38
0
3
6
10
11
13
14
17
20
23
4
7
9
12
13
14
15
18
20
24
2
5
8
9
10
12
22
39
45
46
4
9
12
15
16
18
19
22
25
28
16
25
29
32
33
34
35
38
40
43
1
10
13
14
15
17
18
25
29
30
54
