time_cost:3024ms
ontime_proportion:0.785714
max_delay:13
avg_delay:1.442857
avg_flowtime:22.442857
object function value:1890.952381
0
0
0
0
0
0
0
0
0
1
6
0
0
0
0
0
0
0
0
0
0
0
0
0
0
0
0
28
32
34
36
0
0
0
2
3
5
26
30
33
38
0
0
0
0
0
0
19
24
27
30
0
0
0
0
0
0
0
2
3
7
0
0
0
0
0
0
17
22
27
28
0
0
0
0
0
0
0
0
1
2
0
0
0
0
0
1
15
20
21
23
0
0
0
0
0
0
24
31
36
37
0
0
1
4
5
6
23
28
31
34
0
0
0
0
0
1
27
30
35
36
0
0
0
0
0
0
0
1
2
5
0
0
0
0
0
0
7
11
12
15
0
0
0
0
0
0
0
0
0
0
0
0
0
0
2
4
23
26
29
30
0
0
0
0
0
0
0
0
0
2
0
0
0
0
0
0
10
13
16
17
0
0
0
0
0
0
0
0
0
0
0
0
0
0
0
0
0
0
1
4
0
0
0
0
0
0
16
22
26
27
0
4
25
29
30
31
32
36
39
42
0
0
0
0
0
0
0
0
0
1
0
0
0
0
0
0
0
0
2
3
0
0
0
0
1
3
24
29
34
35
0
0
0
0
0
0
0
0
1
3
0
0
0
1
2
3
18
21
24
26
0
0
0
0
1
2
19
23
26
28
0
0
0
0
1
2
17
22
24
27
0
0
0
0
0
0
22
27
30
33
4
8
9
12
13
15
17
21
22
25
9
13
15
17
18
20
21
26
30
32
8
13
16
17
19
20
21
24
26
27
5
9
10
13
14
15
16
20
22
24
7
12
13
16
17
21
24
29
30
36
0
3
5
6
7
8
12
16
18
19
9
12
15
17
18
19
20
23
24
26
0
3
4
6
7
8
14
17
18
20
9
14
17
19
20
21
22
27
28
32
8
12
13
16
17
19
21
25
27
30
2
5
7
8
10
12
13
16
19
20
9
16
18
20
21
22
25
30
33
35
8
12
15
16
17
19
23
27
31
33
8
14
16
18
23
25
30
36
38
39
4
9
10
12
14
15
20
26
28
30
0
4
5
8
9
11
13
18
19
22
3
9
14
15
16
18
19
24
28
29
3
6
7
9
10
11
12
15
16
19
3
8
9
11
12
13
14
19
20
22
1
4
7
8
9
10
11
14
17
18
7
12
13
16
20
21
26
31
34
36
0
5
12
15
16
17
24
29
30
35
7
10
12
14
15
16
17
21
23
25
2
6
9
12
13
14
15
19
22
25
12
16
18
19
20
22
28
32
36
37
6
10
12
13
14
15
17
21
23
24
0
3
6
10
11
13
27
30
32
34
14
20
23
24
25
26
27
30
33
34
25
28
31
32
33
34
35
38
40
41
3
7
8
10
11
12
20
26
29
31
6
9
12
13
15
17
20
24
28
30
1
22
25
26
27
28
29
33
37
38
5
9
10
12
13
14
15
19
20
22
3
7
15
16
21
23
30
34
36
37
5
8
11
12
13
14
15
18
21
22
12
15
16
18
19
20
21
25
29
31
11
16
19
21
22
23
24
27
32
34
4
7
9
10
11
12
14
17
20
21
1
4
5
7
8
9
12
15
18
20
13
18
25
28
29
30
31
35
38
41
43
