time_cost:2700ms
ontime_proportion:0.842857
max_delay:10
avg_delay:0.800000
avg_flowtime:24.228571
object function value:1379.047619
0
0
0
0
0
0
0
0
0
0
0
0
0
0
0
0
0
0
0
1
2
0
0
1
2
3
7
19
23
26
27
0
0
0
0
1
3
23
27
29
31
0
0
0
0
0
1
14
18
19
22
0
0
0
0
0
0
0
1
16
21
0
0
0
0
0
1
12
15
19
21
0
0
0
0
1
2
22
29
31
33
0
0
1
3
4
5
12
15
25
27
0
0
0
0
2
3
21
26
27
28
0
0
0
0
0
0
14
17
20
23
0
0
0
1
3
5
18
23
25
26
0
0
0
0
0
0
0
0
0
0
0
0
0
0
1
3
11
16
18
19
0
0
0
0
0
0
0
5
16
21
0
0
0
0
0
0
0
0
2
4
0
0
0
1
2
3
16
19
21
23
0
0
0
0
0
0
17
24
26
27
0
0
0
0
0
0
13
19
22
25
0
0
0
0
0
0
0
0
0
1
0
0
0
0
0
0
0
0
0
0
0
3
4
7
9
11
21
25
28
31
0
0
0
0
0
0
11
14
16
17
0
0
0
0
0
0
0
0
0
1
0
1
2
3
4
5
27
30
33
34
0
0
0
0
0
1
15
18
20
24
0
3
4
5
6
8
23
26
27
29
0
0
0
0
0
6
15
19
20
21
0
0
0
0
0
0
0
0
0
3
0
0
0
0
0
0
0
0
2
3
0
3
5
9
10
11
25
28
31
33
0
3
4
5
7
9
15
19
20
28
11
14
16
18
22
23
24
27
30
32
7
12
15
17
18
19
20
25
27
28
0
3
5
7
8
9
13
17
23
25
2
5
8
12
15
17
18
22
25
28
3
8
10
11
13
15
17
22
24
25
2
6
7
10
12
14
16
20
21
24
2
5
8
14
17
19
21
24
34
37
7
10
11
12
14
16
18
21
22
23
5
9
14
15
24
27
29
33
37
38
3
12
14
16
17
18
19
24
26
27
5
8
9
12
14
16
18
21
22
28
6
9
11
14
15
16
17
20
24
26
8
12
15
16
19
21
24
27
28
29
9
14
15
20
21
24
25
28
29
30
2
7
9
10
12
14
16
21
23
30
4
9
11
14
18
20
22
26
27
32
0
4
5
8
10
12
14
18
28
31
9
13
14
15
16
23
25
29
30
31
1
4
5
8
10
12
14
17
30
35
8
11
12
13
19
21
23
26
27
28
10
16
18
19
23
24
26
31
33
34
4
8
13
16
20
24
28
32
34
37
8
11
12
16
20
22
24
27
28
33
8
11
12
14
16
18
20
23
24
25
5
10
11
18
23
25
27
31
34
37
8
11
13
15
22
25
26
29
32
37
11
14
16
18
27
30
31
34
38
40
8
13
15
16
21
22
24
29
32
33
8
11
14
18
26
28
31
34
38
39
3
8
10
16
18
20
22
27
29
32
4
7
8
11
22
25
27
30
31
34
11
16
18
19
26
29
31
36
37
38
0
5
8
10
12
14
26
31
33
34
15
18
19
20
25
26
30
33
37
38
14
17
18
19
28
31
32
36
38
39
11
14
15
20
23
26
27
30
34
35
9
15
17
20
22
23
26
31
33
34
4
9
11
12
16
18
20
27
31
35
41
