time_cost:734975ms
ontime_proportion:0.800000
max_delay:19
avg_delay:1.928571
avg_flowtime:24.357143
object function value:1811.904762
0
0
0
0
0
0
0
0
0
0
0
0
0
0
0
0
0
0
0
2
4
0
0
0
0
0
0
0
0
0
0
0
0
0
0
0
0
0
0
0
1
0
2
4
5
7
8
24
30
32
33
0
0
0
0
0
0
0
0
1
3
0
0
0
0
0
0
0
2
3
5
0
0
0
0
0
1
16
20
22
25
0
0
0
0
1
3
19
26
28
29
0
1
6
8
10
12
31
36
39
41
0
0
0
0
0
1
12
16
19
21
0
0
2
3
5
6
20
24
26
28
0
0
0
0
0
0
0
2
5
6
0
0
0
0
0
0
0
0
0
0
0
0
0
0
0
2
18
23
25
26
0
0
0
0
0
0
17
23
25
26
0
0
0
0
0
0
0
0
0
0
0
0
1
2
3
4
24
28
29
31
0
0
1
4
5
7
12
19
21
24
0
0
1
2
3
4
18
22
24
25
1
4
5
7
8
10
17
21
22
24
0
0
0
0
0
0
0
2
4
5
0
0
0
0
0
0
0
2
3
4
0
0
0
0
0
0
11
15
16
18
0
5
8
10
11
13
23
28
33
35
1
3
5
8
9
11
25
31
33
36
0
0
0
0
1
3
14
24
27
29
0
0
0
0
0
0
1
4
5
9
0
0
0
0
0
0
0
1
2
3
0
0
0
0
0
1
21
25
28
29
5
10
13
16
19
20
22
26
29
31
2
7
9
10
11
13
16
21
23
24
0
4
5
6
7
8
15
19
20
21
14
17
18
19
20
21
23
27
28
30
13
17
20
21
23
25
28
32
35
36
4
9
10
12
13
15
19
23
25
27
8
12
13
16
17
19
20
24
25
27
9
12
13
14
15
16
19
22
24
27
5
9
10
11
12
13
15
19
20
21
9
13
17
20
21
23
36
43
45
48
6
13
15
16
18
19
21
25
27
28
3
8
11
13
14
16
26
32
35
37
4
9
15
17
19
21
34
40
43
45
3
8
11
13
14
16
17
22
25
27
10
16
19
20
22
24
32
37
40
42
3
6
7
9
13
14
28
31
32
33
1
5
6
8
9
10
16
20
21
22
0
5
10
12
18
20
34
40
43
45
6
13
17
19
20
22
36
43
46
48
7
10
11
12
13
14
20
23
24
25
12
20
23
26
27
29
32
39
42
44
8
13
14
15
16
17
28
33
34
35
9
14
17
19
21
23
24
29
32
34
2
6
8
11
22
25
26
31
33
37
5
8
9
10
25
26
39
45
48
49
12
20
23
25
26
28
29
37
40
42
8
13
15
18
19
22
23
27
29
32
6
10
13
15
17
18
29
34
37
39
0
4
5
7
8
9
14
18
19
20
4
8
10
14
16
17
26
30
32
35
14
25
27
28
30
31
36
42
44
45
17
20
21
23
24
25
33
36
37
38
21
27
29
32
33
35
37
44
46
49
10
15
18
20
24
26
27
32
33
35
8
12
13
15
16
18
22
28
29
31
10
15
17
18
21
23
25
29
31
35
12
17
20
22
23
24
26
32
35
38
8
12
13
15
16
18
25
29
30
32
12
15
16
17
18
19
31
35
36
37
2
7
9
12
13
15
22
29
31
34
50
