time_cost:4082ms
ontime_proportion:0.728571
max_delay:22
avg_delay:1.942857
avg_flowtime:29.671429
object function value:2703.333333
0
0
0
0
0
1
2
24
29
30
32
0
5
8
10
11
13
17
24
27
29
0
0
0
0
0
0
0
0
1
4
0
0
2
3
5
6
22
30
32
33
0
1
3
5
6
8
21
26
28
29
0
0
0
0
0
0
0
0
3
6
0
0
2
4
10
12
24
28
29
31
0
0
0
0
0
1
24
29
31
32
0
0
0
0
1
3
13
18
20
23
0
0
0
0
0
1
26
30
31
32
0
0
0
0
0
0
18
23
26
28
0
0
0
0
0
0
17
23
25
28
0
0
0
2
3
5
12
18
21
24
0
0
0
0
10
12
23
28
30
31
0
0
0
0
0
0
0
0
2
3
0
0
0
0
0
1
19
26
29
31
0
0
0
0
0
0
12
17
26
29
0
0
0
0
1
2
19
27
30
32
0
0
0
0
0
2
19
25
28
30
0
0
0
0
0
0
0
0
0
1
0
0
0
3
4
6
14
19
22
25
0
0
0
0
2
3
20
25
27
28
0
0
0
0
0
0
0
1
3
6
0
0
2
3
5
7
13
21
24
30
0
0
0
0
0
0
0
0
1
2
0
0
0
0
0
0
17
21
23
26
0
0
0
0
0
0
0
0
0
1
0
0
0
1
3
5
21
32
35
38
0
3
5
6
12
15
28
33
35
36
0
0
0
0
0
0
10
16
17
18
14
21
25
27
30
32
34
41
42
44
10
18
20
21
22
24
29
38
40
41
11
15
16
17
18
19
21
24
25
26
3
7
10
12
13
14
16
31
34
36
0
3
4
5
7
8
17
20
21
22
2
6
9
11
12
13
16
21
28
30
7
11
13
14
16
17
19
23
25
26
9
16
19
22
24
26
27
31
34
35
5
12
15
17
18
19
28
32
35
37
6
13
16
18
19
21
28
34
37
39
10
20
22
23
27
29
31
39
41
42
4
8
10
13
14
16
17
30
32
35
0
4
6
7
9
10
20
25
27
32
13
19
21
22
24
25
27
31
33
34
16
22
23
26
29
31
33
37
38
39
15
23
24
25
26
27
31
38
39
40
2
7
10
12
13
15
23
33
36
38
8
16
19
21
22
25
32
38
39
41
0
4
6
7
9
10
22
28
30
35
5
10
13
15
16
18
28
35
38
40
3
9
12
16
19
22
29
36
39
41
9
16
18
21
22
24
25
29
31
34
5
10
13
15
16
18
24
35
38
40
8
13
17
19
21
23
32
37
41
43
12
17
18
19
20
21
24
28
29
30
9
16
18
20
22
25
33
39
41
43
7
13
16
18
19
20
28
34
37
39
0
5
8
10
11
13
24
40
43
45
10
17
19
20
21
23
30
35
36
37
0
5
6
8
14
17
33
39
40
43
0
8
11
13
14
16
35
43
46
48
10
17
20
24
26
28
29
36
39
41
4
13
16
18
19
21
29
41
44
46
5
10
13
16
17
19
34
42
45
47
5
14
17
19
20
22
36
44
47
49
0
4
6
7
9
10
20
24
26
30
11
20
22
24
28
30
32
39
41
42
15
22
23
27
32
34
38
47
49
51
13
22
23
26
32
34
37
46
47
49
4
11
14
17
30
33
36
45
48
50
52
