time_cost:4999ms
ontime_proportion:0.728571
max_delay:15
avg_delay:1.471429
avg_flowtime:27.228571
object function value:2621.904762
0
0
0
0
0
0
0
0
0
0
0
0
1
2
5
7
9
14
18
19
22
0
0
1
4
6
8
13
17
18
21
0
0
0
0
0
0
11
19
22
25
0
0
0
0
1
3
13
16
22
25
0
0
0
0
0
0
0
0
1
2
0
0
0
0
0
0
0
0
0
0
0
0
1
7
9
11
16
22
23
26
0
0
0
0
2
4
13
21
22
25
0
0
0
0
1
3
14
19
25
29
0
0
0
0
0
0
0
0
0
2
0
0
0
1
3
5
13
16
19
20
0
5
7
8
10
12
14
22
24
30
0
0
0
0
1
3
13
21
23
24
0
0
0
0
0
0
18
21
22
23
0
0
0
0
0
0
19
24
26
27
0
2
4
5
8
10
17
20
21
22
0
0
0
0
0
0
18
29
31
32
0
2
3
4
5
6
18
27
28
29
0
0
0
1
3
5
22
31
32
33
0
0
0
0
0
0
0
0
0
0
0
0
5
6
11
13
21
27
29
30
0
0
0
0
3
5
28
33
35
36
0
0
0
1
4
8
22
36
37
38
0
0
3
6
8
10
15
20
23
26
0
3
4
5
6
7
23
26
27
28
0
0
1
2
4
6
19
33
34
35
0
0
0
0
0
0
0
0
0
0
0
0
0
0
0
0
11
18
21
23
0
0
0
0
0
0
0
0
0
1
7
10
12
15
16
18
20
23
25
27
2
6
7
10
12
14
17
21
28
33
6
12
14
15
19
20
24
29
31
32
0
4
5
8
10
12
14
20
25
28
1
7
10
11
13
15
17
23
26
31
8
16
18
20
28
30
31
35
38
40
4
8
11
12
15
17
19
23
26
36
4
10
13
14
17
19
21
25
28
31
0
3
6
12
18
21
26
29
32
33
8
14
16
18
22
24
25
29
31
33
3
11
13
15
16
17
20
25
27
28
6
9
10
16
24
26
29
33
34
35
3
7
8
11
19
21
23
26
27
30
0
5
7
8
10
12
14
19
21
22
3
7
8
11
14
16
19
23
28
33
5
10
12
13
17
19
23
28
30
31
7
13
14
15
17
19
21
24
25
26
8
13
15
16
17
18
21
26
28
29
10
15
16
17
21
23
25
28
29
30
10
15
17
19
23
24
26
31
33
35
11
20
21
22
24
26
28
34
35
36
9
14
16
20
23
25
29
34
36
37
11
18
20
22
27
29
30
34
37
39
3
7
11
17
24
26
29
35
38
39
6
11
14
17
24
27
29
33
34
38
9
16
18
19
23
25
26
31
33
34
7
15
17
18
21
23
24
31
33
34
2
5
8
11
13
15
16
20
31
34
2
5
8
11
13
15
16
33
36
39
10
15
16
17
20
21
25
30
31
32
5
8
11
14
21
23
26
31
34
37
0
12
15
16
19
21
23
26
29
30
1
4
7
13
15
17
18
28
34
39
8
17
19
21
29
31
32
37
40
42
4
11
12
18
25
28
30
37
39
43
5
12
15
17
28
31
33
38
42
43
8
13
15
16
22
23
29
34
37
38
0
3
5
8
20
24
29
32
35
38
5
8
11
16
26
30
31
36
39
42
12
19
20
21
23
25
27
32
33
35
45
