time_cost:5087ms
ontime_proportion:0.585714
max_delay:23
avg_delay:3.928571
avg_flowtime:30.771429
object function value:4168.571429
0
0
0
1
5
6
7
20
25
29
32
0
0
1
2
3
5
15
19
24
25
0
0
0
0
0
0
18
23
27
30
0
0
0
0
1
3
20
24
29
32
0
4
6
8
9
10
13
17
22
25
0
0
2
4
5
6
16
20
24
26
0
0
0
0
0
0
0
0
0
0
0
0
1
4
5
7
15
20
28
31
0
0
0
1
2
4
19
23
24
27
0
0
0
0
0
0
0
0
0
3
0
0
0
0
0
0
23
28
32
35
0
0
0
1
2
3
17
21
25
26
0
0
0
0
0
0
0
0
3
6
0
0
0
0
0
0
0
0
0
0
0
3
5
8
9
11
25
29
32
36
0
0
0
0
1
2
25
30
32
35
0
0
0
0
0
0
0
0
0
3
0
0
0
0
2
4
18
22
26
27
0
0
0
0
0
0
0
0
2
5
0
0
0
0
0
1
22
26
32
37
0
0
0
0
0
5
22
25
35
38
0
4
8
11
13
14
15
20
24
27
0
0
0
0
0
1
14
19
24
25
0
2
4
5
7
8
15
19
23
24
0
0
0
0
0
0
0
2
4
7
0
0
0
0
3
9
26
30
35
38
0
0
0
0
0
0
19
23
30
33
0
0
0
0
4
8
22
26
30
32
0
0
0
0
0
2
23
26
33
36
0
0
0
0
6
9
28
33
36
38
1
4
7
10
11
13
30
33
38
41
5
10
11
14
16
17
18
23
24
27
5
9
11
14
15
17
26
30
35
38
5
9
10
13
14
18
26
32
36
39
11
15
20
21
22
23
25
29
31
32
1
5
7
9
10
12
29
35
38
40
2
6
10
13
14
16
24
28
40
43
10
14
19
22
23
24
29
34
38
40
12
16
22
23
24
25
27
31
35
36
3
7
10
11
13
14
15
19
23
25
8
12
18
19
20
22
23
27
28
29
2
7
9
13
15
16
17
22
26
29
9
13
17
19
20
21
23
27
29
31
10
15
21
22
23
27
32
37
41
42
12
17
23
24
25
26
30
36
40
42
5
8
11
14
18
20
27
31
42
45
4
10
14
15
17
18
19
23
25
28
1
4
7
11
12
14
29
32
38
43
1
6
7
10
12
13
17
22
25
30
4
7
12
15
16
18
31
36
41
44
11
17
23
24
30
34
37
43
50
51
2
6
8
11
17
20
29
33
38
41
3
8
13
16
21
23
33
39
44
47
8
13
18
21
26
30
34
40
45
48
11
15
19
21
22
23
25
29
31
33
9
13
17
20
23
29
31
36
41
44
6
11
14
17
19
27
30
35
39
42
0
5
13
16
18
19
20
25
26
33
14
18
22
23
24
34
38
44
51
52
7
11
16
19
20
25
27
31
35
38
6
10
15
18
19
21
34
40
46
49
10
15
19
22
23
27
30
35
41
44
7
14
19
22
28
32
37
42
47
50
14
19
23
24
26
29
33
39
43
44
11
16
21
23
24
26
27
31
33
35
13
17
21
23
25
29
31
35
42
46
10
15
21
24
25
28
33
38
44
46
7
11
15
18
28
30
36
41
48
51
7
12
16
19
30
32
37
41
49
52
6
11
14
17
19
20
21
26
27
33
53
