time_cost:844742ms
ontime_proportion:0.828571
max_delay:13
avg_delay:1.042857
avg_flowtime:24.400000
object function value:1527.619048
0
0
0
0
1
3
4
13
19
27
28
0
0
0
0
1
3
6
10
13
14
0
0
0
0
0
0
0
2
4
5
0
0
0
0
0
0
0
0
0
1
0
0
0
0
2
3
4
9
11
14
0
0
0
1
3
4
6
11
13
14
0
0
0
1
3
5
7
13
16
17
0
0
0
0
0
0
7
12
14
19
0
3
6
7
9
11
13
17
20
21
0
0
0
0
0
0
0
0
0
3
0
3
6
9
10
12
13
16
19
23
0
0
0
0
0
2
8
13
14
16
0
0
0
0
0
0
0
0
0
3
0
0
0
0
0
0
11
18
27
28
0
0
0
0
0
0
0
0
3
4
0
0
0
0
0
0
0
0
0
0
0
0
1
4
5
7
9
13
14
18
0
0
0
0
0
0
12
15
19
23
0
0
0
0
0
0
0
23
28
29
0
0
0
0
0
0
17
24
28
30
0
0
0
0
1
2
3
14
17
21
0
0
0
0
0
0
0
0
1
3
0
0
0
0
0
0
0
0
0
0
0
0
0
0
0
1
20
28
32
33
0
0
0
0
0
1
19
26
29
32
0
1
3
6
7
8
9
14
17
20
0
0
0
0
0
0
0
0
4
7
0
0
0
0
2
4
9
14
17
19
0
0
0
0
0
0
0
0
3
6
0
0
1
4
5
6
17
24
26
29
1
5
8
9
11
13
15
19
22
23
8
13
14
17
19
21
23
29
31
34
1
4
7
10
11
13
17
26
29
32
5
9
12
14
16
18
20
27
32
33
0
3
18
21
22
24
25
28
31
34
10
16
18
19
21
22
23
30
33
34
6
13
15
18
20
21
22
26
30
33
9
16
21
24
25
27
28
31
34
37
1
6
8
9
11
12
22
30
35
36
1
6
8
9
13
14
20
30
33
36
12
16
19
22
23
24
25
28
31
34
4
9
11
12
14
15
17
22
24
25
9
14
18
19
21
22
23
29
37
38
12
18
24
26
27
29
30
34
36
38
18
22
24
27
28
30
32
35
36
39
0
4
5
7
8
10
11
15
16
18
1
10
13
14
16
18
24
31
38
39
13
17
25
28
30
31
32
36
38
41
21
25
29
31
32
34
35
39
40
42
14
19
26
29
31
32
33
37
39
42
14
21
22
25
26
28
30
33
34
37
2
7
9
10
12
13
15
20
22
23
11
16
20
22
23
25
26
32
34
36
11
19
21
24
26
27
28
32
34
38
5
11
13
16
18
19
24
33
37
38
5
9
10
13
14
16
17
21
22
24
3
6
8
11
12
17
26
32
41
44
19
23
28
31
32
34
35
38
42
45
3
8
10
11
13
14
16
21
23
24
16
22
23
26
27
29
31
34
36
40
3
8
11
16
18
20
22
30
37
40
5
11
13
14
16
17
27
34
39
40
21
24
33
36
37
38
39
42
44
47
14
21
24
27
28
30
31
35
39
42
19
26
29
31
32
34
35
39
40
42
1
6
9
10
13
15
24
34
38
43
0
3
5
9
10
11
27
34
42
45
21
26
34
35
36
38
39
42
45
46
15
22
25
28
30
31
32
36
38
44
18
23
28
30
34
36
37
41
45
47
48
