time_cost:2624ms
ontime_proportion:0.671429
max_delay:21
avg_delay:3.957143
avg_flowtime:30.171429
object function value:3291.428571
0
0
0
0
0
2
4
11
19
22
23
0
0
0
0
0
0
8
14
17
20
0
0
0
0
0
0
0
0
0
0
0
0
0
2
3
5
13
30
34
37
0
0
0
0
0
0
27
45
47
48
0
0
0
0
0
2
21
34
37
40
0
0
0
0
0
0
0
0
3
6
0
0
0
0
0
0
0
0
0
0
0
0
2
3
5
7
22
39
42
43
0
0
0
0
0
0
0
0
0
0
0
0
0
0
0
1
18
31
34
35
0
0
0
0
0
0
0
0
0
4
0
0
0
0
0
0
0
1
7
11
0
0
0
1
2
4
10
20
23
25
0
0
0
1
2
4
19
31
34
37
0
0
0
0
1
3
25
35
46
49
12
27
30
33
34
36
37
42
45
48
0
0
0
0
0
0
13
22
25
27
0
0
0
0
0
0
25
43
46
49
0
0
0
0
0
0
0
0
0
2
0
0
0
0
0
0
0
0
0
3
0
0
0
0
0
1
18
40
44
48
0
0
0
0
0
0
16
38
44
47
0
0
0
0
0
0
0
0
0
0
0
0
0
0
0
0
16
35
41
44
0
0
0
0
0
0
0
37
40
41
0
0
0
0
0
0
6
11
13
16
9
16
18
21
22
23
24
29
31
34
0
0
0
0
0
0
8
14
17
20
0
0
1
4
5
6
21
34
36
39
4
7
11
15
16
18
19
22
27
30
4
7
10
12
13
15
16
19
22
23
9
16
19
20
22
24
26
33
36
37
5
10
12
16
20
21
23
42
47
48
9
16
19
20
21
23
24
30
35
36
4
7
10
11
12
14
15
18
21
24
0
4
6
9
11
12
13
25
31
34
12
25
28
29
30
32
33
36
39
40
12
25
26
28
29
31
32
36
37
39
10
19
22
25
26
28
29
33
39
42
4
10
11
13
14
16
17
21
22
24
1
4
6
9
10
11
15
33
36
40
5
11
14
15
16
18
22
36
39
40
14
28
30
33
35
36
37
41
43
46
1
10
13
14
16
17
19
28
30
33
2
9
11
14
16
17
24
39
41
45
0
4
5
7
8
10
15
30
33
35
0
12
15
16
17
19
20
25
28
29
7
15
16
19
20
22
24
34
41
44
1
5
6
8
9
11
15
33
34
37
12
26
28
31
33
34
35
41
43
47
6
14
16
17
19
20
22
28
31
35
1
6
9
10
13
15
17
22
25
26
6
12
25
28
31
32
33
36
38
41
9
18
20
23
25
26
27
31
33
40
7
12
14
17
18
19
20
26
28
31
8
13
16
17
19
21
23
28
33
34
8
15
16
18
19
21
24
40
41
43
10
16
21
22
23
25
26
30
33
34
7
12
15
19
23
25
27
43
46
48
1
5
8
9
11
13
15
19
22
23
5
10
12
16
18
19
20
24
26
29
4
8
10
13
15
16
17
21
23
26
3
6
8
11
12
13
14
17
19
22
4
8
10
13
15
17
18
22
24
27
0
10
13
14
19
20
21
40
45
46
0
4
7
8
11
13
21
42
47
49
11
23
26
27
29
31
33
37
40
42
13
26
29
32
33
35
36
39
42
45
0
3
6
7
8
10
11
22
25
26
51
