time_cost:2277ms
ontime_proportion:0.828571
max_delay:11
avg_delay:0.857143
avg_flowtime:25.042857
object function value:1549.047619
0
0
0
0
0
0
0
14
20
21
24
0
0
3
6
8
10
13
19
22
25
0
0
0
0
1
2
17
22
24
25
0
0
0
0
0
0
0
0
2
5
0
0
1
2
4
6
14
22
24
25
0
0
0
0
1
2
13
16
18
20
0
0
1
2
6
8
28
31
32
33
0
0
0
0
0
0
0
0
0
2
0
0
0
0
5
7
17
20
21
22
0
0
0
0
0
0
0
0
0
0
0
3
5
7
8
9
21
28
30
32
0
0
0
1
2
3
18
21
22
23
0
0
0
1
3
5
15
19
20
23
0
0
0
0
0
0
0
0
0
1
0
0
0
0
0
0
0
0
0
1
0
0
0
0
0
0
0
0
0
0
0
0
0
0
0
0
0
0
0
0
0
3
5
6
8
10
13
18
20
22
0
0
0
0
0
0
18
21
22
23
0
4
6
7
9
11
19
22
23
24
0
0
0
0
0
0
22
25
27
29
0
0
0
0
0
0
0
0
1
2
0
0
1
2
4
6
14
17
18
19
0
3
4
5
7
9
14
18
19
21
0
0
0
0
0
0
12
15
17
20
0
0
0
0
0
0
0
2
9
12
0
0
0
0
1
2
19
28
30
31
0
2
3
4
5
6
29
33
34
35
0
0
0
0
0
1
16
22
24
25
0
0
0
0
2
4
12
17
19
21
4
9
11
12
14
16
18
23
25
27
5
10
12
13
15
17
19
24
26
28
13
19
20
21
28
30
31
37
39
40
4
9
11
12
14
15
17
22
24
26
12
18
19
20
25
26
28
34
35
36
9
16
18
19
21
22
23
30
32
33
6
12
15
16
18
20
22
25
28
29
1
6
8
9
13
15
17
26
28
30
6
11
13
14
17
19
24
35
37
38
3
6
8
10
11
12
25
28
30
33
7
13
16
17
20
22
24
27
30
31
3
6
7
10
12
14
16
21
25
32
10
15
16
17
23
26
28
32
33
34
11
15
16
17
18
20
25
28
29
30
7
12
14
17
19
22
27
33
35
36
8
11
13
15
16
17
20
23
25
27
3
6
7
10
12
14
16
19
20
24
4
7
10
13
16
18
19
24
27
34
6
9
11
13
15
16
23
26
28
30
6
13
15
20
21
22
24
27
29
31
3
10
12
16
17
19
24
30
32
34
9
15
18
19
22
24
26
30
33
36
0
3
4
11
13
16
22
25
31
37
9
14
16
19
20
21
22
25
27
29
0
4
5
8
10
12
21
24
25
32
9
13
14
15
17
18
25
29
30
31
5
8
9
11
22
24
29
34
36
37
2
5
6
9
11
13
15
20
21
34
11
16
17
21
27
30
32
37
38
39
4
7
10
13
15
18
21
29
34
37
2
5
9
15
19
21
22
30
36
39
11
16
17
18
22
25
31
35
36
37
1
4
5
8
10
12
16
21
25
31
10
18
20
21
22
23
24
33
35
36
2
5
8
10
20
23
28
32
35
36
9
14
15
16
18
20
27
32
33
34
5
10
12
13
25
28
30
35
37
38
6
11
13
16
19
23
26
32
34
36
1
12
15
18
26
28
30
35
38
39
10
17
19
22
24
25
26
33
35
37
41
