time_cost:2544ms
ontime_proportion:0.728571
max_delay:13
avg_delay:1.842857
avg_flowtime:24.671429
object function value:2536.666667
0
0
0
0
0
0
0
0
1
4
5
0
2
3
6
7
8
20
26
27
30
0
0
0
0
0
0
0
0
0
0
0
0
0
0
0
0
0
0
0
0
0
0
1
2
3
5
16
22
24
25
0
0
0
0
0
0
0
0
0
0
0
0
0
0
0
0
0
0
0
0
0
0
0
0
0
0
0
1
2
5
0
0
0
0
0
1
16
19
23
24
0
0
0
0
0
1
16
22
24
25
0
0
2
3
5
6
18
24
27
28
0
0
0
0
1
3
16
21
23
26
0
0
0
0
0
0
0
0
0
3
0
0
0
0
0
0
16
20
23
24
0
0
0
1
3
5
14
18
20
21
0
0
1
4
5
6
21
27
28
31
0
0
0
0
0
0
0
0
0
0
0
0
0
1
2
3
18
23
26
27
0
3
6
9
10
11
20
27
31
34
0
0
0
0
0
0
0
0
3
6
0
0
1
2
4
6
14
17
22
23
0
0
0
0
0
0
0
0
1
3
0
0
0
0
0
0
13
17
22
23
0
0
0
0
1
3
24
28
30
33
0
0
0
0
0
0
0
0
0
0
0
0
0
0
0
0
0
0
0
2
0
0
0
3
5
6
17
22
24
27
0
0
0
1
3
5
14
17
21
25
0
0
0
0
0
1
21
26
28
32
0
0
0
0
0
1
14
19
22
25
11
14
15
17
18
19
21
24
25
27
7
12
14
16
17
18
19
24
25
27
10
14
17
19
20
21
22
26
27
29
5
10
12
14
15
16
20
25
26
28
4
7
9
10
12
14
15
19
21
23
10
13
16
17
19
20
28
31
35
36
8
12
14
16
17
18
26
30
33
35
3
6
8
9
11
13
15
20
22
27
1
5
6
10
16
20
25
29
33
36
9
15
19
21
24
26
29
33
37
38
7
12
14
17
18
19
24
29
31
33
6
11
13
15
16
17
26
31
34
36
1
4
6
7
9
11
14
20
22
25
10
14
20
22
23
24
25
29
30
32
1
5
6
9
10
12
20
24
30
34
4
8
11
14
15
16
17
22
27
30
3
7
8
11
12
14
26
30
32
35
7
11
13
14
20
22
30
34
40
41
3
8
9
12
13
14
25
30
36
39
0
5
6
9
10
11
26
31
33
36
3
9
11
12
14
16
17
21
23
31
12
16
19
21
22
23
24
28
29
31
5
10
11
14
15
16
21
26
32
35
1
6
9
13
14
17
28
33
36
40
5
9
12
15
16
19
28
32
35
38
3
7
10
13
14
15
17
30
36
39
11
14
17
18
22
23
31
34
39
40
12
16
19
20
23
24
31
35
39
41
6
9
12
13
20
22
30
33
38
39
0
4
5
7
8
9
17
22
26
28
2
6
14
17
18
19
20
25
38
41
12
15
18
19
23
24
32
36
41
42
9
13
16
18
19
21
29
33
36
38
10
14
18
19
20
22
23
27
29
30
12
16
20
22
23
24
27
31
35
37
8
12
19
20
21
23
24
28
31
32
13
17
18
20
22
23
29
32
39
41
6
11
15
18
25
27
31
35
39
42
13
18
20
21
24
25
33
37
40
41
6
10
16
19
24
25
30
34
38
42
43
