time_cost:5911ms
ontime_proportion:0.814286
max_delay:10
avg_delay:1.000000
avg_flowtime:26.800000
object function value:1750.476190
0
0
0
0
0
0
0
23
34
36
37
0
0
0
0
0
0
15
19
20
21
0
0
0
0
0
1
16
21
24
27
0
2
3
6
8
10
12
15
16
19
0
0
0
1
3
5
18
21
22
23
0
0
0
3
5
7
22
32
33
36
0
0
1
2
3
4
22
27
29
30
0
2
3
4
5
6
17
22
23
24
0
0
0
0
0
0
0
0
0
3
0
0
0
0
1
3
22
26
27
28
0
2
5
6
8
10
12
15
18
19
0
0
0
0
0
0
13
18
20
23
0
0
0
1
4
6
18
21
22
25
0
0
0
0
0
1
15
18
21
25
0
0
2
5
7
9
14
19
30
35
0
0
0
0
0
1
13
17
19
22
0
0
0
0
0
0
0
0
23
26
0
4
5
6
7
8
27
36
38
39
0
2
3
4
5
7
21
25
26
27
0
0
0
0
0
0
0
0
0
3
0
0
0
0
0
0
8
12
15
17
0
0
0
0
0
0
0
0
0
0
0
0
0
0
0
1
16
21
22
25
0
0
0
0
0
0
0
0
1
4
0
0
0
0
0
0
8
10
17
20
0
0
0
0
0
0
11
15
17
18
0
0
0
0
6
21
25
28
30
34
0
0
0
0
2
8
25
29
30
31
0
0
0
0
0
0
0
0
0
0
0
0
0
0
1
3
12
17
19
20
5
9
10
13
15
17
22
26
27
31
9
13
15
20
21
22
24
27
28
29
8
11
14
17
21
23
25
28
31
32
2
6
7
10
17
19
23
27
28
33
5
10
13
15
17
19
21
24
27
28
7
10
11
14
16
18
20
23
24
27
3
8
10
11
13
15
17
25
27
29
1
4
5
8
20
23
27
30
33
36
5
8
11
14
16
18
19
22
27
31
0
5
7
8
10
12
17
24
26
27
11
16
17
18
20
22
24
27
28
35
15
20
21
22
29
31
32
36
37
38
2
5
8
16
18
20
21
24
29
33
10
17
19
23
25
26
27
30
32
34
3
8
10
11
13
15
17
22
24
25
4
8
14
19
23
27
29
33
34
38
3
8
10
11
13
15
17
22
24
25
10
16
18
19
26
27
28
34
37
38
2
5
8
9
11
13
20
23
26
27
2
9
11
12
14
16
18
26
28
29
10
14
15
16
20
25
28
31
33
34
9
13
16
20
22
24
26
29
32
33
8
11
12
13
15
17
19
22
23
35
9
13
14
15
22
26
29
32
34
35
8
14
16
17
20
21
22
27
29
30
1
4
7
18
24
26
27
31
34
37
10
14
16
17
22
27
30
33
36
37
6
10
13
17
19
21
26
29
31
33
14
20
21
22
31
34
35
38
40
41
8
13
17
22
28
30
32
36
39
40
12
19
20
21
30
32
34
39
40
42
13
18
20
22
27
28
29
32
38
40
5
11
13
14
18
20
22
28
30
39
11
16
18
24
28
29
30
34
37
39
0
5
7
8
10
12
15
20
22
31
4
11
14
15
26
29
31
37
39
41
13
18
19
24
30
32
34
39
40
41
4
8
11
21
23
25
27
31
33
37
8
12
14
15
19
23
27
31
32
33
0
3
8
10
12
14
29
32
35
37
43
