time_cost:3679ms
ontime_proportion:0.885714
max_delay:14
avg_delay:0.885714
avg_flowtime:21.042857
object function value:844.285714
0
0
0
0
1
2
3
11
14
18
19
0
0
0
0
0
0
0
0
2
3
0
0
0
0
1
2
12
15
18
19
0
0
0
0
0
0
10
14
17
18
0
0
0
0
0
0
0
2
5
6
0
0
0
0
0
0
0
0
2
3
0
0
0
0
0
0
13
18
21
24
0
0
0
0
0
0
0
1
3
4
0
0
0
0
0
0
0
0
2
3
0
0
0
0
0
1
19
28
29
32
0
0
1
2
4
6
9
13
17
18
0
0
0
0
0
0
0
0
0
0
0
0
0
1
2
3
14
21
24
25
0
0
0
0
0
0
0
0
0
0
0
4
5
7
8
9
12
17
19
21
0
0
0
0
0
0
13
16
24
27
0
0
0
0
0
0
0
0
0
0
0
0
0
0
0
0
0
0
0
2
0
0
0
0
0
0
0
1
2
4
0
0
0
0
0
1
17
24
25
27
0
0
0
0
0
0
9
13
16
19
0
0
0
0
0
0
0
0
0
0
0
0
0
0
0
0
14
20
22
24
0
0
0
0
0
0
0
0
0
2
0
0
0
0
0
0
15
28
29
32
0
0
0
0
0
2
20
24
25
28
0
0
0
0
0
0
0
0
0
0
0
0
0
0
0
0
0
0
0
0
0
0
0
0
0
0
0
0
0
0
0
0
0
0
0
0
0
0
0
0
0
4
5
8
9
13
20
25
27
31
4
9
10
13
16
17
19
24
25
28
0
4
7
10
11
12
17
22
28
31
3
8
9
12
13
14
16
21
22
24
0
5
6
9
10
11
19
29
30
33
0
5
8
12
16
17
20
25
28
32
8
12
14
16
17
18
24
29
32
34
4
8
11
14
16
17
21
29
32
35
10
13
18
20
22
23
26
32
34
36
11
15
17
18
19
20
21
24
26
27
0
4
7
11
12
13
25
30
34
37
3
8
14
17
18
19
21
26
31
34
8
11
13
14
15
16
17
20
22
23
4
10
11
13
14
15
16
22
23
25
11
16
18
19
20
21
22
25
27
28
5
8
10
11
13
15
16
19
22
23
5
9
11
12
13
15
16
20
22
24
6
10
12
13
15
17
18
22
24
25
2
5
7
8
10
12
13
16
18
20
4
7
10
11
12
13
14
17
20
21
2
6
7
10
11
13
26
33
36
39
9
13
14
19
20
21
24
28
32
35
4
9
11
12
14
16
17
21
23
26
8
12
20
22
23
24
28
32
35
37
8
13
16
17
18
19
20
23
26
27
11
14
16
18
24
25
29
34
37
40
7
10
13
14
15
16
17
20
23
24
5
11
14
16
19
20
27
33
37
39
13
18
20
21
22
23
24
27
29
30
4
11
12
15
17
18
24
29
31
35
13
17
19
20
21
22
23
26
28
29
12
17
19
20
21
22
23
26
28
29
9
12
15
17
18
20
21
25
30
33
1
5
10
13
20
21
29
33
39
42
10
13
20
23
25
27
31
35
39
41
0
4
13
16
23
25
30
36
39
42
7
11
13
14
17
19
25
30
33
34
0
7
9
10
12
14
15
18
20
23
0
14
17
18
25
26
29
34
41
42
14
19
21
22
26
27
32
36
42
43
44
