time_cost:3660ms
ontime_proportion:0.628571
max_delay:18
avg_delay:2.828571
avg_flowtime:31.185714
object function value:3753.809524
0
0
0
0
0
0
0
11
21
23
25
0
0
0
0
2
5
20
26
28
30
0
3
6
7
9
11
18
25
28
29
0
0
1
3
4
6
28
36
38
40
0
0
0
0
0
0
0
0
0
1
0
0
0
0
0
0
0
0
0
0
0
0
0
0
1
2
18
23
33
36
0
0
0
0
0
0
0
2
5
8
0
0
0
0
0
0
14
21
23
24
0
0
0
0
2
3
19
27
29
31
0
0
0
0
0
2
15
23
38
41
0
0
0
0
0
0
0
2
5
6
0
0
0
1
4
6
28
37
38
41
0
0
0
2
3
5
13
23
24
26
0
0
0
0
0
0
0
2
3
5
0
0
0
1
3
4
14
26
28
29
0
0
0
0
1
3
13
22
25
28
0
0
0
0
0
0
17
30
34
37
0
0
0
0
0
0
0
0
0
0
0
0
0
0
0
0
0
0
0
0
0
0
0
0
0
1
13
22
32
35
0
0
0
0
4
6
16
28
29
31
0
0
0
1
3
4
17
25
27
28
0
0
0
0
0
0
18
27
29
30
0
3
4
6
7
9
27
35
36
38
0
0
0
0
1
3
13
25
28
29
0
7
10
14
16
18
22
29
32
33
0
0
0
0
0
0
30
37
41
44
0
0
2
5
6
7
32
40
44
47
0
0
0
0
0
0
0
0
0
3
2
6
8
11
13
14
15
21
25
28
5
9
12
13
15
17
21
29
32
33
4
8
11
14
18
20
32
39
42
45
11
19
22
24
25
27
28
31
34
35
10
17
19
20
22
23
24
28
30
31
1
8
11
14
15
17
18
25
31
34
3
8
11
14
15
17
18
34
37
41
10
16
18
19
21
22
23
30
32
33
8
16
18
21
22
23
24
33
35
38
4
8
11
15
17
19
21
28
31
35
10
18
21
23
24
26
27
30
33
34
8
15
17
18
20
21
23
32
34
35
10
18
21
25
27
29
30
33
36
37
0
3
4
7
8
10
19
37
38
42
1
6
8
9
11
12
16
28
30
33
7
14
16
20
22
23
25
32
34
37
9
16
18
22
23
24
31
38
41
45
4
11
14
17
19
21
22
35
39
42
5
8
11
15
19
25
33
40
45
48
1
5
7
10
12
13
14
21
24
39
9
19
20
23
28
30
35
43
48
51
6
11
17
21
25
27
31
38
44
47
7
17
18
20
21
23
24
29
30
32
2
6
8
16
18
19
20
24
26
29
13
20
21
23
30
32
34
44
50
52
3
10
13
14
17
19
24
32
35
36
12
20
23
25
26
28
29
37
40
42
7
12
15
28
29
31
33
41
47
50
12
18
21
22
23
25
26
34
37
39
1
11
14
17
23
25
26
38
41
44
2
6
8
12
14
15
16
23
25
31
12
18
22
25
27
28
34
42
47
50
9
18
22
24
29
31
32
36
37
39
2
6
8
11
13
14
15
21
23
26
9
17
18
20
30
32
33
40
41
43
6
14
17
24
26
28
30
41
44
45
6
11
14
17
19
21
22
37
43
46
6
13
16
22
24
26
28
34
37
40
6
14
17
26
28
30
32
38
42
45
6
14
20
23
31
32
33
41
43
46
53
