time_cost:799405ms
ontime_proportion:0.800000
max_delay:24
avg_delay:2.000000
avg_flowtime:27.785714
object function value:1926.190476
0
0
0
0
0
0
0
0
5
17
23
0
0
0
0
0
0
0
0
0
0
0
0
0
1
2
4
12
16
18
23
0
0
0
0
0
0
3
18
20
22
0
0
0
2
4
5
13
26
28
31
0
0
0
0
0
2
13
24
26
29
0
0
0
1
4
6
15
21
22
24
0
0
0
0
0
0
0
0
3
6
0
0
0
0
2
4
6
10
13
14
0
0
0
0
0
0
13
21
23
27
0
0
0
0
0
0
14
28
32
33
0
0
0
0
0
0
0
0
0
0
0
0
0
0
4
6
16
22
24
25
0
0
0
0
0
0
15
23
26
28
0
0
0
0
1
3
12
22
23
26
0
0
0
0
0
0
0
1
2
5
0
0
0
0
1
2
11
16
18
19
1
15
18
19
20
22
23
27
31
32
0
0
2
4
7
9
14
31
34
38
0
0
0
3
4
6
11
21
24
27
0
0
0
0
0
0
0
0
0
0
0
0
0
0
0
0
0
0
1
4
0
0
0
0
0
2
13
18
21
22
0
0
0
0
0
1
19
24
25
28
0
0
0
0
0
0
0
0
4
7
11
18
21
22
23
25
26
30
33
34
0
1
4
5
6
8
9
13
16
17
0
1
2
4
5
7
8
14
15
17
0
0
1
2
8
11
19
35
38
39
0
0
0
0
2
4
6
10
13
18
10
16
19
22
23
25
26
30
33
36
7
12
14
17
19
20
21
25
29
32
9
14
16
17
19
20
21
25
27
29
0
3
5
8
9
10
11
20
22
25
8
12
14
17
19
20
21
25
27
33
1
4
6
10
11
12
22
27
29
34
5
9
12
13
15
17
19
23
26
27
4
8
10
13
16
18
23
40
41
43
8
11
12
15
16
18
20
25
26
30
4
8
9
11
12
14
15
19
20
22
10
14
17
18
20
22
23
26
30
31
0
3
5
9
10
11
19
27
29
35
3
6
9
10
12
14
20
37
40
41
12
24
27
30
31
33
34
38
41
44
2
6
14
17
18
19
23
29
31
37
12
17
20
21
22
24
25
29
32
35
7
12
15
16
18
20
22
27
30
31
0
5
6
9
10
12
22
38
39
42
12
17
19
20
23
24
25
31
33
34
8
15
29
32
33
35
36
41
44
47
1
4
17
20
21
23
24
39
42
45
3
10
12
13
15
16
18
23
25
26
4
8
10
11
14
15
23
29
32
33
5
8
10
13
14
15
16
19
21
24
3
7
8
10
11
13
25
41
43
45
1
5
8
9
11
13
26
32
35
36
8
12
17
20
22
23
25
31
33
36
15
33
35
36
38
39
41
46
48
49
18
34
36
37
39
40
41
45
47
48
2
9
12
13
14
16
17
21
25
27
0
3
5
11
13
14
27
42
45
48
18
35
37
40
41
42
43
46
48
51
9
13
17
20
24
26
28
35
38
39
4
7
8
11
17
21
25
42
45
48
2
5
8
9
15
17
27
35
38
40
5
9
11
15
17
18
26
33
35
38
20
36
38
41
42
43
44
48
50
53
1
20
23
26
27
29
30
33
36
39
5
9
10
12
13
15
16
20
21
23
15
33
35
39
41
42
43
47
49
52
54
