time_cost:2328ms
ontime_proportion:0.700000
max_delay:19
avg_delay:3.300000
avg_flowtime:27.100000
object function value:2903.333333
0
0
0
0
0
0
0
0
0
0
1
0
0
0
0
0
0
0
0
2
3
0
0
0
1
3
4
32
37
39
40
0
0
0
0
0
0
30
36
39
42
0
0
0
1
5
8
36
43
46
47
0
0
0
2
3
5
12
17
19
21
0
0
0
0
0
1
10
14
17
19
0
0
3
5
6
7
16
21
24
26
0
0
0
0
4
5
34
39
41
42
0
0
0
0
0
0
25
33
36
38
0
0
0
0
0
0
0
0
0
3
0
0
0
0
0
2
8
14
17
20
0
0
0
0
0
0
0
2
10
14
0
0
0
0
0
0
0
0
0
1
0
0
2
3
4
6
29
34
36
37
0
0
3
5
7
9
23
27
30
32
0
5
8
10
11
13
14
19
22
24
0
0
0
0
2
3
28
34
35
36
0
0
0
0
2
4
22
30
33
36
0
0
0
0
0
0
30
36
38
39
0
0
0
0
0
0
19
25
27
28
0
4
6
9
10
12
16
20
22
25
0
0
0
0
0
0
0
0
0
0
0
0
0
0
2
4
18
22
25
26
0
0
0
0
0
0
0
0
0
0
0
0
0
0
0
1
11
16
20
22
0
0
0
0
0
0
0
0
0
2
0
0
0
0
1
3
20
25
26
27
0
0
0
0
0
0
19
24
26
27
0
0
0
0
0
2
27
31
34
35
12
24
25
27
28
30
31
36
37
39
25
30
33
35
36
38
39
45
48
50
23
27
30
32
33
34
36
40
43
45
7
12
15
16
18
19
24
28
30
33
24
29
32
34
35
37
38
43
46
48
10
15
18
20
21
23
24
33
36
38
0
3
4
5
6
7
16
23
25
26
11
17
19
22
23
25
26
30
32
35
9
13
14
15
16
17
33
38
40
42
22
28
31
33
34
36
37
42
45
47
4
8
10
13
14
16
29
35
38
41
1
6
9
11
12
14
15
20
23
26
5
10
13
15
16
18
24
31
35
38
5
9
10
11
12
13
14
18
19
20
8
13
16
18
22
24
31
38
41
43
11
17
20
22
23
25
27
33
36
38
12
17
19
21
25
27
32
37
40
42
22
28
29
30
31
32
39
46
47
48
0
3
4
5
6
7
34
39
40
41
5
9
12
14
15
16
18
22
27
29
19
25
27
28
29
31
34
41
43
44
16
20
21
23
24
26
27
32
33
35
5
10
12
13
14
16
18
23
25
26
13
18
21
24
25
27
28
32
34
37
3
7
9
10
12
13
15
19
22
24
2
7
9
12
19
21
31
38
40
41
9
14
16
19
20
22
29
36
38
41
7
11
12
13
16
17
33
38
39
40
1
5
6
7
8
9
32
39
41
44
6
11
14
16
17
19
20
25
28
30
11
16
17
19
23
25
35
40
41
44
7
14
17
19
20
22
23
28
31
33
3
8
11
13
14
16
17
22
25
27
0
4
6
7
9
10
27
34
37
38
7
12
14
15
18
20
29
36
38
39
3
7
8
10
13
15
20
26
27
29
6
11
14
16
17
19
20
25
28
31
1
5
6
7
8
9
15
19
21
23
2
7
10
12
16
18
19
25
28
30
3
6
7
8
9
10
15
18
20
21
51
