time_cost:776750ms
ontime_proportion:0.857143
max_delay:14
avg_delay:0.785714
avg_flowtime:23.371429
object function value:1207.619048
0
0
0
0
0
0
0
0
0
0
0
0
1
2
5
7
9
11
15
16
19
0
0
1
4
6
8
10
14
15
18
0
0
0
0
0
0
0
3
7
10
0
0
0
0
1
3
7
10
13
20
0
0
0
0
0
0
0
0
1
2
0
0
0
0
0
0
0
0
0
2
0
0
4
7
9
11
15
19
23
26
0
0
0
0
2
4
6
10
11
20
0
0
0
0
1
3
14
17
18
21
0
0
0
0
0
0
0
0
0
4
0
0
0
1
3
5
13
16
21
24
0
5
7
8
10
12
14
19
21
22
0
0
0
0
1
5
8
13
15
18
0
0
0
0
0
0
13
16
20
21
0
0
0
0
0
0
14
19
21
22
0
2
3
4
8
10
12
15
20
21
0
0
0
0
0
0
8
13
17
18
0
2
3
4
5
7
10
15
16
17
0
0
0
1
3
4
7
11
12
13
0
0
0
0
0
0
0
0
0
0
0
0
2
3
5
7
19
24
27
30
0
0
0
0
3
5
16
22
24
26
0
0
0
1
4
6
10
14
17
18
0
0
3
6
8
10
13
16
19
26
0
3
4
5
6
7
10
13
19
20
0
0
1
2
4
8
15
19
20
28
0
0
0
0
0
0
0
0
0
0
0
0
0
0
0
0
0
2
6
12
0
0
0
0
0
0
0
0
0
1
1
4
6
8
12
13
20
23
25
27
7
11
12
15
17
19
21
25
26
29
7
12
14
15
16
17
19
26
28
29
0
4
5
8
10
12
16
21
22
25
5
11
14
15
17
19
21
24
27
30
7
11
13
15
16
17
19
22
25
27
4
7
10
11
13
15
22
27
30
31
3
6
9
10
12
14
22
27
30
31
0
3
6
7
10
12
24
27
30
31
0
3
5
7
8
9
20
25
27
30
2
8
10
11
13
14
23
28
30
31
4
7
8
9
11
14
23
26
27
28
9
12
13
16
18
20
22
28
29
32
8
13
15
16
18
20
27
32
34
35
3
7
8
11
14
18
24
30
31
34
5
10
12
13
15
17
24
30
32
33
12
15
16
17
19
21
23
30
31
32
15
20
22
23
24
25
26
35
37
38
14
17
18
19
21
23
25
29
31
32
4
7
9
11
13
15
20
26
28
30
13
18
19
20
21
22
24
31
32
33
19
24
26
27
28
29
31
36
38
39
17
20
22
24
25
26
27
30
32
36
16
19
22
23
25
27
29
32
35
36
1
4
8
12
14
17
25
30
32
35
4
9
11
12
15
16
23
32
34
35
17
22
24
25
26
27
28
34
36
38
11
14
17
20
22
24
25
28
31
34
10
15
18
24
26
28
29
32
35
38
7
12
16
17
19
21
28
34
36
37
5
8
11
15
20
22
28
31
34
40
19
25
28
29
31
33
35
38
41
42
16
19
22
25
27
29
30
33
36
39
2
5
8
10
12
14
25
31
33
37
19
24
25
28
30
32
34
38
39
42
13
22
25
26
28
30
32
35
38
39
0
5
7
8
14
16
28
35
37
38
17
21
22
25
27
29
31
34
35
38
5
8
15
18
22
24
28
36
39
42
3
7
8
9
16
18
28
36
37
39
44
