time_cost:6562ms
ontime_proportion:0.714286
max_delay:19
avg_delay:2.957143
avg_flowtime:25.085714
object function value:2693.333333
0
0
0
0
0
0
0
16
19
22
23
0
0
0
0
0
4
29
34
42
43
0
0
0
0
0
0
0
0
0
1
0
0
0
0
1
3
19
23
26
27
0
0
1
4
5
6
35
39
45
48
0
0
0
0
0
1
14
18
23
24
0
0
0
0
0
1
12
17
19
21
0
0
1
4
5
7
9
13
14
17
6
11
12
14
15
16
22
27
32
35
0
0
0
0
0
0
1
4
5
7
0
0
0
0
0
0
0
0
0
1
0
0
1
3
4
5
17
21
24
28
0
0
0
0
0
0
0
0
0
0
0
0
0
0
1
2
23
28
30
34
0
20
26
27
28
29
30
33
38
39
0
0
0
0
0
0
11
18
23
26
0
0
0
0
0
0
0
0
4
6
0
0
0
0
0
0
21
26
30
33
0
0
0
0
0
3
25
29
37
38
0
0
0
0
0
0
0
0
3
7
0
0
0
0
0
0
0
0
0
0
0
0
0
0
0
0
0
0
1
3
0
0
0
0
0
0
0
0
0
0
0
0
0
0
1
2
20
28
31
33
0
0
0
0
1
2
13
16
21
22
0
0
0
0
0
0
0
1
3
5
0
0
1
4
5
6
26
30
31
33
0
0
0
0
0
0
0
2
4
5
0
1
2
4
5
6
26
30
33
35
0
0
0
2
3
4
8
11
13
15
3
6
10
11
13
14
34
38
44
45
0
4
7
10
11
12
13
17
20
23
7
10
11
15
16
17
32
37
41
43
9
14
17
20
21
22
27
31
36
39
20
28
35
36
37
38
39
42
44
45
0
5
6
9
10
11
21
26
28
31
10
15
18
21
22
23
25
30
33
36
15
27
35
37
38
39
40
45
46
48
23
27
29
31
32
33
35
40
43
45
0
3
4
6
7
8
12
15
17
20
9
13
17
20
21
23
25
29
30
33
3
8
9
12
13
14
16
21
22
25
3
8
9
13
14
15
17
22
23
27
4
9
10
12
13
14
17
22
28
30
10
16
23
26
27
28
30
35
38
41
7
12
15
18
19
20
21
25
39
42
1
4
6
7
8
9
18
23
28
29
22
25
28
30
31
32
33
36
39
41
15
19
26
28
29
30
32
37
45
46
8
12
16
17
18
20
21
25
27
28
17
20
26
28
29
30
31
34
36
38
6
11
14
17
18
19
20
24
27
30
2
6
9
12
13
14
15
19
22
25
11
14
18
19
20
21
24
27
31
32
17
22
27
28
30
32
35
41
45
46
7
11
15
18
19
21
23
27
28
31
4
9
12
13
14
16
28
31
43
44
3
8
9
11
12
13
24
29
33
35
6
9
13
14
15
16
29
36
41
42
3
6
8
9
11
13
14
17
19
21
5
9
12
15
16
18
20
24
25
28
11
17
21
23
24
25
31
38
42
44
7
12
13
16
17
18
22
28
33
37
2
7
8
11
12
13
16
21
26
28
8
12
15
16
17
18
19
22
25
26
13
17
20
23
24
26
28
32
34
37
4
7
11
13
14
15
16
19
20
22
0
3
5
6
7
8
11
15
17
18
3
7
12
13
14
17
27
31
36
39
11
16
19
22
23
24
27
32
33
38
49
