time_cost:4305ms
ontime_proportion:0.728571
max_delay:24
avg_delay:2.942857
avg_flowtime:26.771429
object function value:2606.666667
0
0
0
0
0
0
0
15
29
33
34
0
0
0
1
2
4
23
38
42
43
0
0
0
0
0
0
9
16
18
22
0
0
0
0
0
0
13
18
26
31
0
0
0
0
0
2
10
24
29
30
0
0
0
0
0
0
0
1
3
4
0
0
0
0
0
0
0
0
0
0
0
0
0
2
3
5
14
18
28
30
0
0
0
0
4
6
23
39
44
47
0
0
0
0
1
2
19
30
34
37
0
0
0
0
0
0
10
16
19
22
0
0
0
0
0
0
0
0
1
2
0
0
0
0
0
2
11
20
23
28
0
0
0
0
0
0
0
2
3
5
0
0
0
0
5
7
30
46
50
51
0
0
0
0
0
0
0
0
0
0
0
0
0
3
5
6
13
28
30
38
0
0
0
0
0
0
0
0
0
2
0
0
0
0
0
0
0
0
2
5
0
0
0
0
0
0
0
0
2
3
0
0
0
0
0
0
0
0
0
0
0
0
0
0
0
0
0
0
0
1
0
0
0
0
0
0
0
0
1
2
0
0
0
0
0
0
10
15
18
23
0
0
0
0
0
0
0
0
0
0
0
7
12
15
17
18
26
44
47
50
0
0
0
0
0
0
0
0
0
0
0
0
0
0
0
0
13
24
30
33
0
1
3
6
8
9
11
18
26
29
0
0
0
0
0
0
0
0
0
0
6
10
12
13
23
24
25
32
34
37
9
14
17
18
21
23
25
30
33
34
10
13
16
17
21
23
24
29
32
33
11
22
25
28
29
31
32
35
38
41
0
11
14
15
17
19
26
43
49
51
14
27
31
34
35
37
38
41
44
47
8
14
16
19
20
21
22
25
27
30
1
5
6
15
16
18
19
23
24
26
1
6
8
16
18
19
21
27
29
36
4
9
11
12
15
16
18
26
29
30
10
20
22
23
25
26
27
31
34
35
23
34
38
41
42
44
46
49
51
54
1
4
8
9
10
12
13
25
28
29
20
32
35
38
39
41
43
46
47
50
5
9
11
12
14
16
17
22
26
27
7
11
14
18
19
21
22
27
30
33
5
10
12
13
15
16
18
23
25
26
12
23
26
29
30
32
33
36
41
44
4
7
10
13
15
17
18
21
24
27
3
6
9
12
13
15
16
19
22
25
9
16
19
20
22
23
29
44
50
51
7
14
17
20
22
24
26
35
41
42
6
11
14
17
18
20
23
33
40
43
9
17
20
21
23
25
27
31
34
35
5
9
11
12
14
15
16
20
22
24
1
5
8
11
15
17
25
42
46
49
0
5
7
10
12
13
15
20
22
23
4
7
8
12
13
15
17
20
21
24
7
12
15
16
17
19
20
24
27
28
2
8
10
11
13
20
22
31
33
40
0
4
7
8
10
12
19
28
33
34
4
10
37
40
41
43
44
47
51
54
0
4
6
9
11
13
19
33
35
38
7
12
13
18
19
22
23
30
31
33
4
7
8
11
12
14
16
19
20
23
1
4
5
8
9
11
13
18
23
26
5
8
30
33
34
35
36
46
50
53
7
13
16
19
20
22
23
38
43
46
14
27
30
31
33
34
36
41
43
44
1
4
5
9
10
12
14
17
18
21
55
