time_cost:1352951ms
ontime_proportion:0.828571
max_delay:19
avg_delay:1.928571
avg_flowtime:24.157143
object function value:1519.523810
0
0
0
0
0
0
0
1
4
6
7
0
0
0
0
0
2
24
30
33
34
0
0
0
0
0
0
0
0
0
1
0
0
0
0
1
3
11
15
17
18
0
0
1
4
5
6
17
22
25
28
0
0
0
0
0
1
20
23
26
27
0
0
0
0
0
1
14
19
20
22
0
0
1
4
5
7
10
14
15
18
0
5
6
8
9
10
12
17
18
22
0
0
0
0
0
0
7
10
11
13
0
0
0
0
0
0
0
0
0
1
0
0
1
3
4
5
19
23
24
26
0
0
0
0
0
0
0
0
0
0
0
0
0
0
1
3
33
40
45
48
0
1
4
5
6
7
14
18
21
22
0
0
0
0
0
2
23
29
30
33
0
0
0
0
0
0
0
8
10
11
0
0
0
0
0
0
9
14
15
18
0
0
0
0
0
1
2
7
9
11
0
0
0
0
0
0
0
0
3
5
0
0
0
0
0
0
0
0
0
0
0
0
0
0
0
0
0
0
1
3
0
0
0
0
0
0
0
0
0
0
0
0
0
0
1
5
37
41
46
48
0
0
0
0
1
2
18
21
23
24
0
0
0
0
0
0
0
1
3
4
0
0
1
3
4
5
27
31
33
35
0
0
0
0
0
0
0
2
4
5
0
1
2
4
5
6
14
19
20
22
0
0
0
2
3
4
24
29
33
35
7
11
14
15
16
17
35
39
46
47
6
10
13
16
17
18
26
31
35
38
5
8
9
12
13
14
24
30
35
37
13
18
21
24
25
26
32
36
43
46
16
20
22
23
24
25
30
34
38
40
0
5
6
9
10
11
18
23
24
28
5
10
11
14
16
17
27
36
38
41
1
6
7
9
10
11
19
25
26
28
3
7
8
10
12
13
30
35
37
39
0
3
4
6
7
8
24
27
32
34
3
7
8
11
12
14
16
20
21
24
18
23
24
27
28
29
32
37
39
43
7
12
13
16
17
18
20
25
28
31
6
11
12
14
15
16
23
28
31
33
4
9
10
13
14
19
30
36
39
42
10
15
28
31
32
33
34
38
42
45
1
4
6
7
8
9
20
26
28
29
21
28
31
33
34
35
36
39
41
43
10
14
17
18
19
20
21
24
27
28
9
13
16
17
18
20
21
25
27
28
10
13
14
16
17
19
35
38
44
46
9
13
16
19
20
21
22
27
31
34
2
6
9
12
13
14
15
19
23
26
4
8
10
11
12
13
17
20
22
23
2
5
7
8
10
12
13
16
18
19
14
18
20
24
25
27
29
33
34
37
18
22
25
26
27
28
29
33
37
38
13
18
19
21
22
23
27
34
35
37
8
11
13
14
15
16
27
30
34
35
6
9
11
12
14
16
17
21
23
25
10
14
17
20
21
23
25
29
30
34
11
17
18
20
21
22
23
28
29
31
5
10
12
15
16
17
19
24
26
29
2
7
8
10
11
12
13
18
27
29
2
5
8
9
11
12
19
25
28
29
12
16
18
21
22
24
26
30
33
36
16
21
22
24
25
26
32
37
42
44
0
3
5
6
7
8
27
32
34
35
5
9
11
12
14
16
23
27
29
30
7
12
14
17
18
19
23
28
29
32
49
