time_cost:2771ms
ontime_proportion:0.828571
max_delay:13
avg_delay:0.900000
avg_flowtime:24.842857
object function value:1542.380952
0
0
0
0
0
0
1
11
18
20
23
0
0
0
0
1
3
20
26
29
31
0
0
1
2
4
6
13
20
23
24
0
0
0
0
0
0
15
24
26
27
0
0
0
0
0
1
14
19
22
23
0
0
0
0
0
0
0
0
1
3
0
0
0
0
0
0
0
0
3
4
0
0
0
0
0
0
0
0
0
4
0
0
0
0
0
0
10
17
20
23
0
0
0
2
3
4
16
24
25
26
0
0
0
0
0
0
0
0
0
5
0
0
0
0
0
0
0
0
1
5
0
1
2
3
5
7
14
19
20
21
0
0
0
0
0
1
13
16
18
22
0
0
0
0
0
0
0
2
3
13
0
0
0
3
6
8
16
25
26
29
0
0
0
0
2
4
12
20
23
26
0
0
0
0
0
1
19
26
27
30
0
0
0
0
0
0
0
0
2
3
0
0
0
0
0
0
13
18
19
22
0
0
0
1
3
5
13
17
19
24
0
0
0
0
0
0
0
0
0
0
0
0
0
0
1
2
16
19
21
22
0
0
0
1
2
3
13
17
22
25
0
0
0
0
0
0
0
0
0
0
0
0
0
0
0
0
0
0
0
0
0
0
0
1
2
3
17
21
24
25
0
0
0
0
0
0
0
2
3
6
0
0
1
4
5
6
16
21
22
24
0
0
0
0
0
0
19
22
25
26
2
5
8
9
11
13
15
18
21
22
1
5
6
12
14
16
18
22
23
26
0
10
15
19
29
31
33
36
39
40
3
6
9
12
14
16
17
20
23
28
11
17
18
19
22
24
25
29
30
31
4
9
10
13
18
20
22
33
34
39
0
6
12
18
23
25
26
30
33
36
1
5
6
11
14
16
19
25
26
29
3
8
10
11
16
18
20
25
27
28
8
14
17
18
23
24
25
30
32
33
3
6
9
13
24
26
27
31
34
37
5
10
11
16
18
20
22
25
26
29
11
16
18
20
27
29
30
33
36
37
11
17
18
19
23
25
26
30
31
32
9
16
17
18
28
30
32
36
37
38
1
4
5
6
8
10
14
17
20
21
6
11
14
15
20
22
24
27
30
31
5
9
10
11
13
15
17
20
21
31
5
10
11
14
16
18
20
23
24
25
5
9
12
15
25
27
28
31
36
39
5
9
12
20
22
24
25
28
33
38
8
13
16
17
19
21
23
26
29
33
2
7
9
10
12
14
16
23
25
33
11
15
19
21
27
30
31
34
37
38
7
12
13
14
16
18
20
23
24
31
8
13
15
19
24
26
28
31
32
35
8
13
16
17
20
22
24
27
30
35
12
16
18
20
28
30
31
34
38
39
7
12
13
14
18
20
22
26
27
28
6
11
14
15
21
23
25
28
31
33
4
7
10
11
16
18
20
23
26
27
1
5
6
15
26
28
30
34
38
41
8
14
17
21
29
32
34
37
40
41
3
10
11
17
21
25
27
31
32
35
9
12
14
18
24
28
30
33
35
41
10
14
16
18
26
28
29
32
35
40
8
16
17
20
27
29
31
35
37
40
0
5
7
8
10
12
14
21
23
30
8
13
15
16
26
27
28
34
37
41
7
11
12
16
19
22
24
27
28
29
43
