time_cost:4296ms
ontime_proportion:0.842857
max_delay:15
avg_delay:1.171429
avg_flowtime:21.228571
object function value:1279.047619
0
0
0
0
0
0
0
0
0
0
1
0
0
0
0
0
0
16
19
22
23
0
0
0
0
0
0
0
2
4
5
0
0
0
0
0
0
2
6
9
10
0
0
0
0
0
0
21
26
27
29
0
0
0
0
0
0
0
0
2
3
0
0
0
0
0
0
0
0
0
1
0
0
0
0
0
0
0
0
1
2
0
2
3
6
7
8
10
15
16
21
0
0
0
0
0
0
17
22
23
26
0
0
0
0
0
0
0
0
0
0
0
0
0
0
0
0
24
28
30
31
0
0
0
0
0
0
0
1
3
4
0
0
0
0
0
0
0
0
0
1
0
0
0
0
0
0
0
0
0
0
0
0
0
0
0
0
22
25
29
30
0
0
0
0
0
0
0
2
4
5
0
0
1
2
3
5
31
35
37
38
0
0
0
0
0
1
19
23
26
29
0
0
0
0
0
0
30
35
36
38
0
0
0
0
0
0
0
0
0
0
0
0
0
0
0
1
8
12
15
18
0
1
2
4
5
6
11
15
19
21
0
0
1
2
3
5
31
37
39
40
0
0
0
0
1
2
9
13
16
17
0
0
0
1
2
3
27
32
35
36
0
0
0
0
0
0
0
0
0
0
0
0
0
0
0
0
0
2
5
6
0
1
2
4
5
6
19
23
24
26
0
0
0
0
1
2
6
9
10
12
11
16
20
22
23
24
35
40
46
48
7
11
12
14
15
17
20
24
25
27
5
9
11
12
14
15
16
19
21
22
8
11
13
14
18
20
21
24
26
27
15
20
21
24
25
26
28
33
40
43
8
13
14
16
19
21
23
27
28
30
6
10
14
17
19
20
23
27
30
33
4
7
9
10
12
14
15
18
20
21
8
12
13
16
17
19
21
26
27
30
27
32
33
35
36
37
38
43
44
46
1
4
6
7
8
9
11
14
19
20
0
5
6
8
9
10
11
16
17
19
0
6
7
9
13
14
35
39
40
42
1
6
8
9
13
15
16
20
22
23
18
22
23
25
26
27
33
37
38
40
4
7
9
10
12
14
15
18
20
21
2
6
8
9
10
12
17
21
25
26
5
8
9
11
12
13
14
17
18
20
5
10
11
14
15
16
18
23
24
27
1
5
7
8
9
11
12
16
19
20
7
11
13
16
17
19
22
26
27
30
7
11
12
15
16
18
20
24
25
28
4
7
9
10
11
12
14
17
21
22
1
6
7
9
10
11
12
17
18
20
10
15
17
20
21
22
26
31
34
37
5
8
10
11
15
17
18
21
23
24
0
5
6
9
11
12
14
19
20
23
9
12
14
15
16
18
35
38
42
43
1
4
6
7
9
11
12
15
17
18
9
13
15
16
17
19
22
26
28
29
21
24
26
27
29
31
32
36
38
39
4
9
10
13
14
15
17
22
38
41
1
4
5
7
12
13
24
27
29
31
16
21
22
25
26
28
35
40
43
46
4
9
16
19
20
21
35
40
41
44
5
10
11
13
15
16
17
20
21
23
26
31
32
35
36
37
39
44
45
48
0
4
6
7
8
10
13
17
20
21
26
31
32
34
35
36
37
42
43
45
31
35
37
38
39
41
42
46
48
49
50
