time_cost:1288170ms
ontime_proportion:0.871429
max_delay:14
avg_delay:1.228571
avg_flowtime:25.042857
object function value:1120.476190
0
0
0
1
2
4
6
12
15
16
17
0
0
0
0
1
2
19
25
27
29
0
0
0
0
0
0
14
21
23
24
0
1
3
4
6
8
11
23
25
27
0
0
0
0
0
0
0
0
0
1
0
0
0
0
0
0
0
0
0
1
0
0
0
0
0
0
0
0
0
3
0
0
0
0
0
1
9
13
15
16
0
0
0
0
3
4
16
19
20
21
0
0
0
0
0
2
14
17
18
21
0
0
0
0
0
0
0
0
2
3
0
0
0
2
4
6
9
13
15
20
0
2
5
11
13
15
17
21
24
25
0
0
0
0
1
5
17
22
30
35
0
0
0
0
1
3
13
19
21
22
0
0
0
0
0
0
19
24
26
27
0
0
0
0
0
1
9
12
13
16
0
0
0
0
0
0
17
20
22
24
0
0
0
0
0
0
0
0
0
2
0
0
0
0
1
2
17
22
25
27
0
0
0
0
0
0
0
0
1
4
0
0
1
4
6
10
19
23
24
25
0
0
0
0
2
4
11
14
15
19
0
0
0
6
8
10
29
34
35
39
0
0
0
0
0
0
11
15
18
21
0
0
1
4
6
8
21
24
30
34
0
2
5
8
11
13
15
18
21
22
0
0
0
0
0
0
10
14
19
22
0
0
0
0
0
0
0
0
0
0
0
3
4
7
9
11
18
23
24
28
8
16
20
23
25
27
28
33
36
39
4
8
9
15
17
19
21
25
26
29
2
5
8
9
11
13
22
26
29
30
5
10
14
15
16
17
22
30
33
34
8
11
12
14
15
16
24
29
30
31
5
8
9
10
11
12
14
19
20
22
4
7
11
14
18
20
21
24
28
32
11
14
18
20
28
29
31
37
41
43
13
16
18
20
25
27
28
31
34
36
3
10
14
15
16
17
21
27
29
31
3
12
14
15
17
19
21
27
29
30
8
13
15
16
25
27
28
33
35
37
0
3
4
5
9
12
23
26
27
28
2
5
6
7
8
9
15
20
21
23
2
5
7
9
10
11
14
17
22
24
5
9
15
18
21
23
26
32
33
37
5
8
10
12
13
15
26
32
34
36
6
9
10
11
19
21
23
26
27
28
2
5
8
9
12
14
25
29
32
33
8
11
12
17
24
26
30
36
39
42
5
9
10
13
15
17
20
24
25
28
1
5
6
9
20
22
24
29
31
34
3
15
17
20
26
28
29
34
36
38
3
6
9
11
12
13
18
27
29
31
5
10
13
14
15
17
19
27
29
30
1
7
14
16
21
23
25
28
32
33
13
18
20
21
24
26
27
32
34
35
0
16
19
20
22
24
26
30
33
34
1
4
7
10
13
15
16
20
23
26
12
18
19
20
26
30
32
37
41
42
10
13
14
15
22
24
26
29
31
32
1
6
7
10
23
25
28
34
36
39
14
17
18
19
20
21
22
25
26
27
18
22
24
26
27
28
29
35
39
41
16
19
22
25
27
29
30
35
38
41
10
14
15
18
23
25
27
31
33
37
8
11
12
13
15
16
18
21
22
23
7
10
11
14
16
18
20
24
26
29
11
14
17
18
20
22
25
29
32
35
8
12
13
15
17
19
27
33
34
37
44
