time_cost:2169ms
ontime_proportion:0.842857
max_delay:12
avg_delay:0.857143
avg_flowtime:25.414286
object function value:1418.571429
0
0
0
1
2
3
5
17
21
23
24
0
0
0
0
0
0
0
0
0
1
0
0
0
0
0
0
18
23
25
26
0
0
0
0
0
1
11
14
16
17
0
0
0
1
2
3
19
23
25
26
0
0
0
0
0
0
0
0
2
3
0
3
6
8
9
10
12
16
19
20
0
0
0
0
0
0
0
0
1
2
0
0
1
4
5
7
15
20
26
29
0
0
0
1
2
3
18
22
25
26
0
0
0
2
3
4
14
18
19
21
0
0
0
0
0
0
0
0
2
4
0
0
1
2
3
4
13
16
18
19
0
2
3
6
7
8
12
15
17
20
0
0
0
0
0
0
0
0
0
0
0
0
0
0
0
0
11
14
16
18
0
0
2
3
5
7
17
20
23
24
0
0
0
0
0
0
0
0
0
1
0
0
0
0
0
0
20
25
28
29
0
3
4
7
8
9
13
19
20
23
0
0
0
0
0
0
0
0
0
0
0
0
0
0
0
0
0
2
4
5
0
0
0
0
0
0
19
25
28
30
0
2
3
5
7
8
23
31
32
34
0
0
0
0
0
0
22
28
30
31
0
0
0
0
0
0
21
25
27
28
0
0
0
0
0
0
0
1
2
5
0
0
0
0
0
1
14
17
18
20
0
3
6
9
10
11
23
31
34
37
0
0
0
0
0
1
15
20
33
36
7
11
12
14
16
17
18
22
23
25
11
14
17
19
20
21
25
30
31
33
9
12
14
17
18
19
20
23
24
26
3
8
10
12
13
14
22
30
31
33
11
14
21
23
24
25
28
32
33
35
0
3
6
7
8
9
21
28
31
32
3
7
8
10
11
12
18
22
23
25
12
15
18
20
21
22
28
34
36
38
12
15
18
19
20
21
22
27
30
31
4
8
10
11
12
14
15
19
21
22
1
4
8
9
10
11
17
20
22
24
4
7
10
11
14
15
16
20
23
24
2
7
12
14
15
16
28
35
37
39
2
6
7
10
14
20
23
27
28
31
15
18
20
21
22
23
27
33
36
37
5
9
11
12
16
18
19
23
25
26
5
10
11
14
15
16
18
23
26
29
10
13
14
16
19
20
21
24
25
27
14
17
20
21
22
23
27
31
35
36
1
6
7
10
11
12
25
36
38
41
6
11
12
14
16
17
31
37
39
41
7
12
14
16
17
18
30
36
39
41
6
10
12
13
17
19
22
26
28
29
0
4
5
8
9
11
31
37
41
44
2
5
7
10
12
14
15
18
20
21
8
12
16
18
19
20
34
38
41
43
8
12
14
15
16
18
30
35
38
39
2
6
9
12
13
14
33
38
43
46
3
7
8
11
18
24
36
40
44
47
7
11
15
17
18
19
33
37
41
43
4
8
11
14
15
16
24
39
46
49
15
18
20
21
23
24
30
34
37
38
12
16
21
23
24
26
35
38
43
45
14
17
21
23
25
27
37
42
47
49
7
11
13
15
20
22
24
28
31
32
0
4
5
8
9
11
23
27
29
32
6
11
14
16
21
22
35
41
45
47
8
12
14
16
20
22
23
28
29
31
11
15
16
18
23
26
37
41
47
49
10
13
16
17
19
21
22
25
27
28
50
