time_cost:7066ms
ontime_proportion:0.742857
max_delay:17
avg_delay:1.800000
avg_flowtime:26.214286
object function value:2445.238095
0
0
0
0
0
0
0
0
0
0
3
0
3
4
7
8
9
22
27
28
31
0
0
1
2
3
4
19
25
27
28
0
4
6
7
8
9
15
19
27
29
0
0
0
0
0
0
0
0
0
0
0
0
0
0
0
0
0
1
27
30
0
0
0
0
0
0
0
0
0
0
0
0
0
0
0
2
15
19
29
32
0
0
0
0
0
0
19
23
32
34
0
1
4
7
8
10
18
21
32
35
0
4
6
8
9
11
17
21
30
32
0
0
0
0
0
0
0
0
0
2
0
0
0
0
0
1
19
23
34
36
0
0
1
4
5
7
22
26
27
30
0
0
0
0
2
3
13
18
24
27
0
0
0
0
0
0
16
21
23
25
0
0
0
0
0
0
0
3
5
6
0
0
0
0
0
0
0
0
2
5
0
0
0
0
0
0
0
0
0
1
0
0
0
0
0
0
0
0
0
0
0
0
0
0
0
0
0
0
0
1
0
0
0
0
0
0
0
0
0
0
0
4
6
9
10
12
24
28
31
33
0
0
0
0
0
0
0
3
4
7
0
0
0
0
0
0
0
0
0
1
0
0
0
0
0
0
0
0
0
2
0
0
0
0
0
0
21
24
36
39
0
0
0
0
0
0
27
31
33
36
0
0
0
0
0
0
0
2
3
6
0
0
0
0
0
0
23
28
30
33
4
8
10
13
14
16
27
32
34
37
1
5
7
9
10
11
23
27
29
31
7
11
13
14
16
17
18
22
24
25
12
17
18
19
20
22
23
27
28
29
4
8
10
14
15
17
21
25
35
38
7
11
15
18
19
21
27
31
34
37
3
8
9
12
14
15
16
21
24
27
3
9
10
13
15
16
17
22
23
29
11
15
20
23
27
29
31
35
39
42
12
17
21
22
27
30
35
39
43
44
11
15
22
24
25
27
28
32
34
36
5
9
11
16
17
20
22
27
38
41
11
15
19
21
22
23
26
30
32
35
15
19
21
22
26
29
32
37
41
42
3
7
9
12
13
19
31
35
38
42
5
8
12
15
18
20
31
36
40
43
2
7
18
21
24
28
34
39
42
45
3
10
15
18
21
25
30
35
37
40
4
8
12
15
16
18
29
33
42
45
8
12
14
15
17
18
19
23
25
26
2
6
8
11
12
14
25
29
41
44
9
14
18
19
20
22
23
27
28
29
6
10
15
18
19
21
23
26
38
41
0
4
14
17
23
25
27
31
41
46
16
20
23
24
25
27
28
32
33
34
1
6
7
10
12
13
14
19
24
31
15
19
22
24
28
32
35
40
43
45
13
17
23
24
25
27
28
32
33
36
11
15
19
22
23
24
27
33
36
38
9
14
19
21
22
23
25
29
36
40
12
18
22
23
27
31
35
39
42
44
12
16
21
25
29
31
33
37
45
48
8
14
16
19
22
26
31
35
37
41
8
11
17
20
27
29
31
34
44
47
12
16
21
23
24
28
31
36
40
43
8
13
16
20
22
23
24
29
30
33
6
11
13
16
18
19
20
25
27
31
8
13
15
16
18
19
20
24
26
27
8
12
14
15
17
18
19
23
25
29
8
12
19
22
23
25
29
33
44
47
49
