time_cost:973828ms
ontime_proportion:0.800000
max_delay:18
avg_delay:1.771429
avg_flowtime:25.814286
object function value:1860.476190
0
0
0
0
0
0
0
1
4
8
11
0
0
0
0
0
0
0
0
2
5
0
0
0
0
0
0
1
7
9
10
0
0
0
1
2
4
16
20
21
22
0
1
4
8
9
11
35
38
43
47
0
2
3
8
9
11
17
21
26
30
0
0
0
0
0
0
0
0
1
3
0
0
0
0
0
0
12
16
17
21
0
0
0
0
1
2
7
12
13
16
0
0
0
0
0
0
0
0
1
4
0
0
0
0
0
0
0
0
2
4
0
0
0
0
0
0
0
2
5
8
11
15
18
20
21
22
27
31
33
36
0
0
0
0
0
5
33
37
40
43
0
1
3
6
8
9
10
14
18
19
0
0
0
1
2
4
25
30
35
37
0
0
0
0
0
0
0
0
4
6
0
0
0
0
0
0
0
0
0
0
0
0
0
2
3
5
14
18
22
24
0
0
0
0
0
0
13
17
20
23
0
0
1
3
4
6
13
17
23
25
0
0
0
0
0
0
0
0
0
4
0
6
7
11
18
20
31
36
37
40
0
0
0
0
0
0
0
0
0
0
0
0
0
0
0
2
17
21
23
25
0
0
0
0
4
6
32
38
40
43
0
0
0
0
4
5
30
35
37
40
0
0
0
0
0
0
0
0
0
2
0
3
4
5
6
8
9
13
14
16
0
0
0
0
0
0
20
23
26
29
5
10
14
17
19
21
23
27
34
36
8
12
15
17
18
20
21
25
27
29
9
14
16
19
20
21
23
28
31
34
15
19
21
23
24
26
28
32
34
36
5
10
13
14
15
16
21
26
28
29
13
17
20
21
22
23
26
30
32
33
8
14
15
18
20
27
37
43
46
49
4
9
11
14
15
17
19
23
24
27
17
23
25
27
28
30
36
41
46
48
22
27
29
32
33
35
37
42
46
49
6
10
13
15
17
20
21
25
29
31
5
10
11
14
16
19
20
26
30
33
2
6
8
10
11
12
16
20
24
26
8
12
14
15
17
20
29
33
36
37
0
4
6
7
8
9
21
25
27
28
4
10
13
14
16
18
23
27
29
30
2
6
7
8
9
11
12
16
17
18
9
13
15
17
19
21
32
36
38
40
4
7
10
14
19
25
36
39
43
46
10
15
19
22
24
27
29
33
36
39
16
20
22
24
25
28
40
44
49
51
4
8
10
11
12
13
15
19
22
23
5
9
10
11
12
14
24
29
30
31
0
4
6
9
11
14
17
22
29
32
0
4
6
7
8
9
29
33
35
36
8
13
16
20
21
23
25
30
36
39
12
16
17
20
21
24
33
37
40
43
1
4
7
10
14
16
25
28
32
35
14
19
21
24
25
26
28
33
34
37
2
7
10
13
14
16
18
21
25
28
3
7
11
13
16
18
25
34
36
38
17
21
23
26
27
29
38
43
48
51
4
8
10
12
13
15
21
28
31
33
13
17
19
21
22
24
25
29
32
34
10
13
19
22
23
25
27
30
33
37
6
11
14
16
17
18
20
24
28
30
13
17
20
22
23
27
39
43
49
51
19
22
29
32
33
35
37
40
43
46
7
11
12
13
17
19
28
32
33
34
1
6
8
10
11
13
20
25
27
29
52
