time_cost:859156ms
ontime_proportion:0.828571
max_delay:17
avg_delay:1.757143
avg_flowtime:26.971429
object function value:1613.333333
0
0
0
0
0
2
4
20
32
35
36
0
0
0
0
0
0
12
25
28
31
0
0
0
0
0
0
0
0
0
0
0
0
0
2
3
5
14
27
32
37
0
0
0
0
0
0
0
10
13
14
0
0
0
0
0
2
9
16
19
22
0
0
0
0
0
0
0
0
1
5
0
0
0
0
0
0
0
0
0
0
0
0
2
3
5
7
12
22
25
26
0
0
0
0
0
0
0
0
0
0
0
0
0
0
0
1
12
20
23
24
0
0
0
0
0
0
0
0
3
6
0
0
0
0
0
0
0
1
9
12
0
0
0
1
2
4
10
17
18
20
0
0
0
1
2
4
9
16
19
23
0
0
0
0
1
3
11
25
26
29
12
24
27
30
31
33
34
37
40
43
0
0
0
0
0
0
7
14
17
18
0
0
0
0
0
0
8
14
16
25
0
0
0
0
0
0
0
0
0
2
0
0
0
0
0
0
0
0
0
3
0
0
0
0
0
1
20
30
33
37
0
0
0
0
0
0
21
30
35
38
0
0
0
0
0
0
0
0
0
0
0
0
0
0
0
0
22
32
36
39
0
0
0
0
0
0
0
14
18
19
0
0
0
0
0
0
6
12
14
17
0
6
8
11
14
15
16
21
23
26
0
0
0
0
0
0
8
20
23
28
0
0
1
4
5
6
23
36
38
41
4
9
12
18
19
21
23
32
38
41
4
7
10
11
12
14
15
18
21
22
15
27
30
31
33
35
37
41
44
45
3
7
9
10
14
15
16
20
22
23
17
28
31
32
33
35
36
39
42
43
4
9
12
13
17
19
23
35
39
40
0
4
6
9
11
12
13
17
22
28
10
19
22
23
24
26
27
38
41
42
4
8
9
11
12
14
15
19
20
22
0
3
6
9
10
12
24
34
39
42
4
8
9
11
12
14
15
19
20
22
8
15
17
20
21
22
23
32
36
39
3
6
9
10
14
16
20
31
34
35
8
13
15
18
20
21
22
26
28
31
7
12
14
16
18
19
23
35
41
42
2
6
8
9
13
15
16
22
24
25
0
4
5
7
8
10
11
15
17
19
0
11
14
15
16
18
25
35
39
40
14
27
29
33
34
36
38
41
42
45
19
29
31
33
34
36
37
41
43
45
7
12
17
20
22
23
24
34
36
39
3
10
12
13
15
16
18
23
26
27
1
5
8
9
11
13
15
19
22
23
12
25
29
32
33
34
35
38
40
44
11
25
27
30
32
33
34
38
43
46
0
3
5
8
9
10
11
14
16
19
5
9
12
13
15
17
19
23
26
27
6
12
13
15
17
19
23
36
39
41
8
17
20
21
22
24
26
37
42
44
16
28
31
33
35
37
39
43
46
47
19
31
34
35
37
39
41
45
48
49
19
30
32
35
37
38
39
43
45
48
4
9
11
14
16
17
18
23
26
32
19
30
33
36
37
38
39
42
45
48
4
8
10
13
16
17
23
34
36
39
0
5
11
12
15
16
17
28
32
33
9
22
25
26
28
30
32
40
45
49
7
12
15
16
18
20
22
26
30
35
0
3
6
9
10
12
13
16
19
22
0
3
6
7
8
10
26
40
43
45
51
