time_cost:2208ms
ontime_proportion:0.642857
max_delay:22
avg_delay:4.042857
avg_flowtime:30.757143
object function value:3596.666667
0
0
0
0
0
0
0
13
18
20
22
0
0
0
0
1
3
17
23
25
27
3
6
9
10
12
14
16
21
28
29
0
0
1
3
4
6
17
26
29
31
0
0
0
0
0
0
0
0
0
4
0
0
0
0
0
0
0
0
0
0
0
0
0
0
1
2
11
16
18
21
0
0
0
0
0
0
0
2
5
21
0
0
0
0
0
0
23
30
34
36
0
0
0
0
4
6
27
36
38
39
0
0
0
0
5
8
29
36
39
42
0
0
0
0
0
0
13
29
35
36
0
0
0
1
2
4
21
28
33
36
0
0
0
2
4
6
19
39
43
48
0
0
0
0
0
0
7
13
14
18
0
0
0
1
3
4
19
38
42
45
0
0
0
0
1
3
10
26
29
32
0
0
0
0
0
0
18
36
40
43
0
0
0
0
0
0
0
0
0
0
0
0
0
0
0
0
0
0
0
0
0
0
0
0
0
1
7
14
17
20
0
0
0
0
3
5
18
35
38
40
0
0
0
1
3
4
15
24
29
34
0
0
0
0
0
0
24
32
36
39
0
3
4
6
7
9
13
20
23
25
0
0
0
0
1
3
6
14
17
21
13
20
24
25
27
29
33
43
47
48
0
0
0
0
0
0
30
38
40
43
0
0
2
5
6
7
27
31
37
40
0
0
0
0
0
0
0
0
0
2
2
6
8
11
14
16
32
40
45
48
8
13
16
17
19
21
23
27
33
34
10
15
16
19
20
22
24
30
33
41
6
13
16
17
19
21
22
33
36
38
23
29
32
33
35
36
37
41
44
45
1
5
8
11
12
14
15
22
25
33
3
10
13
16
17
19
20
23
26
29
7
13
15
16
18
19
20
26
31
34
0
3
5
8
9
10
12
28
30
34
9
20
23
24
26
28
30
34
37
38
1
9
12
13
14
16
17
21
24
25
2
7
10
11
13
14
27
34
36
37
0
3
6
7
8
10
11
17
20
21
4
12
13
16
19
21
23
32
33
37
13
30
32
33
35
36
38
43
45
47
5
10
12
13
15
16
18
24
28
31
1
4
6
9
10
11
12
18
20
23
4
7
11
14
15
17
18
29
32
35
6
24
27
30
31
33
34
38
41
44
12
18
25
28
30
31
32
39
43
46
21
29
30
33
34
36
38
41
42
45
14
20
23
26
27
29
30
33
36
39
8
17
18
20
22
24
25
36
38
40
4
12
16
19
21
22
23
32
35
38
10
15
16
19
22
24
29
37
39
41
2
8
11
17
21
23
25
31
35
38
6
12
13
15
16
18
19
23
26
28
1
4
7
10
11
13
14
17
20
23
9
12
15
16
18
20
27
34
37
38
12
26
29
32
33
35
36
39
42
45
9
16
21
30
32
33
34
42
45
48
6
11
13
16
17
18
20
27
30
33
0
8
9
13
21
23
24
37
40
42
9
24
26
29
31
32
33
37
39
42
15
32
33
35
36
38
39
43
44
47
5
9
12
15
17
19
21
25
28
32
3
6
9
12
13
15
16
19
22
26
4
9
12
19
23
25
32
42
46
50
0
4
7
8
10
12
14
18
21
22
9
16
19
22
23
24
25
33
36
39
52
