time_cost:888431ms
ontime_proportion:0.900000
max_delay:9
avg_delay:0.528571
avg_flowtime:22.400000
object function value:746.666667
0
0
0
0
0
0
0
0
0
0
0
0
0
0
0
0
0
0
0
1
2
0
0
1
2
3
4
10
14
15
16
0
0
0
0
1
3
9
12
19
21
0
0
0
0
0
1
8
12
13
16
0
0
0
0
0
0
0
4
7
10
0
0
0
0
0
1
6
9
11
13
0
0
0
0
1
2
6
10
12
15
0
0
1
4
5
8
14
18
20
22
0
0
0
0
2
3
12
16
21
25
0
0
0
0
0
0
12
16
19
26
0
0
0
1
3
5
14
19
22
23
0
0
0
0
0
0
0
0
0
0
0
0
0
0
1
3
5
10
12
13
0
0
0
0
0
0
0
15
19
23
0
0
0
0
0
0
0
0
2
4
0
0
0
1
2
3
15
18
20
25
0
0
0
0
0
0
15
20
23
25
0
0
0
0
0
0
14
17
22
25
0
0
0
0
0
0
0
0
0
1
0
0
0
0
0
0
0
0
0
0
0
4
5
8
10
12
18
21
23
26
0
0
0
0
0
0
18
21
23
24
0
0
0
0
0
0
0
0
0
1
0
1
2
3
4
5
16
20
22
28
0
0
0
0
0
1
17
20
22
24
0
3
4
5
6
7
9
12
13
14
0
0
0
0
0
6
16
20
24
25
0
0
0
0
0
0
0
0
0
3
0
0
0
0
0
0
0
0
2
3
9
14
16
18
19
20
21
25
27
29
0
3
4
5
7
9
20
24
25
26
5
9
11
13
14
16
21
24
26
28
3
8
10
11
12
13
16
22
25
27
0
3
5
7
8
9
10
13
17
22
3
7
10
14
16
18
19
22
26
29
3
8
10
11
13
15
17
22
24
27
2
6
7
10
12
14
17
21
22
25
6
11
14
17
19
21
22
25
29
32
3
6
7
8
10
12
20
27
28
29
2
5
8
9
17
19
23
26
29
30
9
14
16
17
18
19
20
25
27
28
8
11
12
15
17
19
21
24
25
28
0
3
5
8
9
10
19
22
24
26
0
3
4
10
12
14
24
28
30
31
12
15
16
19
20
21
22
25
26
27
9
14
18
19
21
23
25
30
32
33
4
8
9
12
15
17
22
28
29
32
0
5
9
13
15
20
22
26
27
32
3
7
8
9
10
11
20
24
26
28
9
13
14
17
19
22
24
27
28
31
3
6
7
8
10
12
21
24
28
30
8
13
15
16
18
19
23
31
33
34
11
15
16
19
21
23
26
30
33
36
13
16
17
18
21
23
25
28
30
33
15
19
20
21
23
27
29
33
36
37
12
16
17
20
23
25
27
31
32
35
6
11
13
15
16
17
24
27
29
31
0
3
5
7
8
9
24
29
31
34
15
20
22
24
25
26
27
32
34
35
13
17
21
22
25
27
29
32
35
37
12
17
19
21
23
25
27
32
34
35
7
12
17
23
25
27
29
32
33
36
2
6
7
8
9
10
30
34
36
37
11
16
18
19
21
24
26
31
33
35
8
11
14
16
20
21
26
29
35
36
6
10
13
14
15
17
31
34
36
37
2
5
6
7
8
9
25
28
31
32
16
22
25
26
27
29
30
35
37
38
4
9
11
12
14
16
24
29
31
36
39
