time_cost:1148412ms
ontime_proportion:0.828571
max_delay:19
avg_delay:1.542857
avg_flowtime:24.342857
object function value:1525.714286
0
0
0
0
0
0
0
0
0
0
2
0
0
0
0
0
0
0
0
0
1
0
0
0
0
0
2
11
17
23
24
0
0
0
0
0
0
0
0
0
0
0
0
0
0
0
0
6
9
13
14
0
0
0
0
0
0
0
0
0
0
0
1
3
7
9
10
12
23
25
26
0
0
0
0
0
0
0
0
0
0
0
0
0
0
0
0
0
0
0
0
0
0
0
0
0
0
0
0
2
3
0
0
0
0
0
0
0
0
0
1
0
0
0
0
0
0
1
5
6
8
0
0
0
0
0
0
5
9
13
16
0
0
0
0
0
0
0
1
2
5
0
0
0
0
0
0
0
0
0
2
0
0
0
0
2
3
12
24
26
28
0
0
0
0
1
3
27
40
45
48
0
0
1
4
6
7
12
21
23
26
0
0
0
0
3
5
17
35
39
40
0
0
0
1
3
4
16
25
27
28
0
0
0
0
1
3
10
17
23
25
0
0
0
0
0
0
0
0
2
9
0
0
0
0
0
0
0
20
30
33
0
2
4
5
7
8
20
31
33
34
0
0
0
0
0
0
0
0
3
4
0
0
0
0
0
0
0
0
0
1
0
0
0
0
0
0
9
16
19
23
0
2
5
6
7
9
17
23
26
27
0
0
0
0
0
0
0
1
4
5
0
0
0
0
0
0
0
0
0
0
9
14
17
20
21
23
24
35
38
41
4
7
10
13
16
17
24
37
39
42
2
7
8
10
11
13
14
22
23
27
1
5
7
10
12
13
14
18
20
23
2
10
12
13
15
16
17
27
29
30
12
20
22
23
25
26
28
33
35
36
5
8
11
14
15
17
18
23
26
29
0
3
4
7
8
10
14
26
27
30
0
12
15
18
19
21
22
30
33
36
6
9
12
13
14
16
18
27
30
31
16
23
25
26
28
29
30
35
37
38
1
5
8
9
13
14
20
33
36
37
9
17
19
21
23
24
26
39
41
44
5
8
9
12
13
15
17
22
26
29
1
7
10
13
15
17
21
36
38
41
4
7
13
16
17
19
20
26
30
33
5
9
10
12
13
15
16
29
33
35
1
5
8
9
11
13
15
21
24
25
14
23
25
28
29
30
31
38
41
44
7
12
15
19
22
24
25
32
37
41
1
5
6
8
9
11
12
16
20
22
3
6
7
10
11
13
15
19
20
23
8
13
16
19
20
22
23
30
33
36
18
26
28
31
32
33
34
38
42
45
11
17
19
22
23
24
25
28
30
34
13
20
23
26
27
29
30
41
45
48
1
4
7
8
9
11
20
28
31
32
8
15
19
21
23
25
27
33
38
40
5
11
14
17
18
20
21
32
36
40
9
19
22
23
25
27
29
33
36
38
10
18
22
28
30
32
34
38
41
42
6
12
18
19
21
22
23
31
36
39
8
15
18
19
22
23
25
42
44
45
7
12
14
17
19
20
24
40
42
45
1
6
8
11
13
14
16
29
35
38
5
10
12
15
17
18
19
30
33
36
5
10
13
14
16
18
20
25
28
29
8
14
17
20
21
23
24
27
30
33
9
14
16
19
20
21
22
25
27
30
11
19
21
24
25
26
27
30
33
37
49
