time_cost:826162ms
ontime_proportion:0.900000
max_delay:14
avg_delay:0.685714
avg_flowtime:24.371429
object function value:812.380952
0
0
0
0
0
0
0
1
6
8
9
0
0
0
0
0
0
1
4
5
9
0
0
0
0
0
1
17
21
27
30
0
2
3
6
8
10
17
21
22
27
0
0
0
1
4
7
14
17
18
21
0
0
0
3
5
7
11
16
23
28
0
0
1
2
3
4
15
21
23
24
0
2
3
4
5
6
15
19
22
23
0
0
0
0
0
0
0
0
0
1
0
0
0
0
1
3
17
20
21
22
0
2
5
6
8
10
14
18
21
22
0
0
0
0
0
0
1
6
8
9
0
0
0
1
5
7
16
19
20
23
0
0
0
0
0
1
16
19
22
25
0
0
2
5
7
9
26
29
34
37
0
0
0
0
0
1
10
14
16
19
0
0
0
0
0
0
0
0
1
4
0
4
5
6
7
8
13
17
18
19
8
10
11
15
16
17
19
23
24
25
0
0
0
0
0
0
0
0
0
1
0
0
0
0
0
0
13
15
19
21
0
0
0
0
0
0
0
0
0
0
0
0
0
0
0
1
20
23
24
27
0
0
0
0
0
0
0
0
1
4
0
0
0
0
0
0
20
22
23
26
0
0
0
0
0
0
12
16
19
20
0
0
0
0
1
3
19
22
26
29
0
0
0
0
4
5
11
15
17
18
0
0
0
0
0
0
0
0
0
0
0
0
0
0
2
5
15
24
26
27
6
11
12
17
19
21
23
27
28
34
0
3
4
5
6
9
29
32
34
35
5
8
12
13
16
18
20
25
28
31
2
6
7
10
15
24
26
30
31
34
8
11
14
15
17
19
22
25
29
33
8
13
14
17
19
21
23
28
31
36
3
9
11
12
14
16
18
24
26
28
1
4
6
9
11
13
26
29
32
36
10
14
17
20
22
24
25
29
32
38
0
5
7
8
10
12
23
29
31
32
2
5
6
7
9
11
23
28
30
34
7
11
12
13
14
15
17
21
22
23
11
16
19
22
24
27
29
35
38
42
13
22
27
29
30
31
32
36
38
40
3
8
10
11
14
16
24
29
31
32
4
8
9
13
16
18
20
24
29
32
3
10
12
15
20
22
25
30
33
34
21
26
29
30
31
32
33
39
41
42
4
7
10
11
13
15
23
26
29
30
2
7
9
10
12
25
28
35
37
38
10
14
16
17
23
26
29
32
34
35
8
11
14
15
18
20
23
26
30
31
9
12
13
14
18
20
23
26
28
29
6
9
10
11
12
13
20
23
25
26
5
11
13
14
18
20
26
33
36
37
15
19
22
25
27
29
30
33
36
40
7
10
11
12
13
14
22
25
27
28
13
16
18
20
24
27
29
33
35
37
8
12
13
14
15
16
18
22
23
24
10
13
16
17
20
22
28
32
35
36
6
10
11
12
13
14
16
20
21
22
11
14
16
18
21
28
31
37
39
41
10
19
21
22
24
26
29
38
40
41
14
17
19
21
23
25
26
31
33
35
4
12
15
16
22
25
27
32
35
38
18
24
26
27
29
31
33
38
41
42
14
18
20
21
22
23
26
32
35
36
9
13
14
19
21
23
25
29
30
33
10
14
15
16
17
18
20
24
27
28
20
23
25
27
28
29
30
33
35
38
44
