time_cost:2217ms
ontime_proportion:0.642857
max_delay:24
avg_delay:3.814286
avg_flowtime:29.442857
object function value:3552.857143
0
0
0
0
1
3
5
14
20
25
26
0
0
0
0
0
0
0
0
0
0
0
0
0
1
3
5
10
16
19
20
0
0
0
1
2
3
11
16
17
18
0
0
0
0
0
0
23
29
30
33
0
0
0
0
1
2
10
15
17
21
0
0
0
0
0
2
17
25
28
29
0
0
1
6
8
10
22
28
29
32
0
0
0
0
0
0
0
27
30
31
0
0
0
0
0
0
0
0
0
0
0
1
2
3
4
5
19
23
24
25
0
0
0
0
0
0
0
0
3
6
0
0
0
0
0
0
10
17
20
21
0
0
0
0
0
1
10
13
16
22
0
2
4
8
10
12
14
19
21
24
0
0
0
0
0
7
25
32
33
36
0
0
0
0
0
0
0
0
1
2
0
0
0
0
0
0
8
14
16
17
0
3
6
9
11
13
23
29
32
35
0
0
0
1
3
5
19
25
28
29
0
0
0
3
5
7
24
30
31
35
0
0
0
0
0
0
20
28
29
30
0
0
0
0
0
0
24
30
34
37
0
0
0
0
0
0
0
0
0
0
0
0
0
0
0
0
0
0
0
0
0
0
1
5
6
9
30
38
42
44
0
0
0
0
0
0
0
0
0
3
0
4
5
8
10
14
16
22
25
28
0
0
0
0
0
2
13
17
18
21
0
0
0
0
1
3
17
21
26
27
0
4
5
8
10
12
26
34
37
40
2
5
8
9
12
16
18
21
24
29
4
7
8
11
20
23
25
29
30
37
0
4
5
8
14
18
20
25
26
31
5
8
11
13
15
17
19
24
27
31
9
13
14
15
17
19
21
24
25
26
2
11
13
14
16
17
18
23
26
27
7
11
13
15
17
19
20
23
25
27
9
15
19
22
24
26
28
33
36
39
4
7
10
13
19
21
25
31
35
38
3
6
9
12
17
20
26
33
38
41
15
20
24
25
31
33
34
42
47
48
4
9
11
13
14
15
16
21
23
25
9
16
21
24
27
29
31
37
41
44
12
17
23
25
31
32
37
43
49
51
13
19
24
25
32
34
37
45
50
51
1
4
7
8
12
14
34
44
51
52
3
6
12
17
19
21
27
35
40
43
12
17
22
23
26
28
29
38
44
45
6
10
13
16
21
23
27
34
39
42
7
11
15
18
21
23
28
36
43
46
2
7
9
11
12
13
14
19
21
22
4
9
11
12
14
16
18
23
25
28
11
16
19
22
29
32
34
40
45
48
0
3
4
7
8
9
13
18
19
20
12
19
23
24
29
31
33
42
48
49
6
13
16
19
25
27
30
40
47
50
8
14
15
18
23
25
30
39
44
47
12
18
22
23
30
31
32
40
46
47
3
8
10
12
13
14
15
20
22
23
0
5
7
10
19
22
24
29
31
33
0
3
4
5
7
9
17
21
26
30
7
12
13
14
18
20
21
24
25
26
0
3
4
8
13
15
37
43
48
50
7
11
14
15
18
21
23
26
29
33
5
10
12
14
16
20
22
27
29
30
8
13
14
15
21
24
25
28
29
30
7
14
18
21
27
29
33
41
49
52
10
15
18
19
32
34
37
44
51
52
3
9
12
13
15
18
20
25
27
35
54
