time_cost:914319ms
ontime_proportion:0.857143
max_delay:18
avg_delay:0.985714
avg_flowtime:24.371429
object function value:1240.952381
0
0
0
0
0
0
0
9
14
17
19
0
0
0
0
0
0
0
0
0
1
0
0
0
1
3
5
14
19
22
23
0
0
0
1
2
3
12
17
18
19
0
0
0
0
0
0
0
0
0
2
0
0
0
0
1
3
14
19
22
24
0
0
1
2
3
4
16
23
24
25
0
0
0
0
0
0
0
3
5
6
0
0
0
0
0
0
0
0
0
0
0
0
0
0
0
0
0
0
0
0
0
1
4
6
7
8
12
17
20
22
0
0
0
0
0
0
0
0
0
0
0
0
1
2
4
6
11
16
19
21
0
0
0
0
3
5
17
23
26
28
0
0
0
0
0
0
0
0
2
6
0
2
3
4
5
6
12
17
18
19
0
0
0
0
0
1
17
22
24
26
0
0
0
0
0
0
16
24
27
29
0
0
0
1
2
3
10
16
17
18
0
0
2
5
6
8
13
18
20
23
0
0
0
0
0
0
1
25
27
28
0
0
0
0
0
0
0
0
0
0
0
0
0
0
1
2
9
13
16
20
0
0
0
0
0
0
0
0
0
0
0
0
0
0
0
0
1
22
25
26
0
0
0
0
0
6
19
24
26
28
0
0
0
0
0
0
0
0
1
3
0
0
0
0
0
0
0
1
4
6
0
0
0
0
0
0
18
24
25
27
0
0
0
0
1
4
19
30
31
33
10
15
17
18
19
21
23
28
30
31
6
12
15
16
18
20
21
25
28
29
1
6
9
11
12
14
15
20
23
25
0
5
8
10
11
13
19
27
30
32
8
12
15
17
18
19
21
25
28
30
4
8
11
12
14
16
17
21
24
25
10
15
16
17
18
19
24
31
33
34
4
9
12
14
15
17
18
27
30
32
7
11
14
15
17
20
21
30
33
35
0
3
4
5
6
7
28
35
37
38
4
8
9
10
11
12
23
31
32
33
2
6
9
12
15
16
25
32
35
37
9
13
16
18
20
22
24
31
34
35
18
23
25
28
29
31
32
36
38
41
7
13
15
16
19
21
28
35
37
38
8
12
13
14
19
21
25
37
38
39
15
19
21
22
24
25
27
33
35
37
5
10
12
14
16
18
20
30
32
34
10
16
19
21
22
23
28
36
39
42
0
4
7
10
13
15
24
32
35
37
13
19
22
24
25
26
28
32
35
37
6
11
13
16
23
25
31
38
40
43
20
26
29
31
32
34
35
40
43
47
6
10
12
15
16
18
30
37
41
44
5
10
13
15
16
18
31
39
42
44
22
29
31
34
35
37
38
42
44
47
10
15
18
19
21
23
33
39
44
45
27
34
35
37
38
40
41
45
46
48
5
9
10
11
12
13
14
18
19
20
0
4
7
9
10
11
25
35
38
40
3
7
9
11
13
14
25
35
37
38
2
28
31
33
34
35
37
42
45
47
3
7
8
9
10
11
13
18
19
20
1
8
11
12
14
16
20
26
29
33
5
9
10
12
13
15
16
22
23
25
26
32
34
35
37
38
40
44
48
49
2
5
6
7
8
9
25
34
35
36
29
35
36
38
39
41
42
46
47
49
22
29
32
34
35
37
38
43
47
49
15
20
23
25
26
28
29
35
38
40
51
