time_cost:1124862ms
ontime_proportion:0.785714
max_delay:25
avg_delay:1.942857
avg_flowtime:24.985714
object function value:1975.714286
0
0
0
0
0
0
0
0
0
0
0
0
0
0
0
0
0
4
8
10
13
0
0
0
0
0
0
28
35
36
37
0
1
2
3
4
5
10
14
15
18
0
0
1
3
4
6
25
32
35
37
0
0
0
0
0
0
0
0
0
1
0
0
3
5
6
8
38
44
47
49
1
2
4
5
6
8
11
18
20
21
0
0
0
1
2
4
9
19
21
22
0
0
0
0
0
0
0
0
0
1
0
0
0
0
0
0
13
19
22
24
0
0
0
0
0
0
0
0
1
2
0
0
0
0
0
0
0
0
0
0
0
0
0
0
0
1
5
12
14
18
0
0
0
0
0
1
7
12
13
15
0
0
0
0
1
2
14
19
20
24
0
0
0
0
0
0
23
27
28
29
0
0
0
0
0
0
0
0
1
4
0
0
0
0
0
0
0
0
0
0
0
0
0
0
0
0
1
4
6
7
0
0
0
0
2
3
31
37
38
39
0
1
4
5
7
9
12
16
19
22
0
0
0
0
1
3
10
15
18
20
0
0
0
0
0
0
0
0
0
0
0
0
1
4
11
13
23
27
29
32
0
6
9
11
12
14
34
42
45
47
0
0
0
0
0
2
27
34
37
39
0
0
0
0
0
0
0
6
9
11
0
5
7
8
9
11
15
20
22
23
0
0
0
0
0
0
0
0
1
2
0
3
4
5
6
7
9
14
15
16
4
10
13
15
16
18
20
34
37
39
23
28
30
31
32
34
36
42
44
45
9
13
15
16
18
19
21
28
30
31
20
27
30
32
33
35
38
45
48
50
0
4
6
9
11
13
42
50
52
53
2
12
13
14
17
22
27
31
32
34
3
8
11
13
15
17
18
25
28
30
0
4
5
6
7
8
21
27
29
30
4
9
11
12
13
15
17
22
24
25
17
21
24
26
27
28
42
48
51
53
25
28
29
30
32
33
35
38
39
40
0
5
7
8
9
11
24
29
31
32
13
17
19
20
22
23
25
29
32
33
14
21
24
25
27
29
30
36
39
40
3
7
10
13
15
17
19
23
26
28
15
19
20
24
25
27
28
32
33
35
15
24
27
29
30
32
33
39
42
44
1
5
7
8
10
11
13
17
19
20
11
15
16
18
19
21
22
26
27
29
8
12
15
16
18
20
30
37
40
41
16
22
23
24
25
26
28
31
32
33
5
10
12
13
14
16
18
23
25
26
9
14
16
17
18
20
22
30
32
33
12
16
19
21
22
24
41
48
51
53
9
13
15
18
20
21
23
27
29
30
5
10
12
15
16
19
20
24
26
29
14
18
21
22
24
26
27
31
34
36
0
4
5
7
8
10
26
30
31
33
0
3
4
5
6
9
39
47
49
50
5
11
13
14
20
22
28
40
42
43
17
24
27
29
30
32
33
39
42
44
7
11
12
13
16
18
19
23
24
25
8
15
17
18
20
22
32
42
44
45
0
5
7
8
9
11
25
32
34
35
3
7
10
12
13
14
16
20
23
25
10
15
18
20
22
24
37
44
47
49
5
10
12
13
14
16
18
24
26
27
23
29
32
34
35
36
38
47
50
52
5
9
10
12
13
15
16
20
21
23
55
