time_cost:1239709ms
ontime_proportion:0.914286
max_delay:19
avg_delay:0.942857
avg_flowtime:22.685714
object function value:613.333333
0
0
0
0
0
0
0
0
0
0
3
0
3
4
7
8
9
11
16
17
22
0
0
1
2
3
4
7
11
13
14
0
4
6
8
10
12
15
21
27
28
0
0
0
0
0
0
0
0
0
0
0
0
0
0
0
0
0
1
7
11
0
0
0
0
0
0
0
0
0
0
0
0
0
0
0
2
4
10
12
15
0
0
0
0
0
0
1
5
7
9
0
1
4
7
8
10
12
15
18
21
0
4
6
8
9
11
12
16
18
20
0
0
0
0
0
0
0
0
0
2
0
0
0
0
0
1
8
12
14
16
0
0
1
4
5
7
9
13
14
17
0
0
0
0
2
3
4
10
13
16
0
0
0
0
0
0
19
22
25
26
0
0
0
0
0
0
16
19
21
22
0
0
0
0
0
0
0
0
2
5
0
0
0
0
0
0
0
0
0
1
0
0
0
0
0
0
0
0
0
2
0
0
0
0
0
0
0
0
0
3
0
0
0
0
0
0
0
0
0
0
0
4
6
8
9
11
12
16
18
23
0
0
0
0
0
0
11
14
15
18
0
0
0
0
0
0
0
0
0
1
0
0
0
0
0
0
0
0
0
2
0
0
0
0
0
0
0
10
15
19
0
0
0
0
0
0
16
20
22
26
0
0
0
0
0
0
0
2
3
6
0
0
0
0
0
0
17
21
24
26
4
8
10
14
15
17
20
24
26
29
1
5
7
9
10
11
19
23
26
28
3
7
9
10
12
13
20
25
28
29
12
17
18
19
20
22
23
27
31
35
4
8
10
13
14
16
18
22
24
28
8
12
13
16
17
19
21
27
29
32
8
13
19
22
24
25
26
31
32
36
14
19
20
24
26
27
28
33
34
38
4
8
11
14
15
17
20
24
34
37
16
20
23
24
25
26
28
32
35
36
4
8
10
12
13
15
16
20
22
24
8
12
16
19
20
22
24
28
34
37
0
6
8
10
11
15
25
29
32
34
8
12
14
15
17
19
24
28
34
35
8
13
20
25
26
28
30
34
36
39
5
8
11
14
15
17
21
24
31
34
2
7
8
11
12
13
26
31
32
35
16
22
23
26
27
28
30
35
36
39
8
14
20
23
24
26
28
32
35
38
12
16
19
20
22
23
27
31
35
40
9
18
21
24
25
27
29
33
37
40
5
9
10
11
12
14
21
25
37
38
12
16
23
26
27
29
31
34
38
41
13
18
24
27
28
30
32
36
38
41
24
28
29
30
31
33
34
38
39
40
15
22
28
31
34
35
36
41
42
45
4
9
11
12
13
14
31
35
37
38
19
23
30
31
32
34
35
39
41
43
4
10
16
18
19
21
31
36
38
40
9
14
16
18
19
20
22
26
40
42
0
4
6
7
8
9
32
36
40
41
17
23
29
32
33
35
37
41
42
45
7
11
26
29
30
32
34
38
39
42
13
19
27
30
31
33
35
38
41
44
22
26
29
32
33
35
36
40
42
44
16
24
31
34
36
37
38
43
45
48
13
20
26
33
35
36
37
42
44
47
13
18
20
21
23
24
35
39
41
42
24
28
30
31
33
34
35
39
41
42
20
24
31
34
35
37
39
43
45
48
50
