time_cost:2613ms
ontime_proportion:0.757143
max_delay:15
avg_delay:2.414286
avg_flowtime:25.700000
object function value:2285.238095
0
0
0
0
0
0
0
23
28
31
33
0
0
0
0
0
0
0
0
1
3
0
0
0
0
0
0
16
20
25
27
0
0
0
0
0
0
15
22
23
24
0
0
0
0
0
0
0
2
5
8
0
0
0
0
0
0
0
0
0
3
0
0
0
0
0
0
0
4
5
6
0
0
0
0
0
0
0
0
0
1
0
0
0
0
0
0
32
37
40
44
0
0
0
0
0
0
0
0
0
0
0
0
0
0
0
0
0
0
0
1
0
0
0
1
3
5
29
34
37
39
0
0
0
0
0
0
0
0
2
4
0
0
0
0
0
0
28
35
39
41
0
0
0
0
1
3
20
24
26
29
0
0
0
0
0
0
0
0
0
0
0
1
4
6
7
9
15
30
33
35
14
18
19
21
23
25
27
36
37
39
0
0
0
0
1
3
29
37
40
42
0
0
0
0
0
1
34
41
42
43
0
0
0
0
0
0
0
0
0
0
0
0
0
0
0
0
0
20
23
25
0
0
0
0
0
1
33
38
40
41
0
0
0
0
0
0
0
0
0
0
0
0
0
0
0
0
0
0
0
0
0
0
0
0
0
1
19
29
32
34
0
11
14
16
17
19
20
25
28
30
0
3
5
6
9
11
26
31
33
34
0
0
0
0
1
2
20
23
24
25
0
0
0
0
0
0
30
35
37
39
10
23
25
26
28
29
31
36
38
40
0
4
7
8
10
12
13
18
21
22
7
10
11
12
13
14
16
19
20
21
4
8
10
13
14
16
17
21
23
26
5
10
12
13
14
16
18
23
25
26
9
15
18
20
21
23
25
30
33
35
3
10
13
16
17
19
23
28
30
31
8
14
17
19
20
21
23
27
30
32
2
6
7
10
11
12
31
36
37
38
0
4
5
7
8
10
33
40
41
43
8
14
17
18
21
22
33
39
41
42
10
14
15
16
20
21
23
26
27
28
0
3
4
5
6
7
30
34
35
36
4
8
11
13
15
16
18
22
25
27
3
8
11
14
16
18
26
33
36
41
12
16
20
23
25
27
31
37
38
40
0
4
6
7
9
10
12
19
21
22
12
17
19
20
22
23
24
29
30
31
3
7
10
12
13
14
16
20
23
25
12
17
18
19
21
22
23
28
29
30
3
8
11
13
14
16
17
33
36
38
12
16
19
20
22
24
25
29
32
33
8
12
15
17
18
24
26
32
35
37
17
23
25
26
27
29
32
39
41
42
13
17
19
22
23
25
28
32
34
37
8
12
13
15
16
17
18
22
23
24
11
15
16
19
21
23
26
33
34
36
8
12
14
17
19
21
22
26
28
31
5
11
13
14
16
18
20
25
27
28
8
13
16
17
19
21
22
26
29
32
7
13
16
18
26
28
33
38
39
43
2
5
6
7
8
9
20
23
26
27
10
18
21
23
24
26
27
32
35
37
6
11
14
17
18
20
21
26
29
31
4
16
20
22
25
27
30
38
39
41
2
5
6
7
8
9
14
21
22
23
5
11
12
13
14
15
16
21
22
23
1
5
7
10
11
13
25
30
32
35
11
16
19
21
24
26
28
35
38
40
3
7
13
15
16
17
32
38
42
44
45
