time_cost:1213678ms
ontime_proportion:0.814286
max_delay:19
avg_delay:1.800000
avg_flowtime:25.185714
object function value:1696.666667
0
0
0
0
0
0
0
2
5
7
8
0
0
0
0
1
2
11
14
16
22
0
0
1
2
4
5
18
24
27
28
0
0
0
0
2
4
19
23
24
27
0
0
0
0
0
0
0
0
0
3
0
0
0
0
0
0
6
11
14
15
0
0
0
0
0
0
1
2
3
6
0
0
0
0
0
0
0
0
0
2
0
0
1
3
4
5
11
14
19
21
0
0
0
0
0
0
0
3
6
7
0
3
6
7
9
11
19
22
26
27
0
0
0
0
0
0
0
0
0
4
0
0
0
0
1
3
18
21
22
25
0
0
0
0
0
0
0
0
3
4
0
0
0
0
0
0
0
0
1
2
0
0
0
2
4
6
12
16
20
23
0
0
0
0
0
0
14
19
22
23
0
0
0
0
0
0
0
1
3
4
0
0
0
0
0
0
1
4
7
10
0
0
0
0
0
0
0
2
3
8
0
0
1
2
5
6
24
27
28
29
0
0
0
1
6
8
22
29
33
34
0
0
0
0
0
0
0
3
5
9
0
0
0
0
0
0
0
0
0
1
0
1
3
4
7
9
21
28
30
31
0
0
0
0
3
6
21
25
28
31
0
0
0
0
8
10
34
37
39
41
0
0
0
0
0
1
21
25
27
28
0
1
3
4
6
8
10
15
18
19
0
0
0
0
5
7
23
26
29
32
5
9
10
11
12
13
39
45
47
48
6
12
14
15
16
17
29
37
39
40
1
4
5
12
15
17
19
22
23
24
5
9
11
14
17
19
21
25
26
30
14
19
21
22
24
26
34
39
41
42
1
8
13
16
19
22
24
29
31
34
3
6
8
10
11
12
26
29
31
33
4
7
10
13
15
17
18
21
24
27
14
18
19
22
24
26
34
38
40
43
9
16
18
19
22
24
29
34
36
37
6
10
12
13
14
15
16
19
23
24
0
9
11
12
14
16
25
32
34
38
15
21
23
24
26
28
30
35
37
38
4
7
8
11
13
15
17
20
21
24
10
15
17
18
20
23
27
32
34
35
12
15
16
17
19
21
28
31
32
33
5
10
12
14
15
16
34
39
41
42
11
14
15
16
17
18
31
36
37
38
11
15
17
20
23
25
27
31
33
36
3
6
9
18
31
33
37
41
44
47
3
6
9
10
12
14
26
32
35
36
2
5
6
7
9
11
13
16
18
19
6
10
12
15
18
19
35
40
42
44
5
8
9
16
18
20
22
25
26
30
20
24
25
26
27
28
30
34
35
36
15
18
21
22
28
32
38
42
45
46
2
5
6
7
8
9
10
13
15
16
7
12
15
18
21
23
25
29
30
33
3
8
10
14
16
18
24
30
32
33
7
10
13
18
23
26
27
30
32
34
11
14
19
22
24
27
29
32
33
36
8
11
14
20
30
32
38
41
44
47
9
12
14
16
18
20
39
44
46
48
6
16
18
19
23
25
38
44
47
48
14
18
19
20
21
22
24
28
29
30
9
12
16
18
20
21
22
25
27
29
11
14
17
20
22
30
35
39
42
45
1
6
8
9
11
13
15
20
22
23
8
11
14
17
21
24
26
29
30
33
18
21
24
27
29
31
32
35
38
41
49
