time_cost:1300851ms
ontime_proportion:0.871429
max_delay:18
avg_delay:0.900000
avg_flowtime:24.385714
object function value:1098.571429
0
0
0
0
0
0
0
0
0
0
3
0
3
4
7
8
9
22
27
33
36
0
0
1
2
3
4
21
25
27
28
0
4
7
8
9
10
20
25
28
29
0
0
0
0
0
0
0
0
0
0
0
0
0
0
0
0
0
1
4
7
0
0
0
0
0
0
0
0
0
0
0
0
0
0
0
2
21
25
33
37
0
0
0
0
0
0
1
6
16
18
0
1
4
7
8
10
18
22
31
34
0
4
7
9
14
16
21
26
35
37
0
0
0
0
0
0
0
0
0
2
0
0
0
0
0
1
12
16
20
24
0
0
1
4
5
7
18
22
23
26
0
0
0
0
2
3
16
21
25
28
0
0
0
0
0
0
0
3
5
6
0
0
0
0
0
0
0
3
5
6
0
0
0
0
0
0
0
0
2
5
0
0
0
0
0
0
0
0
0
1
0
0
0
0
0
0
0
0
0
0
0
0
0
0
0
0
0
0
0
1
0
0
0
0
0
0
0
0
0
0
7
11
13
15
16
18
20
24
26
28
0
0
0
0
0
0
15
18
20
23
0
0
0
0
0
0
0
0
0
2
0
0
0
0
0
0
0
0
0
2
0
0
0
0
0
0
2
10
22
25
0
0
0
0
0
0
21
25
27
31
0
0
0
0
0
0
0
2
3
6
0
0
0
0
0
0
16
20
24
26
4
8
10
13
14
16
25
30
32
36
11
15
19
23
27
28
34
38
42
44
3
7
9
10
12
13
16
20
24
25
3
7
8
9
10
12
17
21
23
25
6
10
12
16
17
19
24
28
36
39
5
9
10
13
25
30
33
37
40
43
8
13
14
17
21
24
25
30
40
44
3
8
9
12
15
17
29
34
36
42
4
8
9
12
13
15
17
21
22
26
19
23
26
27
28
29
31
35
38
39
8
12
14
16
19
21
26
30
41
43
5
9
11
14
15
17
19
23
28
34
0
4
6
8
9
11
20
26
28
30
4
9
12
13
14
15
35
39
42
43
15
19
21
24
25
27
29
33
35
38
8
11
14
17
23
26
33
36
39
42
7
12
13
16
17
18
24
29
30
33
12
18
20
23
24
25
28
33
34
37
4
8
11
15
16
18
20
24
32
35
12
16
18
19
21
22
27
31
33
34
8
12
15
18
19
21
23
27
29
32
5
9
10
11
12
14
15
19
20
21
13
17
25
28
29
31
33
36
40
43
0
4
6
9
10
12
16
20
27
30
11
15
16
17
18
20
27
31
32
33
1
6
8
11
18
20
21
27
37
40
1
5
7
8
10
13
23
27
29
30
4
8
9
10
11
13
14
18
21
22
12
16
18
20
21
22
24
28
30
32
9
14
18
20
21
22
25
29
39
41
0
5
7
8
9
10
17
22
25
26
12
16
21
24
25
27
29
33
37
40
8
13
15
18
19
24
29
33
37
40
13
16
24
27
28
30
32
35
43
46
8
13
17
19
22
24
31
35
39
41
9
14
17
20
22
23
24
29
34
37
10
15
18
21
23
24
27
32
43
46
9
14
17
18
20
21
33
37
41
42
13
17
19
20
22
23
25
29
31
32
16
22
30
33
34
36
38
42
44
47
48
