time_cost:1092329ms
ontime_proportion:0.828571
max_delay:17
avg_delay:1.614286
avg_flowtime:24.428571
object function value:1528.571429
0
0
0
0
0
0
0
1
5
8
9
0
0
0
0
0
0
1
5
7
9
0
0
0
0
0
0
16
19
22
26
0
0
0
1
2
4
12
16
20
23
0
0
0
0
0
0
0
0
0
1
0
0
0
0
4
6
15
18
21
25
0
0
0
0
0
0
0
0
2
4
0
0
0
0
0
0
0
0
0
1
0
0
0
1
2
4
7
11
12
14
0
0
0
0
0
0
0
0
0
0
0
3
6
9
10
12
22
26
31
35
0
0
0
0
0
0
0
0
0
3
0
0
0
0
0
2
27
32
37
40
0
1
3
6
7
9
11
15
18
22
0
0
0
0
0
1
18
23
24
27
0
0
0
0
0
0
0
0
0
0
0
0
0
0
0
0
0
0
0
0
0
0
0
0
0
0
0
2
3
6
0
2
3
4
5
7
8
12
13
14
0
0
2
3
4
5
13
17
20
21
0
0
0
0
5
7
16
21
24
26
0
0
0
0
0
2
23
27
31
34
0
0
0
0
0
0
13
16
20
22
0
0
0
1
2
4
14
18
21
22
0
0
0
0
0
2
19
23
26
29
0
3
4
7
8
9
26
31
33
36
0
0
1
4
5
6
17
22
25
28
0
0
4
9
13
23
29
34
43
46
0
0
0
0
0
0
0
0
0
0
0
0
0
0
0
0
13
16
18
21
5
9
11
13
14
15
17
21
23
24
5
10
11
14
15
19
26
30
32
35
0
4
5
6
7
9
10
14
16
17
6
11
13
16
18
20
27
31
38
41
5
9
11
12
13
14
16
20
24
25
0
6
7
15
17
18
22
27
29
32
17
23
24
27
28
29
31
36
38
41
9
13
15
18
19
21
31
35
38
42
9
13
17
20
21
23
25
30
34
38
7
13
15
16
17
18
20
24
27
28
3
7
9
13
15
16
20
24
27
28
0
4
6
9
21
25
31
35
44
47
19
24
28
31
32
33
35
40
41
44
6
10
12
14
17
19
27
31
34
36
21
26
28
31
32
33
35
40
41
44
0
4
6
7
9
10
11
15
18
19
6
10
13
16
17
19
26
29
34
37
5
10
12
13
14
15
21
25
28
29
2
6
7
8
9
11
13
17
20
21
9
13
16
18
19
22
28
33
40
42
9
15
16
19
20
21
23
28
31
34
4
8
9
10
11
13
14
18
19
21
4
8
10
11
13
14
16
20
23
24
3
7
10
13
14
16
19
22
28
32
13
17
19
20
22
23
24
28
30
36
18
21
25
28
29
31
33
36
40
43
22
27
29
32
34
35
36
41
42
45
15
19
21
24
25
27
29
33
37
40
4
7
10
13
15
17
24
27
33
36
2
6
8
10
11
12
22
26
28
30
0
4
6
8
9
11
24
28
31
34
8
14
15
18
20
21
27
32
35
38
15
19
21
23
24
26
28
32
36
38
10
15
17
20
21
22
30
35
38
42
4
8
10
12
13
15
28
33
36
39
9
13
14
17
18
24
32
37
41
44
1
5
9
10
12
14
24
28
32
33
8
12
14
15
16
17
20
24
27
28
12
16
22
24
25
26
28
32
36
38
18
22
24
27
28
30
32
36
41
44
48
