time_cost:10103ms
ontime_proportion:0.742857
max_delay:16
avg_delay:1.785714
avg_flowtime:27.628571
object function value:2492.380952
0
0
0
0
0
0
0
16
20
24
25
0
0
0
0
0
0
16
20
22
25
0
0
0
0
0
2
15
21
25
28
0
0
0
1
2
4
21
25
26
29
0
0
0
0
0
0
0
0
0
1
0
0
0
0
1
3
14
24
27
30
0
0
0
0
0
0
0
0
2
4
0
0
0
0
0
0
0
0
0
1
0
0
0
1
3
6
19
23
25
26
0
0
0
0
0
0
0
0
0
0
0
3
5
8
9
11
13
17
28
31
0
0
0
0
0
0
0
0
0
3
0
0
0
0
0
1
15
20
23
26
0
1
3
6
7
9
17
21
28
32
0
0
0
0
0
1
15
20
22
25
0
0
0
0
0
0
0
0
0
0
0
0
0
0
0
0
0
0
0
0
0
0
0
0
0
0
0
2
3
6
0
2
4
5
6
8
20
24
26
27
0
0
2
3
4
5
20
24
27
28
0
0
0
0
5
7
21
26
29
32
0
0
0
0
5
7
23
28
30
33
0
0
0
0
0
0
0
16
22
24
0
0
0
1
2
4
20
24
28
29
0
0
0
0
0
2
24
28
31
34
0
3
4
7
8
9
25
30
31
34
0
0
1
4
5
6
20
25
32
35
0
0
1
4
5
6
18
23
31
34
0
0
0
0
0
0
0
0
0
0
0
0
0
0
0
0
27
30
34
37
9
13
17
18
19
20
22
26
28
29
5
9
12
16
19
23
29
33
37
40
11
15
17
18
19
21
22
26
27
28
3
7
9
12
13
15
27
31
35
38
10
14
19
20
21
22
24
28
30
31
0
5
6
9
11
12
13
18
24
27
8
13
14
17
18
19
27
32
35
38
1
5
7
10
11
13
26
31
34
39
7
11
14
17
18
26
28
32
34
37
9
13
18
19
20
21
23
27
29
30
3
7
9
10
12
13
15
19
21
22
0
4
5
8
11
13
24
28
34
38
6
11
15
19
21
26
28
33
37
40
5
9
11
13
14
15
23
27
29
31
0
6
13
16
17
18
30
35
40
43
7
11
13
14
16
17
18
22
24
28
2
5
8
11
12
14
31
34
40
43
11
15
20
21
22
23
25
29
31
32
11
16
21
22
26
30
34
38
44
45
1
5
7
9
10
12
14
18
21
23
5
10
15
19
25
28
30
35
40
43
12
17
21
22
23
25
26
30
31
32
4
10
12
13
15
16
17
21
23
24
3
6
9
12
14
16
29
32
37
40
5
9
11
12
14
15
17
21
23
24
5
8
11
14
15
17
32
35
41
44
4
9
12
15
17
18
19
24
25
30
0
4
18
21
23
28
30
34
38
41
4
9
12
15
16
19
32
36
43
46
9
13
18
20
21
22
25
29
33
35
12
16
18
23
24
26
30
34
40
42
3
8
9
14
16
17
18
23
24
32
11
15
20
22
23
25
28
32
38
41
9
14
16
20
22
28
33
38
42
45
13
17
19
24
25
28
34
38
43
45
8
12
15
18
20
24
30
34
37
40
8
12
18
19
25
30
33
37
43
44
13
17
20
23
25
26
32
36
40
41
7
12
19
21
22
24
26
30
32
34
0
4
6
9
17
21
32
36
41
44
47
