time_cost:6404ms
ontime_proportion:0.714286
max_delay:17
avg_delay:2.014286
avg_flowtime:26.128571
object function value:2728.095238
0
0
0
0
0
0
0
0
0
0
0
0
0
0
0
0
0
0
4
6
8
0
0
0
0
0
0
0
0
0
0
0
0
0
0
0
0
0
0
0
1
0
1
3
4
6
7
19
24
26
27
0
0
0
0
0
0
0
0
1
3
0
0
0
0
0
0
2
4
6
8
0
0
0
0
0
1
13
17
20
23
0
0
0
0
1
3
29
34
36
37
0
1
4
6
7
9
17
22
25
27
0
0
0
0
0
1
13
17
22
24
0
0
2
3
5
6
22
26
28
29
0
0
0
0
0
0
0
2
5
9
0
0
0
0
0
0
0
0
0
0
0
0
0
0
0
2
30
36
38
39
0
0
0
0
0
0
21
25
27
31
0
0
0
0
0
0
0
0
0
0
0
0
1
2
3
4
26
31
32
33
0
0
1
4
5
7
14
19
22
25
0
0
1
2
3
4
21
25
26
27
0
3
4
6
9
11
25
29
30
32
0
0
0
0
0
0
0
2
4
5
0
0
0
0
0
0
0
2
3
5
0
0
0
0
0
0
23
28
29
31
0
5
8
10
11
13
16
28
31
33
0
2
4
7
8
10
15
22
24
27
0
0
0
0
1
3
16
24
27
29
0
0
0
0
0
0
15
18
21
22
0
0
0
0
0
0
0
1
2
3
0
0
0
0
0
1
17
27
30
32
4
8
11
13
14
15
17
24
27
29
8
13
15
16
18
20
22
27
29
30
10
19
20
21
22
23
28
33
34
35
11
14
15
16
17
18
20
23
24
25
6
10
13
14
16
18
19
30
33
34
9
15
16
18
20
22
23
27
28
30
8
15
18
20
21
23
24
29
30
32
13
20
22
23
24
25
31
35
36
37
11
18
21
22
23
24
30
36
37
38
5
9
11
14
15
17
18
22
27
30
5
9
11
12
15
16
18
22
24
25
0
5
8
10
11
13
25
30
33
35
4
9
12
14
17
19
23
38
41
43
3
8
11
13
14
20
25
30
33
35
6
12
15
16
18
20
21
32
35
36
14
20
23
24
25
27
32
37
38
40
12
17
20
21
22
23
24
28
29
30
1
11
14
16
20
22
26
38
41
43
1
6
9
11
13
15
35
41
44
46
12
16
20
21
23
24
28
31
32
34
2
15
18
20
21
23
27
33
36
38
14
21
23
24
25
26
32
36
37
38
3
11
16
18
19
21
22
28
31
33
1
5
7
11
12
14
27
31
35
38
13
19
22
23
26
29
34
38
39
40
5
15
18
21
23
25
34
40
43
45
3
11
13
16
17
19
20
26
30
33
9
18
21
23
27
31
36
41
44
46
0
4
5
6
7
8
28
33
34
35
3
7
9
10
12
13
15
19
21
29
10
14
16
17
19
20
22
26
28
34
14
21
24
25
26
27
34
37
38
39
7
13
15
18
28
32
37
44
46
49
8
16
18
20
24
26
30
34
35
39
11
16
18
20
24
26
27
33
34
36
7
11
13
14
16
17
19
23
25
26
7
13
16
18
23
24
27
32
36
40
10
18
20
22
30
33
38
44
46
48
16
21
23
25
27
29
35
39
40
41
9
16
18
21
28
31
37
43
45
48
50
