time_cost:2421ms
ontime_proportion:0.642857
max_delay:21
avg_delay:4.185714
avg_flowtime:29.942857
object function value:3569.523810
0
0
0
0
0
0
2
27
38
46
49
0
0
0
0
0
0
0
0
1
4
0
0
0
0
0
0
18
34
42
43
0
0
0
0
0
2
20
31
36
40
0
0
0
0
0
0
14
29
35
36
0
0
0
0
0
0
10
16
18
20
0
0
0
0
0
0
1
2
3
6
0
1
4
7
11
13
15
29
37
40
0
0
2
3
5
7
27
36
49
50
0
0
0
0
0
0
0
0
2
3
0
0
0
1
2
4
10
17
27
30
0
0
0
3
4
6
13
20
30
33
0
0
0
0
0
0
0
0
0
0
0
0
0
0
0
0
0
0
0
0
0
0
0
0
0
0
0
0
0
0
0
0
0
0
0
0
0
0
22
25
0
0
0
0
2
4
12
17
21
22
0
0
0
2
4
5
16
33
39
42
0
0
2
5
6
8
9
14
18
21
0
0
0
0
0
0
0
6
8
10
0
0
0
0
0
1
21
33
40
44
0
0
0
0
0
0
3
18
29
32
0
0
0
0
0
0
0
4
19
23
0
0
0
0
0
0
0
0
2
3
0
0
0
0
0
0
16
31
39
42
0
0
0
0
0
0
8
14
17
21
0
0
0
0
1
3
20
32
40
42
0
0
0
0
0
0
0
0
0
2
0
0
0
1
3
4
15
32
39
40
0
2
5
6
7
9
10
17
21
22
13
20
30
33
34
36
37
40
45
48
13
21
32
35
36
38
40
43
44
47
0
3
19
22
23
24
25
31
36
39
6
11
13
16
18
19
20
24
26
31
0
3
7
8
9
11
12
26
33
34
7
12
16
17
19
21
22
28
34
35
7
11
14
17
18
20
21
26
34
37
9
14
16
19
20
22
24
27
28
31
5
10
12
14
16
17
19
24
26
27
12
19
30
34
35
36
37
40
42
45
0
4
5
7
8
10
11
17
19
21
5
9
13
16
17
18
19
22
24
27
2
6
9
10
12
14
16
23
26
27
4
7
10
16
18
20
21
26
33
36
3
6
7
11
14
20
22
26
43
46
5
8
11
14
15
17
18
23
26
29
4
10
12
15
16
17
18
21
23
26
10
17
21
24
26
27
28
32
38
41
0
3
5
8
9
10
11
16
20
23
6
12
15
20
24
26
27
33
42
45
0
3
4
7
9
11
15
21
36
39
6
11
14
15
16
19
20
23
26
27
7
13
16
19
21
23
24
34
43
46
4
9
11
12
14
15
17
22
24
25
5
10
13
16
18
19
20
24
27
30
4
7
8
12
19
21
23
34
41
44
1
7
10
13
15
16
17
21
23
29
1
5
7
10
12
13
15
31
36
39
8
15
17
18
21
22
23
29
35
38
7
12
15
18
20
21
22
26
29
32
4
7
10
13
14
16
17
20
23
26
1
5
6
8
10
12
14
31
36
40
12
18
27
30
31
33
34
37
42
45
9
15
18
19
22
23
24
39
48
49
0
18
32
35
36
38
39
42
45
48
13
26
31
34
35
37
38
41
45
48
3
6
7
10
13
15
17
23
39
42
2
7
10
11
12
14
24
35
48
49
9
15
18
21
23
24
25
29
33
36
14
28
35
36
38
40
41
44
47
48
51
