time_cost:1064905ms
ontime_proportion:0.857143
max_delay:18
avg_delay:1.214286
avg_flowtime:23.185714
object function value:1201.428571
0
0
0
0
0
0
0
1
4
6
7
0
0
0
0
0
1
4
9
12
13
0
0
0
0
0
0
0
0
0
1
0
0
0
0
1
3
4
8
10
11
0
0
1
4
5
6
7
11
14
18
0
0
0
0
0
1
16
19
24
25
0
0
0
0
0
1
14
19
22
24
0
0
1
4
5
7
9
13
14
17
0
5
6
8
9
10
13
18
20
22
0
0
0
0
0
0
14
17
19
21
0
0
0
0
0
0
0
0
0
1
0
0
1
3
4
5
14
18
21
23
0
0
0
0
0
0
0
0
0
0
0
0
0
0
1
2
6
12
15
18
0
1
4
5
6
7
16
19
24
26
0
0
0
0
0
0
6
10
11
15
0
0
0
0
0
0
0
0
2
4
0
0
0
0
0
2
6
12
13
16
0
0
0
0
0
4
17
21
25
26
0
0
0
0
0
0
0
0
3
5
0
0
0
0
0
0
0
0
0
0
0
0
0
0
0
0
0
0
1
3
0
0
0
0
0
0
0
0
0
0
0
0
0
0
1
4
17
21
23
25
0
0
0
0
1
2
17
20
26
27
0
0
0
0
0
0
0
2
4
5
0
0
1
3
4
5
16
20
23
25
0
0
0
0
0
0
0
2
5
6
0
1
3
5
6
7
18
22
27
29
0
0
0
2
3
5
18
22
25
27
10
13
18
19
20
21
22
25
28
29
8
13
16
19
20
21
22
26
29
32
14
17
18
20
21
22
23
26
28
30
8
16
19
22
23
24
25
29
32
35
3
6
8
9
10
11
12
15
17
19
0
5
6
9
10
11
18
23
25
29
13
18
21
24
25
26
28
33
34
37
12
17
20
22
23
24
25
31
33
35
14
18
19
21
22
23
24
28
31
33
0
3
4
6
7
8
18
21
23
25
6
10
11
14
15
17
19
23
25
28
11
16
22
25
26
27
29
34
37
40
5
10
11
14
15
16
19
24
27
30
5
10
11
13
14
15
20
25
28
30
15
20
25
28
29
30
32
37
38
41
2
6
9
12
13
14
26
32
39
42
5
19
22
23
24
25
26
29
35
36
11
14
26
28
29
30
31
34
37
39
19
23
29
30
31
32
33
36
40
41
12
16
18
19
20
22
23
27
30
31
11
19
30
32
33
34
35
38
41
43
0
9
12
15
16
17
26
35
41
44
7
11
14
17
18
19
20
24
28
31
4
7
9
10
11
12
21
24
30
31
2
7
9
10
12
14
30
35
37
38
10
14
17
20
21
23
25
29
31
34
21
27
33
34
35
36
37
40
45
46
3
8
9
11
12
13
29
35
43
45
21
24
32
33
34
35
36
39
42
43
20
23
30
31
33
35
36
39
44
45
10
14
15
18
19
21
23
27
31
34
1
6
7
9
10
11
33
38
43
45
11
16
17
20
22
23
25
30
31
34
2
7
8
10
11
13
24
29
34
36
23
30
36
37
38
39
40
43
46
47
2
6
7
11
12
14
24
28
34
37
20
23
35
37
38
39
40
43
45
47
0
4
6
7
8
9
34
41
45
46
10
14
25
26
27
29
30
34
36
37
7
12
20
23
24
25
27
32
34
38
48
