time_cost:2305ms
ontime_proportion:0.657143
max_delay:14
avg_delay:2.514286
avg_flowtime:23.514286
object function value:3212.380952
0
0
0
0
0
0
0
0
1
4
5
0
2
3
6
7
8
15
24
26
29
0
0
0
0
0
0
0
0
0
0
0
0
0
0
0
0
0
0
0
0
0
0
1
2
3
5
24
30
32
33
0
0
0
0
0
0
0
0
0
0
0
0
0
0
0
0
0
0
0
0
0
0
0
0
0
0
0
1
2
5
0
0
0
0
0
1
10
13
16
18
0
0
0
0
0
1
12
18
21
22
0
0
2
3
5
6
28
34
38
39
0
0
0
0
1
3
11
17
22
25
0
0
0
0
0
0
0
0
0
3
0
0
0
0
0
0
29
33
37
41
0
0
0
1
3
5
23
29
31
32
0
0
1
4
5
6
26
33
34
37
0
0
0
0
0
0
0
0
0
0
0
0
0
1
2
3
6
9
13
14
0
3
6
9
10
11
20
26
29
32
0
0
0
0
0
0
0
0
3
6
0
0
1
2
4
6
14
19
30
31
0
0
0
0
0
0
0
0
1
3
0
0
0
0
0
0
27
30
35
37
0
0
0
0
1
3
19
23
24
27
0
0
0
0
0
0
0
0
0
0
0
0
0
0
0
0
0
0
0
2
0
0
0
3
5
6
28
33
36
39
0
0
0
1
3
5
11
15
18
21
0
0
0
0
0
1
23
29
31
34
0
0
0
0
0
1
28
32
36
39
4
8
11
13
15
16
32
37
39
41
9
14
15
17
18
19
23
28
31
33
10
16
17
19
20
21
27
31
33
35
0
5
6
8
9
10
20
25
27
29
9
12
14
16
18
20
25
30
32
34
23
27
30
31
32
33
34
37
40
41
15
22
25
27
28
29
30
34
36
38
3
6
8
9
11
13
14
18
20
23
11
16
19
22
23
25
28
32
33
36
6
10
12
13
14
16
17
21
25
26
3
8
9
12
13
14
15
20
21
23
10
17
18
20
21
22
23
28
29
31
1
18
20
21
23
25
31
35
37
39
7
11
13
17
18
19
24
28
30
32
1
5
6
9
10
12
14
18
19
23
10
14
17
20
21
22
23
27
33
36
19
24
27
30
31
33
35
39
40
43
8
12
14
15
16
18
19
23
27
28
7
12
13
16
19
20
31
36
38
42
18
23
25
28
29
30
32
37
38
41
7
10
13
14
16
18
20
25
28
29
5
9
10
12
13
14
15
19
20
22
0
5
6
9
10
11
13
18
22
25
5
10
11
14
15
16
18
23
24
27
6
10
15
18
19
21
23
27
30
33
3
7
10
13
14
15
16
20
23
26
12
15
18
19
20
21
26
32
36
37
2
5
8
9
10
11
12
15
18
20
8
20
22
23
25
27
28
31
33
34
7
11
14
16
17
18
22
26
28
30
2
6
11
14
16
17
20
24
35
38
9
13
16
17
18
19
20
24
29
30
5
9
10
12
13
14
28
33
34
37
2
8
14
15
16
18
21
25
29
31
3
7
9
13
14
15
25
29
32
36
14
18
20
21
22
24
26
30
34
36
17
21
22
24
25
26
31
35
37
39
3
7
8
11
12
14
16
20
21
24
5
10
12
13
14
15
16
22
24
25
18
22
26
29
30
31
32
36
39
42
44
