time_cost:1141000ms
ontime_proportion:0.857143
max_delay:15
avg_delay:1.257143
avg_flowtime:21.600000
object function value:1148.571429
0
0
0
0
3
4
6
13
17
19
22
0
0
0
0
0
0
0
0
0
1
0
0
0
0
0
1
11
14
15
17
0
0
0
0
0
0
4
9
12
14
0
0
0
0
0
0
0
0
2
4
0
0
0
0
0
0
0
0
3
6
0
0
0
0
0
0
0
0
0
2
0
0
1
3
4
6
18
25
28
30
0
0
0
0
0
1
8
12
13
15
0
0
0
0
0
0
0
0
0
0
0
0
0
0
0
0
0
2
5
7
0
2
4
5
7
8
23
28
30
31
2
4
5
7
8
9
17
20
22
23
0
0
0
0
1
2
17
21
24
26
0
0
0
0
0
0
0
0
1
2
0
0
0
0
0
0
14
19
22
24
0
0
0
0
0
0
0
0
0
0
0
0
0
0
1
2
6
10
11
14
0
1
4
6
7
9
15
21
24
26
0
0
0
0
0
0
0
0
0
0
0
0
0
0
0
0
0
0
0
1
0
0
0
0
0
0
0
0
0
1
0
4
5
7
8
10
16
21
22
24
0
0
0
0
0
0
0
1
6
9
0
0
0
0
0
0
0
0
0
0
0
0
0
0
0
0
0
0
0
0
0
0
0
0
0
0
0
1
3
5
0
0
0
0
0
0
14
19
22
23
0
1
4
6
7
8
18
23
26
28
0
0
0
0
0
0
0
1
2
4
10
15
18
20
21
23
24
29
32
34
1
6
9
11
12
14
27
33
36
38
12
17
20
22
23
25
27
33
36
38
0
4
7
9
10
11
20
25
29
31
1
6
11
13
15
17
22
28
31
33
1
5
8
10
11
12
23
30
33
35
0
3
4
5
6
7
12
15
16
17
6
10
13
14
16
18
26
32
35
37
4
8
11
12
16
20
27
36
39
40
1
5
7
8
10
18
27
36
38
39
6
11
14
16
17
20
30
38
41
43
8
11
12
13
14
15
17
22
23
24
18
22
25
26
28
30
31
36
39
40
15
20
22
23
25
26
28
34
36
37
8
13
16
18
19
21
22
27
30
32
3
7
9
12
13
15
21
26
28
31
4
14
17
19
20
22
23
30
33
35
6
9
10
11
12
13
15
20
21
22
9
26
28
29
30
32
34
41
43
44
17
23
26
28
29
30
32
36
39
41
1
7
9
12
13
15
20
26
28
29
5
9
11
14
15
17
21
28
30
33
4
9
11
12
14
15
19
25
27
28
13
21
24
26
27
29
31
39
42
44
7
11
14
15
17
19
25
31
34
35
9
12
13
14
15
17
24
30
31
32
4
9
10
11
12
13
15
19
20
21
10
16
19
21
22
24
25
31
34
37
5
8
9
10
11
12
20
24
26
27
13
19
21
22
24
25
31
39
41
42
12
16
19
20
23
25
29
35
38
39
0
3
4
5
6
7
10
13
14
16
13
18
21
23
24
26
27
34
37
39
8
16
19
21
22
24
25
31
34
36
1
4
6
8
10
16
23
28
29
30
3
6
7
8
9
10
18
22
23
25
7
13
16
18
19
21
22
28
31
33
11
15
16
17
18
19
20
24
25
26
9
13
15
16
18
19
27
34
36
37
19
24
26
29
30
32
33
37
39
42
45
