time_cost:7861ms
ontime_proportion:0.685714
max_delay:16
avg_delay:2.557143
avg_flowtime:29.128571
object function value:3113.809524
0
0
0
0
0
0
0
19
34
36
39
0
0
0
0
0
1
15
22
26
29
0
0
0
0
0
0
11
16
18
21
0
0
0
0
0
0
22
29
32
33
0
2
3
5
6
8
26
36
39
41
0
0
0
0
0
0
0
0
1
2
0
0
0
0
2
3
13
21
28
31
0
0
0
0
0
1
14
30
33
36
0
0
0
0
0
1
16
31
35
38
0
0
0
1
3
4
12
21
23
26
0
0
0
0
0
1
13
23
25
26
0
0
0
0
0
0
0
2
4
5
0
16
19
20
21
23
24
27
30
31
0
0
0
0
0
0
0
0
0
0
0
0
0
0
0
0
0
0
0
2
0
0
0
0
0
0
0
0
1
4
0
0
0
1
2
4
18
33
36
39
0
4
6
9
11
12
19
29
31
34
0
0
0
0
0
0
25
33
37
40
0
0
0
1
3
4
15
23
25
26
0
0
0
0
0
0
0
0
0
2
0
0
0
0
0
0
0
0
0
0
0
0
0
0
0
0
0
0
2
5
0
0
0
0
0
0
0
0
0
0
0
0
1
2
4
5
15
24
26
27
0
0
0
0
0
0
16
23
26
29
0
2
5
6
7
9
13
26
29
30
0
0
0
0
0
0
15
32
34
36
0
0
0
0
0
0
0
0
2
3
0
0
0
0
0
0
0
0
0
0
1
6
8
9
11
12
15
25
27
28
5
9
11
14
16
17
23
31
33
38
9
14
16
17
19
20
21
25
27
28
6
13
15
16
18
19
20
26
28
29
0
8
10
11
13
14
18
27
29
30
1
7
9
10
12
13
17
27
29
32
2
5
14
17
22
24
25
36
39
42
9
13
16
19
22
24
28
37
40
43
1
5
7
10
12
15
24
32
35
40
5
11
13
14
16
17
19
24
26
27
4
8
11
12
14
16
18
22
25
26
2
5
9
12
13
16
25
34
38
43
5
9
14
19
21
22
23
30
32
35
12
19
22
25
26
27
28
32
34
37
6
10
13
20
21
23
27
35
41
44
4
8
14
19
20
22
23
34
37
41
11
19
22
23
24
26
27
36
39
40
0
3
6
9
10
12
20
33
40
43
9
14
17
20
23
25
27
37
41
45
4
11
13
16
18
19
21
28
30
34
9
15
18
21
24
26
28
38
43
46
3
7
9
12
14
15
16
29
31
34
7
14
16
17
19
20
21
25
27
30
7
13
15
18
20
21
23
28
30
31
12
20
24
25
29
31
32
43
47
48
9
16
19
22
25
27
30
38
44
47
5
9
11
14
16
18
19
23
26
31
0
11
14
15
17
19
21
25
28
29
10
17
20
23
27
29
30
40
44
47
9
13
17
20
23
25
26
37
40
43
12
18
21
22
27
29
30
40
43
44
8
15
18
21
25
27
29
40
44
47
6
11
13
17
19
23
25
39
44
45
2
6
8
13
15
16
17
21
23
26
1
5
7
10
12
13
14
30
32
35
12
21
23
26
29
31
33
44
47
50
12
18
21
24
27
29
31
41
47
50
10
18
20
21
28
29
30
41
43
44
12
20
21
23
26
28
29
39
42
44
5
11
14
15
19
21
30
41
46
47
51
