time_cost:2630ms
ontime_proportion:0.757143
max_delay:14
avg_delay:1.514286
avg_flowtime:23.485714
object function value:2211.428571
0
0
0
0
1
3
5
17
30
32
33
0
0
0
0
0
0
0
0
0
1
0
0
0
0
0
0
0
0
0
0
0
0
0
0
0
1
22
27
29
32
0
0
0
0
0
0
0
0
0
2
0
0
0
0
0
0
0
8
13
19
0
0
0
1
2
3
30
35
40
43
0
0
0
0
0
0
0
2
3
5
0
0
0
0
0
1
28
32
37
40
0
0
0
0
0
0
0
0
3
6
0
0
0
0
0
0
0
0
0
0
0
0
0
1
2
6
24
32
33
36
0
0
0
0
0
0
0
0
1
2
0
0
0
0
0
0
0
2
10
13
0
0
0
0
0
0
14
21
23
24
0
0
0
0
0
0
0
0
0
0
0
0
0
0
0
0
10
20
22
24
0
0
1
3
4
5
23
32
33
37
0
0
0
1
2
3
16
25
28
29
0
0
0
0
0
0
13
24
25
27
0
0
0
0
0
0
29
32
35
36
0
0
0
0
1
2
11
15
19
22
0
0
0
0
0
0
19
24
27
29
0
0
0
0
0
0
27
33
36
37
0
0
1
3
5
6
25
33
35
38
9
13
16
17
18
20
22
26
28
29
0
0
0
0
0
0
0
0
0
0
0
1
9
12
13
14
15
19
22
25
0
0
0
0
1
3
31
36
39
41
0
0
0
0
0
0
26
30
32
35
1
5
7
8
9
11
18
22
25
26
6
10
13
16
17
19
21
25
26
29
5
10
11
14
15
16
18
23
24
27
19
22
24
25
27
29
30
33
36
38
4
7
10
11
12
14
15
18
20
21
2
5
6
8
9
10
11
18
19
21
4
7
9
11
12
13
14
17
18
21
1
5
7
9
14
19
23
30
32
34
0
6
7
11
14
15
22
29
30
33
17
22
24
27
28
30
32
36
37
40
5
8
12
13
14
15
16
20
23
24
7
12
16
19
20
21
26
31
33
36
21
26
29
31
32
33
34
39
40
42
13
16
18
20
21
22
25
28
31
33
7
11
13
14
16
18
19
22
24
25
4
8
10
11
12
14
15
19
21
22
0
4
6
7
8
10
12
16
21
22
6
9
11
13
15
16
28
31
35
37
8
11
13
15
16
18
31
34
37
39
1
4
5
8
10
11
17
28
29
32
7
11
15
16
17
18
19
23
26
27
1
6
7
10
11
12
14
19
20
23
9
13
16
17
19
20
21
27
30
31
10
14
17
18
20
21
22
28
31
32
5
9
12
15
16
17
18
22
25
28
8
13
15
16
18
19
20
25
27
28
5
9
11
12
13
14
15
18
20
21
10
14
16
18
19
21
22
26
29
31
4
7
9
11
12
13
14
17
19
20
10
14
17
19
21
23
26
29
34
35
1
4
6
7
9
11
12
15
17
21
5
10
11
13
14
15
16
21
22
24
3
6
8
12
15
17
27
30
36
37
1
5
6
9
10
16
24
28
31
34
0
3
4
6
7
8
10
17
18
20
8
12
14
15
18
20
22
26
28
29
1
4
5
7
8
9
10
13
14
16
4
7
9
10
11
12
13
16
18
19
7
11
14
15
17
18
19
24
27
28
11
19
22
23
24
25
26
31
34
35
44
