time_cost:1092411ms
ontime_proportion:0.742857
max_delay:18
avg_delay:2.914286
avg_flowtime:25.600000
object function value:2424.761905
0
0
0
0
0
0
0
0
0
0
1
0
0
0
0
0
0
0
6
9
12
0
0
0
1
3
4
19
23
27
28
0
0
0
0
0
0
29
33
36
37
0
0
0
1
3
5
9
13
16
17
0
0
0
2
5
8
28
33
34
37
0
0
0
0
0
4
32
37
40
42
0
0
3
5
6
7
30
36
39
41
0
0
0
0
2
3
29
33
34
38
0
0
0
0
0
2
32
39
42
45
0
0
0
0
0
0
0
0
0
1
0
0
0
0
0
2
3
9
12
14
0
0
0
0
0
0
0
1
3
6
0
0
0
0
0
0
0
0
0
1
0
0
2
3
4
6
10
25
27
28
0
0
7
9
11
15
33
40
43
45
0
5
8
10
11
13
36
42
45
47
0
0
0
0
2
3
20
25
27
29
0
0
0
0
3
6
31
37
40
43
0
0
0
0
0
0
0
5
7
9
0
0
0
0
0
0
0
4
6
7
0
4
6
9
10
12
16
20
22
25
0
0
0
0
0
0
0
0
0
0
0
0
0
0
2
4
8
16
19
20
0
0
0
0
0
0
0
0
0
0
0
0
0
0
0
1
23
29
31
32
0
0
0
0
0
0
0
0
0
2
0
0
0
0
1
2
8
17
18
19
0
0
0
0
0
0
17
22
24
25
0
0
0
0
0
1
32
36
39
42
11
15
16
18
19
21
22
26
28
30
17
22
25
27
28
30
32
37
40
42
9
13
16
18
19
20
22
26
29
31
3
7
9
10
12
13
15
19
21
22
17
22
25
27
29
31
32
39
42
44
15
20
23
25
26
28
31
36
39
41
0
3
4
6
7
8
28
31
32
33
13
18
20
23
24
26
28
32
34
37
4
7
8
9
10
11
13
18
19
20
7
17
20
22
26
28
36
42
45
47
12
16
23
26
27
29
32
39
41
44
8
13
16
18
20
22
23
28
31
33
12
18
21
23
24
26
27
34
37
39
0
4
5
6
7
9
37
44
45
46
4
9
12
14
15
17
18
23
27
29
3
8
11
13
14
16
17
22
25
28
8
12
13
15
16
18
20
24
26
28
5
8
9
10
11
12
14
19
20
21
0
3
4
5
6
7
12
16
17
18
7
11
14
16
17
18
20
25
28
30
0
5
7
8
9
11
20
27
29
30
13
17
18
20
21
23
27
31
32
35
12
20
22
23
24
26
35
42
44
45
12
16
18
21
22
24
25
29
31
34
24
28
30
31
33
34
36
40
42
44
2
7
9
11
12
14
22
30
32
33
5
9
11
14
17
19
23
33
35
38
19
25
26
27
28
29
31
35
36
39
4
9
10
11
13
15
26
30
31
36
4
9
12
14
15
17
18
26
29
31
15
20
21
23
24
26
28
32
33
35
7
12
15
17
18
20
21
26
29
31
5
11
14
16
17
19
23
29
34
36
0
4
6
7
9
10
16
21
23
24
13
18
20
21
22
24
27
34
37
38
4
8
9
11
12
14
16
21
25
27
8
14
17
19
21
23
24
34
37
39
28
32
33
34
35
36
37
41
42
43
9
14
17
19
20
22
26
32
36
40
25
29
30
31
32
33
36
40
41
44
48
