time_cost:1057948ms
ontime_proportion:0.800000
max_delay:24
avg_delay:2.485714
avg_flowtime:26.400000
object function value:1880.000000
0
0
0
0
0
0
1
17
21
23
25
0
0
0
0
0
0
0
0
0
0
0
0
0
0
5
7
33
40
43
46
0
0
0
0
0
1
21
27
28
29
0
0
0
0
8
11
26
31
34
35
0
0
0
0
0
0
0
4
7
10
0
0
0
2
4
6
19
23
24
26
0
0
0
0
0
0
21
26
28
29
0
0
0
0
0
0
13
18
21
22
0
0
0
0
1
3
12
18
20
21
0
0
1
3
4
6
32
40
43
45
0
0
1
3
4
6
13
18
21
23
0
0
0
0
0
0
0
0
2
3
0
0
2
4
6
10
22
28
31
33
0
0
0
0
0
0
0
1
4
6
0
0
0
0
0
0
0
3
4
6
0
0
0
0
0
0
0
0
0
4
0
0
0
0
0
0
13
17
20
23
0
0
0
0
3
5
16
21
24
28
0
0
0
0
2
4
12
19
24
26
0
0
0
0
0
0
17
21
23
24
0
0
0
0
2
4
13
18
20
23
0
0
0
0
1
3
14
19
20
22
0
0
0
0
1
7
22
25
26
28
0
0
0
0
0
0
0
0
0
1
0
0
0
1
6
9
23
28
30
36
0
0
0
0
0
0
13
17
19
22
0
0
0
0
0
0
0
0
1
4
0
0
0
0
0
0
0
0
2
3
0
0
0
0
1
2
9
12
13
16
4
14
17
19
20
22
25
30
33
37
5
9
11
12
14
15
17
26
28
29
10
15
16
18
23
25
37
46
47
49
1
7
9
10
19
21
27
34
36
37
17
22
25
27
28
30
31
37
40
42
9
14
16
17
19
20
27
33
35
36
9
16
18
21
22
24
25
30
32
35
2
9
12
14
15
17
21
28
31
33
29
36
38
39
42
43
45
49
51
52
12
16
19
21
22
23
25
29
32
34
11
15
17
20
23
25
29
34
36
39
6
11
14
16
17
19
21
27
30
32
13
17
18
20
21
23
30
37
38
40
7
12
18
20
23
25
34
42
45
47
8
13
15
16
17
19
21
26
28
29
20
25
27
28
29
31
33
38
40
41
6
10
13
14
16
18
19
24
27
28
8
23
26
28
30
32
35
43
46
48
5
10
12
13
17
19
38
50
52
53
2
6
7
9
10
12
17
21
22
24
28
34
37
38
40
42
43
47
50
51
2
5
6
7
8
9
17
20
21
22
23
30
33
35
36
38
39
45
48
50
10
15
17
18
20
21
36
43
45
46
4
8
10
11
13
14
26
32
34
35
6
11
13
16
21
23
26
32
35
38
27
34
37
38
40
42
43
47
50
51
3
7
9
12
13
15
17
21
23
26
0
4
6
9
10
12
29
38
40
43
25
31
34
35
37
39
40
44
47
49
1
5
7
8
10
11
30
35
37
38
1
4
5
6
7
8
10
13
14
15
4
8
10
13
14
16
31
40
42
45
7
12
15
17
18
20
26
33
36
38
2
6
8
11
12
14
15
19
21
24
13
17
18
19
21
22
38
48
49
50
3
8
11
13
14
16
17
23
26
28
5
9
11
14
15
17
18
22
24
27
1
5
7
10
11
13
21
25
27
30
8
13
16
18
19
21
22
27
30
32
54
