time_cost:1056225ms
ontime_proportion:0.757143
max_delay:20
avg_delay:2.328571
avg_flowtime:26.757143
object function value:2320.476190
0
0
0
1
4
5
7
18
24
25
28
0
0
0
0
0
0
0
0
1
5
0
0
1
3
4
6
11
17
27
30
0
0
0
0
0
0
0
0
0
0
0
0
0
0
0
0
0
0
0
0
0
0
0
0
0
0
1
5
6
8
0
0
0
0
0
0
0
0
0
1
0
0
0
1
3
4
12
22
25
26
0
0
0
0
0
0
0
0
0
2
0
0
0
0
0
1
12
21
24
27
0
0
0
0
1
3
9
16
19
22
0
0
0
0
0
0
18
26
29
32
0
0
0
0
0
0
10
14
17
22
0
0
0
0
0
2
24
29
34
37
0
0
0
0
0
0
0
0
0
2
0
0
0
0
0
0
4
8
10
13
0
0
0
0
3
4
15
24
27
28
0
0
0
0
0
0
0
1
3
4
0
0
0
0
1
3
10
18
21
24
0
0
0
0
0
1
16
26
30
31
0
0
0
0
0
1
11
22
24
25
0
2
4
7
8
9
24
32
37
40
0
0
0
0
0
0
20
29
31
40
0
3
4
7
8
10
25
35
37
40
0
0
0
0
1
3
30
39
43
46
0
1
2
4
5
7
8
12
13
15
0
0
0
0
0
0
0
0
1
3
0
0
0
0
0
0
0
0
0
0
0
0
0
0
0
0
0
1
3
6
0
0
0
0
0
0
15
24
27
30
7
11
14
18
19
21
28
38
44
47
2
8
13
16
18
19
24
34
36
37
0
3
8
11
12
13
16
24
26
29
1
4
7
10
11
13
14
17
20
23
8
14
17
18
20
22
24
32
37
42
3
6
9
12
14
16
19
35
38
41
1
4
5
8
9
11
13
19
30
33
5
10
13
14
16
17
19
27
30
31
7
11
14
19
23
25
30
41
46
49
6
10
13
16
17
19
20
26
29
32
2
6
7
9
10
12
13
17
18
20
5
9
12
14
20
22
23
38
41
42
9
15
17
20
22
23
24
29
32
34
2
5
8
11
12
14
15
18
21
24
5
8
12
13
14
16
17
21
24
25
12
20
22
25
26
27
28
31
34
37
15
23
26
29
30
32
33
36
39
42
4
7
11
12
13
15
16
26
29
30
9
15
18
21
22
24
25
35
38
41
22
31
34
37
38
40
41
44
47
50
5
9
11
14
15
16
18
25
28
31
20
27
29
32
34
35
36
40
43
47
21
29
33
36
37
39
40
43
46
49
6
13
15
18
19
20
21
31
33
36
0
3
9
12
13
14
17
29
31
34
0
5
8
12
16
17
19
39
41
43
7
13
16
17
20
22
23
38
42
43
3
7
8
11
13
15
16
24
25
27
3
7
12
15
16
18
19
32
36
39
10
18
21
22
23
25
26
29
33
34
10
19
21
22
24
25
27
34
38
39
1
7
10
12
16
18
28
39
42
44
13
21
24
27
28
30
31
36
39
42
5
10
12
13
15
16
18
33
35
36
7
12
14
17
19
20
21
25
31
38
6
12
15
16
18
20
22
33
36
37
8
14
17
20
21
24
27
36
40
43
10
17
19
20
22
23
25
30
32
33
0
5
7
8
10
11
13
20
22
23
15
21
23
26
27
28
29
36
40
43
51
