time_cost:949390ms
ontime_proportion:0.828571
max_delay:22
avg_delay:1.814286
avg_flowtime:23.171429
object function value:1486.666667
0
0
0
0
0
0
0
0
0
1
4
0
0
0
0
0
0
0
0
0
1
0
0
0
0
0
0
0
0
0
1
0
0
0
0
0
0
0
3
6
7
0
0
0
2
3
5
11
16
19
22
0
0
0
0
0
0
0
0
0
1
0
0
0
0
0
0
0
0
0
0
0
0
0
0
0
1
6
12
13
15
0
0
0
0
0
1
9
17
20
21
0
0
0
0
0
0
0
1
3
6
0
0
0
0
0
0
13
20
22
25
0
3
5
6
8
9
23
30
32
33
0
0
0
0
0
0
0
1
3
4
0
0
0
1
3
4
24
32
34
35
0
0
0
0
0
1
12
15
16
19
0
0
0
0
0
0
0
0
0
0
0
0
0
0
2
3
13
22
24
25
0
0
3
5
6
8
14
21
24
27
0
0
0
0
0
0
0
2
5
7
0
0
0
0
0
0
0
0
1
4
0
0
0
0
1
2
11
15
16
17
0
0
0
0
0
0
0
0
0
0
0
9
12
17
18
20
21
27
30
32
0
2
4
7
8
10
16
20
22
25
0
0
0
0
0
1
17
24
26
28
0
0
1
2
4
5
19
24
26
27
0
0
0
0
0
0
0
0
0
2
0
0
0
0
0
0
0
0
0
0
0
0
0
0
0
0
0
0
0
0
0
0
0
0
1
3
17
22
25
26
18
27
30
32
33
35
36
41
44
46
7
13
15
18
19
21
32
40
42
45
21
27
29
30
32
33
35
40
42
44
7
11
12
14
15
16
20
26
27
28
23
29
32
34
35
37
38
43
46
50
6
10
11
13
14
16
17
21
22
24
6
10
13
14
16
18
19
24
27
28
10
14
17
18
20
22
32
44
47
48
9
13
17
20
22
24
33
47
49
52
5
12
14
15
17
21
23
31
33
35
10
14
15
16
20
23
25
30
32
33
13
18
20
21
22
25
27
32
34
35
3
7
10
11
13
15
16
21
24
25
13
18
21
22
24
26
28
37
41
42
7
11
14
16
19
20
23
27
30
32
10
13
14
15
16
17
21
26
27
28
10
15
16
17
18
19
21
26
27
30
13
18
21
23
24
26
27
32
35
37
2
6
9
11
12
16
27
34
37
39
0
4
7
8
16
18
19
25
28
32
2
7
10
12
13
15
18
23
26
28
23
31
34
36
37
39
40
46
49
51
3
7
9
10
12
13
19
26
28
29
2
6
7
8
9
10
11
15
16
17
7
10
11
12
13
14
20
25
26
28
9
16
18
21
22
24
28
36
38
41
2
16
18
19
21
24
26
30
32
37
5
9
12
16
19
20
28
35
39
41
10
16
18
19
21
22
29
38
40
41
2
7
9
10
12
14
23
31
33
34
25
34
36
39
40
42
43
47
49
52
13
17
19
22
26
28
32
42
44
47
14
19
22
24
26
28
32
44
47
49
5
9
10
11
12
13
15
19
21
22
8
14
17
19
20
22
24
28
31
33
5
11
14
15
17
19
23
28
31
32
1
5
6
7
8
9
36
42
43
44
4
8
9
10
11
12
15
20
21
22
1
5
8
10
11
12
17
22
25
27
0
4
7
9
10
11
31
38
41
43
53
