time_cost:4203ms
ontime_proportion:0.657143
max_delay:21
avg_delay:3.328571
avg_flowtime:27.242857
object function value:3336.666667
0
0
0
1
3
4
5
40
45
48
50
0
0
0
1
2
3
16
24
25
26
0
0
0
0
0
0
20
25
27
30
0
0
0
0
1
2
19
27
29
30
0
0
0
0
4
6
20
29
30
32
0
0
2
5
6
8
39
45
47
50
0
0
0
0
0
1
37
44
45
47
0
0
0
0
0
0
36
43
46
47
6
10
13
15
16
18
19
24
27
29
0
0
0
0
0
0
13
23
26
27
0
0
0
0
0
0
0
0
0
1
0
0
0
0
1
3
18
29
31
32
0
0
0
0
1
2
23
28
29
30
0
0
1
2
3
4
16
22
23
24
0
0
0
0
0
0
0
0
2
3
0
0
0
0
0
0
0
0
2
4
5
8
10
11
16
27
37
42
43
44
0
0
0
0
2
4
15
25
28
29
0
0
0
0
0
0
7
10
12
13
0
0
0
0
0
0
0
0
0
0
0
0
0
0
0
0
0
0
0
0
0
8
10
12
13
15
24
30
32
33
0
2
5
10
15
23
36
41
44
46
0
0
0
0
0
0
0
0
0
0
0
0
0
0
0
0
7
9
11
12
0
5
8
10
11
13
26
31
34
36
0
0
0
0
0
0
0
0
0
2
0
0
0
0
1
2
31
35
38
40
0
0
0
0
0
0
0
0
0
2
0
0
0
1
2
4
16
22
35
38
12
16
19
20
22
25
36
42
45
48
1
6
8
11
12
14
16
21
23
24
5
27
30
31
33
34
40
45
47
48
12
16
18
19
21
22
25
29
32
33
19
23
24
26
27
29
30
34
35
37
12
17
18
19
20
21
23
27
28
29
13
21
22
23
24
25
34
38
39
40
4
8
10
11
13
14
16
20
22
23
0
4
6
7
9
10
14
21
23
24
7
12
15
17
18
20
21
26
29
31
0
3
4
5
6
7
18
26
27
28
4
7
8
9
10
11
23
28
30
31
11
18
21
23
24
26
27
33
36
38
10
18
21
23
24
25
27
33
36
38
0
4
11
14
15
17
33
39
42
44
5
9
10
12
14
16
17
21
22
26
1
6
8
9
10
12
14
19
21
22
8
12
14
15
17
18
24
29
31
32
16
21
22
24
25
27
28
32
33
35
11
16
17
18
21
22
29
34
35
36
7
18
21
24
28
30
32
38
41
42
8
12
15
17
18
19
21
25
28
30
10
15
17
21
22
24
25
31
33
36
9
13
14
15
18
19
21
24
25
27
10
15
18
19
22
24
32
37
40
44
9
14
16
19
20
22
32
36
38
41
0
5
7
9
14
16
26
35
37
38
4
8
9
10
11
12
23
28
31
32
6
11
13
14
16
20
35
40
42
43
7
13
16
17
24
26
27
32
36
37
12
17
20
22
23
24
26
31
34
36
3
9
11
12
14
15
23
31
33
34
8
13
16
18
19
21
27
34
37
39
2
6
8
11
12
14
15
19
26
29
6
10
13
14
16
18
19
23
26
27
2
8
11
13
19
21
22
28
31
33
3
7
8
10
11
12
14
18
19
20
8
14
17
19
21
23
24
29
32
34
20
24
25
26
27
28
30
33
34
36
1
4
5
6
7
8
13
17
19
21
51
