time_cost:4371ms
ontime_proportion:0.657143
max_delay:20
avg_delay:3.071429
avg_flowtime:26.814286
object function value:3322.380952
0
0
0
1
3
4
5
17
22
27
29
0
0
0
1
3
4
27
31
32
33
0
0
0
0
0
0
16
22
24
27
0
0
0
1
2
3
28
32
33
34
0
0
0
0
0
2
24
35
36
38
0
0
1
4
5
7
16
21
23
26
0
0
0
0
0
1
31
36
37
39
0
0
0
0
0
0
26
32
34
35
0
4
7
9
10
12
13
18
21
23
0
0
0
0
0
0
2
3
6
7
0
0
0
0
0
0
0
0
0
1
0
0
0
0
1
3
14
20
22
25
0
0
0
0
1
2
14
19
20
21
0
0
1
2
3
4
28
31
32
33
0
0
0
0
0
0
0
0
2
3
0
0
0
0
0
0
0
0
2
4
0
2
3
4
5
6
29
33
34
35
0
0
0
0
2
4
13
18
21
26
0
0
0
0
0
0
1
3
5
6
0
0
0
0
0
0
0
0
0
0
0
0
0
0
0
0
0
0
0
0
0
5
7
8
9
11
21
32
34
35
0
2
5
7
8
9
17
35
38
40
0
0
0
0
0
0
0
0
0
0
0
0
0
0
0
0
0
1
4
5
0
5
8
10
11
13
31
36
39
41
0
0
0
0
0
0
0
0
4
6
0
0
0
0
4
8
32
38
41
43
0
0
0
0
0
0
0
0
0
2
0
0
0
0
1
3
18
34
36
39
5
10
13
14
16
18
19
23
26
27
1
8
10
11
12
14
16
21
23
26
5
10
12
13
15
16
20
24
26
27
8
13
15
16
19
20
22
26
28
29
12
20
21
23
27
32
38
45
47
49
10
16
17
18
20
21
23
26
27
28
13
21
22
23
24
26
31
34
35
36
4
10
12
15
17
18
20
24
26
27
9
15
17
18
20
22
24
28
30
31
0
5
8
10
14
16
17
22
25
28
13
20
21
22
23
25
30
34
35
36
14
19
23
24
25
29
35
41
42
43
3
8
11
13
14
16
33
39
42
44
2
6
9
11
12
13
15
21
24
26
6
15
18
20
21
27
32
37
40
42
6
12
13
15
16
18
19
23
24
26
9
16
18
19
22
24
26
31
33
34
9
14
16
18
20
21
23
27
29
30
13
18
19
21
25
30
36
43
44
46
10
17
18
19
25
26
27
31
32
33
5
11
14
15
17
19
20
28
31
32
9
17
20
22
24
28
34
40
43
45
5
9
11
14
18
20
21
25
27
30
10
17
18
20
24
25
27
30
31
32
6
12
15
16
18
20
21
25
28
29
2
6
8
11
12
14
36
42
44
47
0
14
16
17
23
27
29
34
36
37
14
21
22
24
26
31
38
44
45
46
10
16
18
20
22
23
25
29
31
36
7
13
16
17
20
22
23
27
30
34
6
10
13
15
16
23
25
30
33
38
10
18
20
21
23
24
26
30
32
33
0
7
10
12
13
15
36
42
46
48
2
8
10
13
21
31
38
44
46
49
8
13
16
19
21
23
24
28
31
38
2
7
10
12
13
15
17
24
27
29
11
16
17
18
26
29
30
34
35
37
5
11
14
16
18
20
21
27
30
32
16
20
23
25
27
32
40
45
48
49
12
18
19
21
25
27
29
32
33
34
50
