time_cost:981604ms
ontime_proportion:0.771429
max_delay:21
avg_delay:2.500000
avg_flowtime:24.457143
object function value:2100.952381
0
0
0
1
3
4
5
15
19
22
24
0
0
0
1
2
3
8
12
13
17
0
0
0
0
0
0
5
11
13
16
0
0
0
0
1
2
11
15
16
17
0
0
0
0
0
2
23
27
28
30
0
0
1
4
5
8
33
38
40
43
0
0
0
0
0
1
14
18
19
22
0
0
0
0
0
0
6
13
15
16
0
4
7
9
10
12
16
23
26
28
0
0
0
0
0
0
0
1
4
5
0
0
0
0
0
0
0
0
0
1
0
0
0
0
1
3
11
17
19
21
0
0
0
0
1
2
16
20
21
24
0
0
1
2
3
4
19
23
24
27
0
0
0
0
0
0
0
0
2
3
0
0
0
0
0
0
0
0
2
4
0
2
3
4
5
6
12
15
16
17
0
0
0
0
2
4
14
19
22
28
0
0
0
0
0
0
0
3
5
6
0
0
0
0
0
0
0
0
0
0
0
0
0
0
0
0
0
0
0
0
9
16
18
19
21
23
34
41
43
44
15
17
20
22
23
24
29
33
36
38
0
0
0
0
0
0
0
0
0
0
0
0
0
0
0
0
0
1
4
7
15
20
23
25
26
28
30
36
39
41
0
0
0
0
0
0
0
0
4
6
0
0
0
0
2
3
24
28
31
33
0
0
0
0
0
0
0
0
0
3
0
0
0
2
3
7
28
39
41
46
1
8
11
14
16
18
20
24
27
29
1
6
9
10
11
13
15
22
24
25
15
19
21
22
24
26
37
45
47
48
11
15
17
18
20
21
25
31
33
34
11
16
17
19
21
23
29
33
34
36
7
10
11
12
13
15
19
22
23
24
4
7
8
9
10
11
22
25
26
27
4
8
10
11
14
16
21
26
28
30
0
7
9
10
13
25
37
43
45
46
0
5
8
10
12
14
15
20
23
25
8
11
12
13
14
15
20
24
25
26
5
8
9
10
12
19
32
35
36
37
19
27
30
32
33
35
36
42
45
47
10
14
17
19
21
23
25
29
32
34
0
4
7
9
11
13
26
33
36
38
8
12
13
16
17
19
20
24
25
27
5
11
13
14
15
17
21
26
28
29
4
9
11
12
14
15
30
36
38
39
1
5
6
8
9
11
22
26
27
30
7
11
12
13
14
15
17
21
22
23
5
9
12
13
15
17
18
22
25
30
16
27
30
32
33
34
37
42
45
47
8
12
14
17
19
21
22
27
29
33
6
11
12
13
15
22
24
28
29
30
17
21
24
25
27
29
33
39
42
45
2
6
8
11
12
14
33
37
39
42
10
15
17
18
19
21
24
29
31
32
9
13
14
15
17
18
29
34
35
36
1
5
7
8
11
12
21
25
27
28
4
8
11
15
17
19
20
24
27
28
12
17
20
23
24
25
27
31
34
37
7
12
14
15
18
19
35
40
43
44
24
30
33
35
36
38
39
45
48
50
25
31
33
36
37
39
40
45
47
50
3
8
11
17
21
24
25
29
32
33
12
17
20
22
23
25
26
32
35
37
3
7
8
9
10
11
18
23
24
25
9
14
17
20
22
26
27
32
35
37
13
17
18
19
20
21
27
30
32
33
1
4
5
6
7
8
22
25
26
27
51
