time_cost:1100916ms
ontime_proportion:0.685714
max_delay:25
avg_delay:3.728571
avg_flowtime:26.642857
object function value:3030.952381
0
28
31
36
39
40
42
44
47
51
54
0
0
0
1
2
5
15
19
22
25
0
0
0
0
0
0
0
0
0
0
0
0
0
1
4
5
22
27
33
36
0
0
0
0
4
7
23
27
34
36
0
0
0
0
0
0
28
32
38
40
0
0
4
7
12
17
27
31
38
41
0
0
0
0
0
1
14
20
23
26
0
0
0
0
1
3
6
10
11
14
0
0
0
0
0
0
0
1
3
5
0
1
2
5
6
8
19
23
31
34
0
0
0
0
0
0
0
0
0
1
0
0
0
0
0
1
9
13
15
16
0
3
9
11
12
15
26
30
34
36
0
0
0
0
0
0
0
0
0
1
0
0
0
0
1
3
10
14
18
19
0
2
3
6
7
9
11
15
16
19
0
0
0
0
0
0
0
0
0
0
0
0
0
0
0
6
27
32
38
41
0
0
0
0
0
1
10
15
18
21
0
0
0
0
0
0
17
21
26
28
0
0
0
0
0
0
0
1
4
7
0
0
0
0
1
2
8
12
16
18
0
0
0
0
2
4
13
17
24
26
0
0
0
0
0
0
0
0
1
4
0
0
0
0
0
0
0
0
0
2
0
0
0
0
0
0
0
7
31
33
0
0
0
0
1
3
13
16
20
24
0
0
0
0
0
0
0
0
1
4
5
11
12
15
16
17
19
24
28
31
0
3
8
11
14
21
27
30
39
42
24
29
32
35
36
38
40
45
50
53
15
19
26
28
29
30
32
36
43
45
24
28
33
35
36
37
39
43
46
48
2
6
8
10
11
13
14
18
20
24
9
13
18
21
22
24
26
30
36
39
5
9
10
13
14
19
34
39
48
51
10
15
16
19
21
22
23
28
32
36
9
13
15
16
18
19
20
24
28
29
4
8
10
11
13
14
15
19
21
22
5
9
11
12
13
14
16
21
24
25
8
11
15
18
19
21
23
26
29
32
0
4
6
8
9
10
13
17
21
23
17
21
25
28
29
31
33
37
39
42
0
3
6
9
10
12
14
17
20
23
1
5
6
7
8
10
13
18
19
21
6
10
13
15
16
17
24
30
35
37
10
15
19
22
24
25
26
31
35
40
4
8
10
12
13
14
16
20
22
24
0
5
6
9
12
16
29
34
40
43
6
10
13
16
17
19
21
25
28
31
1
5
7
9
10
12
23
27
36
38
3
6
12
15
17
24
30
33
47
50
10
14
19
20
21
23
25
29
32
33
6
10
12
16
17
19
21
25
28
31
17
21
23
26
27
29
31
35
37
40
4
9
10
13
14
15
17
22
23
26
9
16
22
24
25
26
35
39
51
53
2
6
8
10
11
12
34
38
45
47
2
6
7
8
9
11
12
16
17
18
5
10
11
14
15
16
18
23
25
28
0
6
15
18
19
23
29
34
42
45
19
23
29
32
33
35
37
41
42
45
10
14
18
19
20
21
23
27
31
32
27
32
35
38
39
41
43
47
48
51
15
19
26
29
30
32
34
38
41
44
21
25
32
34
35
36
38
42
44
46
4
9
14
17
19
23
28
33
41
44
19
24
26
29
31
32
33
38
40
43
19
25
29
32
33
35
37
40
45
48
55
