time_cost:925561ms
ontime_proportion:0.728571
max_delay:27
avg_delay:3.014286
avg_flowtime:30.657143
object function value:2736.190476
0
0
0
0
0
0
0
1
10
12
13
0
0
0
0
0
0
0
0
0
1
0
0
0
0
0
0
0
3
4
7
0
4
8
11
12
14
16
27
30
33
0
0
0
0
0
0
10
16
19
20
0
0
0
0
0
1
12
20
23
25
0
0
0
0
0
0
0
0
0
0
7
12
15
18
19
21
22
26
29
32
0
0
0
0
0
2
3
7
9
11
0
0
0
0
0
1
10
18
20
21
0
0
1
4
5
7
28
41
44
47
0
4
6
7
9
10
23
38
40
41
0
0
0
0
0
0
13
20
23
26
0
0
1
3
4
6
7
11
12
14
0
0
0
0
0
0
0
0
0
0
0
0
3
6
7
9
17
28
32
35
0
0
0
0
2
3
11
19
21
22
0
0
0
0
0
0
0
1
3
6
0
0
0
0
0
0
0
2
19
22
0
0
0
0
0
1
14
21
24
27
0
0
0
0
2
3
15
24
26
28
0
0
0
0
0
0
0
0
0
3
0
0
0
1
3
5
16
25
27
30
0
0
0
1
2
4
23
33
36
39
0
3
5
8
9
10
19
35
37
41
0
0
0
0
0
0
0
0
1
3
0
0
4
7
8
9
29
44
46
49
9
15
17
18
20
21
23
29
31
32
0
0
0
0
0
0
12
19
21
24
0
1
3
4
6
7
16
29
31
32
6
12
14
17
18
19
20
23
25
28
8
12
18
24
25
27
28
32
35
38
8
14
16
20
22
23
26
40
42
44
11
17
21
24
25
26
27
34
38
42
5
9
12
15
16
18
24
37
43
46
9
15
18
21
22
24
25
34
37
40
2
5
7
10
11
13
20
33
34
37
3
8
10
11
13
14
19
30
32
36
13
21
24
25
27
29
31
42
45
48
8
14
17
18
21
23
25
31
34
38
5
8
9
12
13
15
23
36
41
44
10
17
20
21
23
25
27
31
34
36
0
4
6
7
9
10
20
34
36
37
14
23
26
29
30
32
33
46
49
52
5
9
12
13
15
17
19
26
29
30
4
10
12
13
15
16
18
23
25
26
3
7
8
10
11
13
14
18
27
31
20
33
37
40
41
42
43
49
53
56
7
12
16
22
23
25
30
46
49
52
3
8
11
13
14
16
17
25
28
30
11
18
21
24
25
27
28
35
38
41
14
26
28
31
32
33
34
51
53
57
2
6
11
14
16
18
20
37
40
41
3
6
8
11
12
13
17
28
30
33
1
8
10
11
13
14
24
39
41
42
0
5
7
9
11
12
13
21
24
25
17
30
33
36
37
39
40
43
46
49
6
12
14
17
19
20
26
40
42
46
0
6
17
20
26
28
30
47
50
53
12
20
23
24
26
28
29
39
42
43
4
7
13
16
17
19
21
24
25
28
17
31
33
36
38
39
40
50
52
55
14
23
26
27
28
30
31
51
55
56
8
14
17
18
19
21
22
25
28
29
0
3
6
9
16
18
20
36
40
43
10
17
20
23
24
26
27
36
39
42
5
9
12
15
18
20
23
37
41
44
9
15
18
19
21
23
25
30
33
34
16
28
30
33
35
36
37
45
47
50
6
12
15
16
18
19
30
49
52
53
58
