time_cost:832869ms
ontime_proportion:0.885714
max_delay:16
avg_delay:0.885714
avg_flowtime:21.828571
object function value:870.476190
0
0
0
0
0
0
0
1
5
7
8
0
0
0
0
0
2
6
10
11
12
0
0
0
0
0
0
0
0
0
0
0
0
0
0
0
0
0
0
0
0
0
0
0
0
0
0
1
6
7
10
0
0
0
0
0
0
0
0
0
1
0
3
5
7
8
10
11
15
17
19
0
1
2
5
6
8
10
14
15
18
0
0
0
0
0
0
13
17
19
20
0
0
0
0
0
1
8
14
15
18
0
0
0
0
0
0
0
0
0
0
0
0
0
2
4
5
8
13
15
18
0
0
2
3
5
6
12
16
18
19
0
0
0
0
0
0
0
0
0
3
0
0
0
1
2
4
17
21
23
24
0
0
0
0
0
0
0
0
0
0
0
0
0
0
0
0
7
10
13
16
0
0
0
0
1
2
17
22
24
27
0
4
6
7
9
10
11
15
17
18
0
0
0
0
0
0
0
0
0
2
0
3
6
9
10
12
14
17
20
24
0
0
0
0
0
0
0
0
1
2
0
0
0
0
0
0
0
0
0
0
0
0
0
0
0
0
0
0
0
0
0
3
5
6
8
9
19
23
25
26
0
2
4
5
6
7
9
13
15
16
0
1
3
5
6
7
21
25
28
29
0
0
0
0
0
0
0
0
2
5
0
0
0
0
0
0
0
0
0
1
0
0
0
0
1
3
21
25
26
29
4
10
12
15
16
18
21
26
27
30
12
16
18
20
21
23
24
28
30
32
3
8
9
12
13
15
21
26
30
33
6
10
12
14
15
17
20
24
28
31
0
4
6
9
10
11
23
27
33
34
9
14
16
17
18
19
25
29
31
32
3
8
11
12
14
15
23
27
30
31
2
5
8
11
12
14
16
22
25
28
1
11
13
15
17
18
21
27
29
30
8
12
14
15
18
21
25
29
31
33
5
9
11
12
13
14
16
20
22
23
2
6
12
16
17
19
22
27
32
35
14
18
19
22
23
25
27
31
32
35
8
12
14
15
17
18
30
34
44
45
4
8
10
13
15
16
23
29
35
36
15
19
22
24
25
27
28
32
34
36
7
14
15
18
19
20
23
28
29
33
9
13
18
21
22
24
26
31
33
36
8
12
14
15
16
17
25
29
36
37
12
16
18
21
22
24
27
31
32
36
4
8
10
11
13
14
15
19
21
23
4
8
10
11
12
13
16
21
23
25
17
22
24
25
27
28
29
33
37
38
13
17
19
22
23
25
27
31
36
39
12
16
20
23
25
27
29
33
35
38
16
21
22
25
27
28
29
34
35
38
13
18
21
23
24
26
28
32
35
37
17
21
23
26
27
28
30
34
36
38
1
6
9
12
14
16
25
29
32
35
5
9
11
17
19
22
28
32
37
39
16
21
23
25
27
29
31
35
38
40
3
7
8
9
10
12
29
33
38
39
5
26
28
29
30
31
33
37
39
40
18
23
25
28
29
30
32
37
38
42
0
4
5
8
9
11
26
30
40
41
19
23
26
29
30
32
34
37
41
44
13
18
24
27
28
31
33
36
39
42
20
26
29
32
33
34
36
41
42
45
19
24
26
28
29
30
32
36
38
40
20
24
27
30
31
33
35
38
41
45
46
