time_cost:2217ms
ontime_proportion:0.757143
max_delay:12
avg_delay:1.600000
avg_flowtime:23.714286
object function value:2219.047619
0
0
1
2
5
7
10
17
26
27
30
0
0
0
0
0
0
0
0
0
1
0
0
0
0
0
0
0
0
0
0
0
2
9
12
23
26
28
32
33
37
0
3
6
10
25
27
28
33
36
40
0
0
0
0
0
0
0
0
0
1
0
0
0
1
3
5
12
19
22
26
0
0
0
0
0
0
15
31
34
36
0
0
0
0
0
0
0
0
0
0
0
0
0
0
0
0
0
0
1
3
12
15
18
19
21
23
25
28
31
32
0
0
0
0
0
0
0
0
0
0
0
0
0
0
0
0
0
0
1
2
0
0
0
0
0
0
17
19
20
21
0
0
2
3
5
7
30
33
36
37
0
0
0
0
2
4
19
25
27
29
0
3
6
9
19
21
26
30
31
34
0
0
0
0
0
0
0
0
2
3
0
0
0
0
0
0
0
0
0
0
0
0
1
2
3
4
14
22
23
25
0
0
0
0
0
0
0
0
0
0
0
2
3
6
8
10
12
15
23
26
0
0
0
0
0
0
0
0
1
4
0
0
0
0
0
0
15
29
32
36
0
10
12
16
18
20
22
27
29
30
0
0
0
0
0
2
17
21
22
25
0
0
0
0
0
1
15
18
22
23
0
0
0
2
3
4
29
33
34
35
0
0
0
1
2
3
17
21
25
26
0
0
0
0
0
0
11
18
19
22
4
7
10
11
13
15
17
20
23
24
26
29
30
31
32
33
34
37
38
39
10
13
15
17
18
20
21
24
26
28
3
6
7
8
10
12
14
17
18
20
7
12
15
18
24
26
27
30
33
36
4
7
8
12
15
17
23
28
29
30
4
7
10
11
14
16
18
23
26
28
24
27
28
29
31
33
35
38
39
40
10
15
16
17
26
28
30
34
35
39
5
9
10
18
25
28
30
34
35
39
1
4
7
8
15
17
19
22
25
29
1
4
5
8
10
12
14
18
19
22
0
4
5
8
12
14
16
20
21
24
7
10
13
14
16
18
20
23
26
27
12
18
20
22
23
24
25
28
30
36
2
5
12
16
27
30
32
36
37
40
9
14
16
17
28
30
32
37
39
41
7
12
14
15
17
19
21
26
28
29
6
11
13
14
17
25
26
33
35
38
9
12
13
14
19
21
23
28
29
32
4
9
11
12
14
16
18
23
25
26
0
3
12
13
26
28
32
35
38
39
0
16
18
20
22
24
25
28
30
32
0
4
5
6
7
8
13
19
20
22
11
15
18
21
23
25
27
30
33
34
8
13
14
15
20
22
24
27
28
33
13
18
19
20
23
24
26
31
32
33
4
7
8
9
11
13
15
18
19
20
7
14
15
17
18
19
21
25
26
27
11
16
18
19
21
23
24
31
33
34
2
5
6
7
8
9
11
16
17
18
9
15
16
17
19
21
22
26
27
28
6
13
15
16
22
25
27
32
34
35
3
8
10
13
14
16
20
26
28
29
2
7
9
10
12
14
16
21
24
26
8
19
21
22
24
26
29
34
36
37
3
6
8
10
11
12
13
16
18
20
7
13
15
18
20
22
24
29
31
32
4
9
11
12
13
14
15
20
22
23
5
10
13
14
16
18
20
23
26
27
42
