time_cost:4136ms
ontime_proportion:0.771429
max_delay:12
avg_delay:1.328571
avg_flowtime:23.885714
object function value:2081.904762
0
0
0
0
0
0
0
1
2
4
7
0
0
0
0
0
0
0
0
0
0
0
0
0
0
0
0
0
0
0
1
0
0
0
0
0
0
0
1
3
4
0
0
0
0
0
0
24
27
31
33
0
0
1
3
4
5
19
25
26
28
0
1
3
4
5
6
33
36
40
41
0
0
1
2
3
4
25
28
30
31
0
0
0
0
0
0
0
1
3
4
0
0
0
0
0
0
0
0
0
0
0
0
0
1
3
4
27
30
35
36
0
3
4
6
7
8
11
14
16
19
0
0
0
0
0
0
30
34
37
40
0
0
0
0
0
1
21
26
29
32
0
0
2
5
6
8
26
30
33
36
0
0
0
1
2
3
26
31
32
35
6
11
12
15
16
17
22
27
29
32
0
2
3
5
6
7
21
25
27
29
0
0
0
1
2
4
10
14
16
17
0
3
6
8
9
10
12
15
18
19
0
0
0
0
0
2
10
13
17
18
0
0
0
0
0
1
26
29
34
35
0
0
0
0
1
2
18
24
27
28
0
0
0
0
0
0
0
0
0
0
0
0
0
0
0
0
0
0
0
0
0
0
0
0
0
0
0
0
0
1
0
0
0
0
0
0
0
0
1
2
0
0
0
3
4
5
23
29
30
33
0
0
0
0
0
1
22
26
29
30
0
0
0
0
2
3
18
23
27
29
10
15
16
19
21
24
30
35
37
40
9
12
15
16
17
18
19
22
26
27
1
5
7
9
10
12
18
24
26
27
11
16
18
19
20
21
22
25
27
29
4
7
9
10
11
12
13
16
18
20
4
9
10
13
14
15
27
32
36
38
2
6
8
9
10
12
13
17
19
20
9
12
14
15
17
19
20
23
25
26
6
10
12
13
14
16
17
21
23
25
14
18
20
21
22
23
25
30
32
33
3
7
9
10
12
14
15
19
21
22
14
20
25
27
28
29
30
34
38
40
0
5
6
8
9
10
14
20
21
24
18
22
25
28
29
30
31
35
38
41
0
4
22
25
26
27
28
32
36
39
10
15
18
21
22
23
24
28
35
38
0
17
20
21
22
23
27
31
36
37
14
18
21
22
23
24
25
28
33
34
5
10
11
14
16
17
21
27
28
30
1
6
7
10
12
13
17
22
23
26
4
8
11
14
15
16
17
21
24
27
7
11
12
14
15
16
17
21
22
24
14
22
24
25
26
28
29
33
35
37
8
12
14
17
18
20
22
26
30
33
14
19
20
23
24
26
28
32
33
36
10
14
15
18
19
21
23
29
31
34
7
10
13
14
16
17
28
31
36
38
0
3
6
7
8
9
11
14
17
18
5
9
13
16
17
19
28
32
34
37
6
11
15
17
18
19
21
26
29
31
3
8
9
11
12
13
14
19
20
22
2
7
8
10
11
12
13
18
19
21
2
7
8
12
13
14
25
30
33
35
0
3
5
6
7
8
32
36
40
41
7
10
12
13
14
15
29
33
39
40
21
24
28
29
30
31
32
35
38
39
3
6
8
10
12
14
15
20
22
26
8
12
14
15
23
25
30
34
37
38
10
15
17
18
19
21
22
27
29
30
7
10
13
15
16
17
18
21
22
24
42
