time_cost:1202853ms
ontime_proportion:0.885714
max_delay:14
avg_delay:0.885714
avg_flowtime:22.514286
object function value:893.333333
0
0
0
0
0
0
1
23
29
30
33
0
0
0
0
0
0
0
0
1
3
0
1
4
5
6
7
11
16
20
21
0
0
0
1
2
3
10
15
16
18
0
0
0
0
0
0
0
0
0
0
0
0
0
0
0
0
7
11
14
17
0
0
0
0
0
0
20
24
26
27
0
0
0
0
0
0
18
22
24
26
0
0
0
0
1
2
14
19
21
22
0
0
2
3
4
5
12
15
17
18
0
0
0
0
0
0
0
0
0
0
0
0
0
0
0
2
19
24
31
34
0
0
0
1
2
3
29
35
37
40
0
0
0
0
0
0
14
18
20
21
0
0
0
0
0
0
10
14
20
22
0
0
0
0
0
1
14
19
22
24
0
0
0
0
0
1
13
16
18
19
0
0
0
0
0
0
0
2
4
5
0
0
0
0
0
0
0
0
0
2
0
0
0
0
0
0
0
0
0
0
0
0
0
0
0
0
0
0
0
0
0
0
0
0
0
0
0
3
11
14
0
0
0
0
1
2
8
13
18
22
0
0
0
0
0
0
0
0
0
3
0
0
1
3
4
5
18
21
22
24
0
0
0
0
0
0
0
1
4
6
0
0
0
0
0
0
0
0
1
3
0
0
2
3
4
6
16
21
23
24
0
0
0
0
0
0
20
23
26
29
0
0
0
0
2
4
21
26
31
33
10
14
16
17
18
20
21
25
27
28
4
8
9
11
12
13
14
18
19
23
4
8
10
12
14
15
24
27
29
31
10
13
15
16
20
22
23
26
28
30
4
8
11
14
15
16
17
22
25
28
15
27
28
30
31
32
33
38
42
44
5
10
11
13
14
15
16
21
22
24
3
7
8
11
12
16
29
36
38
41
1
4
6
7
9
11
14
17
19
20
7
10
13
14
15
16
17
20
23
25
6
10
11
14
19
21
26
30
32
35
8
11
14
15
16
17
21
26
28
29
20
28
30
32
33
34
35
38
42
44
0
3
4
6
7
8
10
13
14
16
0
5
8
13
14
15
28
33
37
40
3
9
14
16
17
18
23
28
29
32
23
28
29
31
32
33
34
37
40
42
4
7
9
10
12
14
16
19
21
22
1
4
6
7
8
9
13
16
18
19
6
10
12
13
15
17
26
30
33
34
7
11
19
22
23
24
30
36
40
43
1
5
8
12
13
14
15
19
22
25
0
4
6
7
8
10
17
23
25
26
2
8
14
17
18
19
21
29
31
34
3
6
9
10
11
12
26
30
35
36
5
10
11
13
14
15
16
22
24
26
14
18
22
23
24
25
29
33
37
38
17
22
24
25
26
27
29
33
36
37
13
16
18
19
20
21
23
27
29
30
9
13
16
19
21
23
25
30
34
37
0
3
5
9
11
13
26
31
33
34
2
6
8
9
10
12
19
23
25
26
7
12
13
15
16
17
25
30
31
33
7
11
13
14
16
18
20
25
27
28
1
4
6
7
9
11
12
15
17
19
10
14
16
17
18
20
21
25
27
28
1
4
5
7
8
9
21
24
25
28
4
9
17
20
21
22
24
29
34
37
10
14
15
18
19
21
23
27
28
32
13
17
19
20
22
24
32
36
41
42
45
