time_cost:1126368ms
ontime_proportion:0.857143
max_delay:21
avg_delay:1.557143
avg_flowtime:25.214286
object function value:1269.047619
0
0
0
0
0
0
0
4
12
14
16
0
0
0
1
2
4
14
21
24
25
0
0
0
0
0
0
7
12
14
17
0
0
0
0
0
0
0
3
8
11
0
0
0
0
0
2
11
16
19
21
0
0
0
0
0
0
0
2
4
5
0
0
0
0
0
0
0
0
0
0
0
0
0
2
3
5
11
18
25
27
0
0
0
0
1
3
20
32
36
39
0
0
0
0
4
5
16
28
30
33
0
0
0
0
0
0
8
13
16
17
0
0
0
0
0
0
0
0
1
2
0
0
0
0
5
7
23
35
39
42
0
0
0
0
0
0
0
1
2
4
0
0
0
0
0
2
15
24
27
28
0
0
0
0
0
0
0
0
0
0
0
0
0
1
3
4
12
24
26
28
0
0
0
0
0
0
0
0
0
2
0
0
0
0
0
0
0
0
2
5
0
0
0
0
0
0
0
0
2
3
0
0
0
0
0
0
0
0
0
0
0
0
0
0
0
0
0
0
0
1
0
0
0
0
0
0
0
0
1
2
0
0
0
0
0
0
11
15
18
21
0
0
0
0
0
0
0
0
0
0
0
3
5
8
10
11
19
32
38
41
0
0
0
0
0
0
0
0
0
0
0
0
0
0
0
0
0
3
10
13
0
1
3
6
8
9
10
19
21
24
0
0
0
0
0
0
0
0
0
0
4
8
10
13
15
16
18
23
25
26
3
7
10
11
13
15
17
21
24
25
0
3
6
7
8
10
14
20
23
26
17
27
30
33
34
36
37
44
50
53
7
14
17
18
20
22
24
34
37
38
14
21
24
27
28
30
31
46
50
53
9
14
17
20
21
22
27
42
44
47
1
5
6
8
11
15
16
22
27
30
1
6
8
9
11
12
14
19
21
22
6
14
16
17
19
20
22
30
33
34
14
20
22
23
25
26
27
40
42
43
2
5
6
9
10
12
30
43
46
49
11
16
19
20
21
23
24
29
32
34
12
19
22
25
26
28
30
42
44
47
12
19
21
22
24
25
26
30
32
33
10
13
16
19
20
22
23
27
30
33
5
10
12
13
18
20
22
27
29
33
6
11
14
17
18
20
21
30
33
36
8
12
15
18
19
21
22
26
29
32
11
18
21
24
25
27
28
37
40
43
10
16
18
19
22
24
31
48
53
54
2
6
9
10
12
14
26
39
43
44
17
27
33
36
37
39
40
47
53
56
3
8
11
12
14
16
18
24
27
28
3
7
9
11
13
14
15
25
27
28
10
17
19
22
24
25
30
46
52
55
0
5
7
8
10
11
13
18
20
24
7
10
11
14
15
17
19
23
24
27
5
9
12
13
18
20
21
29
32
33
6
11
13
15
17
18
20
25
27
28
0
9
12
14
16
18
23
36
39
41
3
6
9
12
13
15
23
38
41
44
0
4
6
9
11
12
23
34
36
39
7
12
13
15
16
19
20
24
25
27
4
7
8
11
16
18
27
41
43
46
20
33
34
37
38
40
42
45
49
52
9
16
18
21
22
23
30
44
47
50
15
25
28
31
32
34
35
42
47
50
5
10
12
13
15
16
18
23
25
26
1
4
5
8
9
13
17
21
22
26
57
