time_cost:4401ms
ontime_proportion:0.685714
max_delay:24
avg_delay:2.857143
avg_flowtime:26.228571
object function value:3017.142857
0
0
0
0
0
0
0
0
0
1
3
0
0
0
0
0
0
0
0
0
1
0
0
0
0
0
0
0
0
0
1
0
0
0
0
0
0
20
27
30
31
0
0
0
3
4
6
14
19
22
24
0
0
0
0
0
0
0
0
0
1
0
0
0
0
0
0
0
0
0
0
0
0
0
0
0
1
34
44
45
47
0
0
0
0
0
1
14
19
22
25
0
0
0
0
0
0
0
1
3
6
0
0
0
0
0
0
12
17
19
22
0
3
5
6
8
9
23
32
34
35
0
0
0
0
0
0
0
1
3
4
0
0
0
1
3
4
22
32
34
35
0
0
0
0
0
1
16
25
26
28
0
0
0
0
0
0
0
0
0
0
0
0
0
0
2
3
13
18
20
28
0
0
3
5
6
8
17
27
30
32
0
0
0
0
0
0
0
2
5
7
0
0
0
0
0
0
0
0
1
4
0
0
0
0
1
2
23
30
31
32
0
0
0
0
0
0
0
0
0
0
0
5
8
10
11
13
15
20
23
26
0
2
4
8
9
11
12
16
18
21
0
0
0
0
0
1
24
34
36
37
0
0
1
2
4
5
11
17
19
20
0
0
0
0
0
0
0
0
0
1
0
0
0
0
0
0
0
0
0
0
0
0
0
0
0
0
0
0
0
0
0
0
0
0
1
3
20
26
29
34
4
9
14
17
18
20
25
36
39
41
5
9
11
14
15
17
18
25
27
30
9
14
16
17
19
20
24
34
36
37
8
15
16
17
22
25
26
31
32
34
5
10
13
15
16
18
19
32
35
37
7
11
12
14
17
20
21
25
27
29
9
16
19
20
22
24
26
36
39
40
10
16
19
20
22
24
26
35
38
39
2
6
8
11
12
14
17
25
27
31
4
12
15
16
20
23
25
30
32
33
11
14
15
16
17
19
21
24
25
26
3
12
14
16
18
21
23
28
30
31
10
16
19
22
26
28
30
39
42
43
11
19
22
23
27
29
30
39
42
43
5
9
12
14
15
16
18
22
25
27
9
13
14
15
16
18
20
23
24
25
17
22
23
24
25
26
28
31
32
33
2
7
10
12
14
16
27
38
41
43
13
19
22
24
26
28
30
44
47
49
0
4
7
8
10
12
19
26
29
31
2
7
10
13
14
16
17
22
25
28
7
13
16
18
20
22
34
44
49
51
16
23
25
26
30
31
33
42
44
45
15
25
26
27
31
33
35
47
48
49
14
22
23
24
25
26
28
31
32
33
3
7
9
12
13
15
21
29
31
34
7
14
16
17
19
22
24
29
31
33
12
19
26
28
30
32
37
48
51
53
14
23
25
26
29
30
32
42
44
45
5
14
16
17
21
24
26
31
33
34
7
12
20
23
31
34
39
48
50
53
6
11
13
16
17
19
22
30
33
39
0
13
16
18
20
22
34
45
49
51
10
16
17
19
20
21
22
29
30
32
3
7
10
12
13
14
16
25
28
30
13
22
25
26
28
30
31
41
44
45
1
5
6
7
8
9
36
47
48
49
9
16
17
18
23
26
27
32
33
35
1
10
13
15
16
17
22
26
29
35
0
4
7
9
10
11
38
48
51
53
54
