time_cost:5817ms
ontime_proportion:0.714286
max_delay:22
avg_delay:2.871429
avg_flowtime:28.700000
object function value:2813.809524
0
0
2
5
8
9
11
22
31
36
39
0
0
0
0
0
0
0
0
2
4
0
0
0
0
0
0
0
0
0
0
0
2
4
5
7
8
12
20
22
26
0
0
0
1
3
7
13
21
24
25
0
0
2
5
6
7
12
17
19
25
0
2
5
8
9
11
15
29
33
36
0
0
0
0
0
0
0
0
1
2
0
0
0
0
0
0
0
0
0
3
0
0
2
3
5
6
9
17
19
20
0
0
0
0
0
0
0
0
0
0
0
0
0
1
3
5
12
21
24
28
0
0
0
0
0
1
11
19
21
22
0
0
0
0
0
0
0
0
1
2
0
0
0
0
0
0
14
23
25
26
0
0
0
1
2
3
15
29
32
35
0
0
0
0
0
0
19
22
23
26
0
0
0
0
0
0
0
0
3
4
0
0
0
0
0
0
0
3
6
7
0
0
0
0
1
2
10
18
20
21
0
0
0
0
1
2
24
32
35
38
0
0
0
0
0
0
0
0
0
0
0
0
0
0
0
0
16
31
33
35
0
0
0
0
0
0
0
29
32
33
0
0
0
0
0
0
16
28
30
33
0
2
4
7
9
10
16
25
27
28
0
0
0
0
0
0
16
24
27
28
0
0
0
0
0
0
0
0
2
6
0
0
0
3
4
5
25
34
39
42
0
0
0
0
0
0
0
0
0
0
2
6
8
11
13
14
15
19
21
24
9
14
17
18
19
21
22
27
30
31
7
13
15
18
19
20
21
27
31
34
3
6
12
15
21
23
25
34
38
41
8
15
17
19
20
22
23
30
31
33
4
9
11
14
17
18
20
25
27
28
1
4
12
17
20
22
23
30
33
36
6
13
16
17
18
20
21
27
31
32
4
8
10
13
15
16
17
26
28
31
2
7
9
10
12
13
15
24
26
27
2
6
8
13
16
17
18
23
28
33
9
16
18
21
22
23
24
32
35
39
4
8
10
13
15
16
17
22
28
35
6
11
13
14
16
17
18
25
27
28
4
8
11
12
14
18
20
24
27
30
2
6
8
15
17
18
19
23
25
28
3
10
13
18
19
21
25
34
38
41
0
13
16
18
30
31
32
44
50
51
9
15
18
20
21
23
24
32
35
36
0
11
15
16
18
20
21
27
29
37
10
18
19
21
23
25
27
39
42
44
1
9
11
15
17
18
20
33
35
37
8
14
17
19
23
25
27
37
42
43
9
19
21
24
25
26
27
37
41
44
0
4
6
9
11
12
15
27
30
39
6
11
13
16
18
19
21
30
33
34
6
13
14
18
26
28
30
40
44
47
12
17
20
23
27
28
29
40
43
46
1
8
11
16
22
24
26
37
40
41
11
17
23
26
28
29
30
42
47
50
12
19
21
23
31
33
34
44
49
51
9
16
17
20
29
31
33
42
46
49
8
15
17
18
26
27
28
35
37
38
5
10
13
14
24
26
28
35
38
39
0
5
8
11
12
14
28
39
44
47
6
13
18
22
25
26
27
35
37
40
12
19
23
24
25
27
28
36
41
42
6
11
14
18
23
25
26
32
36
39
12
21
24
27
31
32
33
43
48
51
14
20
24
25
28
30
31
41
47
48
53
