time_cost:2507ms
ontime_proportion:0.757143
max_delay:17
avg_delay:2.271429
avg_flowtime:25.085714
object function value:2264.761905
0
0
0
0
0
0
0
0
0
0
0
0
0
0
0
0
1
16
20
24
27
0
0
0
0
1
2
25
29
31
34
0
0
0
0
0
0
0
0
33
36
0
0
0
0
0
0
0
0
2
5
0
0
0
0
0
0
0
0
1
2
0
0
0
1
4
6
30
36
41
42
0
0
0
0
0
0
25
29
35
37
0
0
0
0
0
0
0
0
0
3
0
3
5
6
7
10
29
34
38
39
0
0
0
0
0
1
17
22
29
32
0
0
0
0
1
3
13
18
20
23
0
0
1
4
5
6
16
21
25
28
0
0
0
0
0
0
8
12
14
16
0
0
0
0
0
0
0
3
5
7
0
0
0
0
0
0
0
0
1
3
0
0
0
0
0
0
0
0
0
0
0
0
0
0
1
2
19
23
26
27
0
0
0
0
0
0
0
0
0
2
0
0
0
0
0
0
0
0
0
2
0
0
0
0
0
0
0
3
38
41
0
0
0
0
3
4
25
31
34
37
0
0
0
0
0
0
11
15
19
21
0
2
3
6
8
9
11
16
17
20
0
0
0
0
3
5
33
38
42
45
0
0
0
0
0
0
13
17
20
23
0
0
0
0
0
0
0
0
0
0
0
0
0
0
0
0
0
0
0
4
0
0
0
0
1
3
10
15
16
19
0
0
1
3
4
5
21
25
27
29
6
9
12
15
17
19
27
31
34
37
0
4
5
8
9
11
13
18
22
25
7
12
13
14
15
17
21
25
29
30
6
10
12
13
15
16
17
21
23
24
2
6
11
13
14
16
17
21
26
28
10
14
16
19
22
24
29
33
36
39
18
23
29
32
33
34
36
41
42
45
19
23
26
29
30
32
34
38
40
43
3
7
9
13
14
15
29
34
40
42
16
21
23
26
27
28
30
35
37
40
8
12
16
17
19
21
22
26
33
34
9
13
15
16
20
21
27
31
35
39
12
16
18
19
21
22
23
27
32
33
6
9
12
15
16
18
20
23
28
31
14
20
23
26
27
29
31
35
37
40
7
11
13
15
19
21
27
31
36
38
6
10
12
15
16
17
19
23
25
26
7
12
13
16
17
18
20
25
26
29
10
14
17
20
21
23
25
28
32
35
5
11
12
15
23
25
28
33
37
41
0
4
6
7
8
9
23
27
30
31
4
8
10
11
13
14
15
19
21
22
3
7
9
11
12
13
15
19
21
24
1
6
7
10
12
13
14
19
20
23
1
7
9
17
20
22
27
32
37
38
1
6
7
10
12
13
31
36
41
44
4
8
10
11
13
14
15
19
21
22
12
15
18
21
22
24
26
29
32
35
23
27
29
30
31
32
34
38
40
41
1
5
6
8
9
11
23
27
28
29
13
17
22
24
25
27
28
32
34
36
1
5
7
8
10
11
23
32
36
38
5
9
11
16
18
20
21
26
31
34
3
7
9
12
13
15
17
21
23
27
2
6
8
9
11
12
29
34
40
41
5
9
11
12
17
19
21
25
29
30
12
16
18
20
21
23
25
29
31
33
9
14
15
18
21
22
29
34
39
42
9
13
15
17
18
20
21
25
27
29
9
13
15
17
19
21
25
29
31
33
47
