time_cost:2213ms
ontime_proportion:0.571429
max_delay:26
avg_delay:4.971429
avg_flowtime:29.614286
object function value:4272.857143
0
23
27
34
37
38
40
42
45
48
51
0
0
0
1
3
5
23
27
35
38
0
0
0
0
0
0
0
0
0
0
0
0
0
1
3
4
22
28
35
38
0
0
0
0
4
6
27
31
38
40
0
0
0
0
0
0
32
36
45
47
0
0
2
5
6
9
28
32
42
45
0
0
0
0
0
1
13
19
26
29
0
0
0
0
1
3
30
35
43
44
0
0
0
0
0
0
0
1
3
5
0
1
2
5
6
8
18
22
30
33
0
0
0
0
0
0
0
0
0
1
0
0
0
0
0
1
11
16
21
22
14
17
24
26
27
28
34
38
46
48
0
0
0
0
0
0
0
0
0
3
0
0
0
0
2
4
22
26
30
33
0
2
3
6
7
9
30
34
43
46
0
0
0
0
0
0
0
0
0
0
0
0
0
0
0
7
27
32
41
44
0
0
0
0
0
1
18
23
31
34
0
0
0
0
0
0
8
12
16
18
0
0
0
0
0
0
0
1
39
42
0
0
0
0
1
2
10
14
19
21
0
0
0
0
1
3
14
18
26
29
0
0
0
0
0
0
0
0
4
8
0
0
0
0
0
0
0
0
0
2
0
0
0
0
0
0
10
15
19
22
0
0
0
0
1
3
28
31
40
43
0
0
0
0
0
0
0
0
1
4
0
5
6
9
10
11
13
18
20
23
0
3
6
9
10
12
14
17
20
23
3
8
9
12
13
15
18
23
30
34
19
23
26
28
29
30
34
38
47
50
19
24
33
35
36
37
39
43
46
49
10
14
18
21
22
24
25
29
33
35
6
10
13
16
18
20
27
31
38
41
26
32
39
42
43
45
47
51
52
55
3
8
12
15
17
19
23
28
36
39
10
15
19
20
22
25
26
30
38
42
4
8
10
11
13
14
15
19
23
24
9
14
18
19
21
25
30
35
44
45
7
10
13
16
17
19
21
24
27
30
0
4
6
8
9
10
14
18
21
25
0
6
19
22
23
27
34
38
48
51
0
12
15
18
19
21
23
26
29
32
1
5
6
7
8
10
34
40
54
55
3
7
9
11
12
13
15
19
21
23
9
14
16
22
24
25
26
31
32
35
6
10
14
16
17
18
20
24
28
31
0
5
6
9
11
12
13
18
23
27
3
7
9
12
13
17
19
23
25
28
1
5
8
10
11
13
14
20
28
30
23
28
35
38
39
41
43
46
49
52
5
11
12
13
14
17
30
34
42
43
15
20
27
30
31
33
35
39
40
43
18
22
37
40
41
43
45
49
51
54
18
23
30
33
34
35
37
42
43
46
5
9
11
14
15
17
28
33
42
44
11
16
22
24
25
26
31
35
44
46
2
6
7
8
9
11
12
16
18
19
5
10
11
14
15
16
18
23
24
27
9
16
18
21
22
23
25
30
32
35
7
11
15
18
19
21
23
27
33
37
9
14
17
18
20
23
26
32
41
42
24
31
38
41
42
44
46
50
51
55
2
6
8
11
12
14
16
20
22
25
5
9
11
13
14
15
17
21
24
26
4
9
10
13
14
15
17
22
23
26
8
13
16
19
21
22
23
29
35
39
8
11
14
17
18
20
22
25
28
31
56
