time_cost:799896ms
ontime_proportion:0.814286
max_delay:25
avg_delay:2.757143
avg_flowtime:25.000000
object function value:1690.476190
0
0
0
0
1
3
5
13
21
23
24
0
0
0
0
0
0
0
0
0
0
0
0
0
1
3
5
8
13
16
18
0
0
0
3
4
5
10
15
16
17
0
0
0
0
0
0
17
20
21
25
0
0
0
0
1
2
11
18
20
22
0
0
0
0
0
2
18
23
26
28
0
0
1
4
6
8
10
13
14
17
0
0
0
0
0
0
0
1
6
7
0
0
0
0
0
0
0
0
0
0
0
1
2
3
5
7
16
21
22
23
0
0
0
0
0
0
0
0
3
6
0
0
0
0
0
0
7
12
15
17
0
0
0
0
0
1
4
9
12
16
0
2
4
5
7
9
11
16
18
19
0
0
0
0
0
7
24
31
32
35
0
0
0
0
0
0
0
0
1
2
0
0
0
0
0
0
10
17
19
20
23
28
31
34
36
38
39
42
45
48
0
0
0
1
3
5
9
13
16
17
0
0
0
6
8
10
12
16
17
20
0
0
0
0
0
0
9
14
15
16
0
0
0
0
0
0
23
28
31
34
0
0
0
0
0
0
0
0
0
0
0
0
0
0
0
0
0
0
0
0
0
0
1
3
5
7
31
41
47
49
0
0
0
0
0
0
0
0
0
3
0
4
5
10
15
17
19
23
24
27
0
0
0
0
0
2
16
21
22
26
0
0
0
0
1
3
17
20
21
23
0
4
5
8
14
16
31
38
46
49
2
5
8
10
13
15
17
20
23
24
4
7
8
12
17
19
21
24
25
28
0
4
5
17
19
21
23
27
28
31
5
8
11
12
15
17
19
22
25
26
5
8
9
10
12
14
16
19
20
21
10
15
21
22
23
24
28
37
41
42
7
11
13
15
17
19
20
24
26
28
22
27
28
31
33
35
37
40
41
44
7
10
17
20
22
24
25
31
34
37
14
21
24
27
29
31
32
35
38
41
21
26
27
28
29
30
33
39
44
45
10
13
15
17
21
23
24
28
30
32
1
4
5
11
18
20
27
34
38
43
19
23
25
27
28
29
30
33
35
37
5
9
10
11
12
13
15
19
20
22
1
4
7
8
10
12
14
20
23
24
3
6
10
13
20
22
31
43
49
52
4
9
11
12
13
15
20
26
28
29
8
11
16
19
21
23
28
35
41
44
20
26
29
32
34
36
37
40
43
46
8
15
17
19
20
22
23
28
30
31
26
34
37
38
40
42
44
49
52
53
7
10
11
14
16
18
26
32
37
40
0
3
4
7
8
9
13
17
18
19
2
7
9
10
11
12
13
18
20
21
25
31
35
38
40
42
43
46
49
52
19
25
27
30
32
34
36
41
44
47
6
11
13
14
15
16
18
24
27
29
3
8
10
11
12
13
14
19
21
23
0
5
7
8
13
15
17
22
24
25
0
3
4
5
7
9
11
14
15
16
5
8
9
10
11
12
13
16
17
19
0
3
4
10
19
21
28
36
40
41
2
5
8
9
11
13
15
18
21
22
5
10
12
14
18
20
22
27
29
32
8
12
13
16
21
23
24
27
28
30
3
7
8
15
17
19
33
39
49
52
11
15
19
20
24
26
29
38
42
43
23
29
34
35
37
39
41
46
48
49
55
