time_cost:1422319ms
ontime_proportion:0.914286
max_delay:13
avg_delay:0.585714
avg_flowtime:22.185714
object function value:596.666667
0
0
0
0
0
0
1
13
17
18
20
0
0
0
0
0
0
0
0
1
2
0
0
0
0
2
4
11
15
18
21
0
0
0
1
2
3
9
14
16
17
0
0
0
0
0
0
0
0
0
1
0
0
0
0
0
0
5
8
15
19
0
0
0
0
0
0
18
23
25
27
0
0
0
0
0
0
0
0
1
4
0
0
0
0
0
0
0
0
0
1
0
0
0
0
0
0
0
0
1
2
0
0
0
0
0
0
0
0
2
4
0
0
0
0
0
0
0
12
22
25
0
0
0
0
0
0
0
1
2
3
0
0
0
1
3
5
16
21
23
24
0
0
0
0
0
1
9
14
17
20
0
0
0
0
0
0
0
0
0
0
0
0
0
0
1
2
15
19
20
21
0
0
0
0
0
0
0
1
4
7
0
0
0
0
0
0
0
0
1
2
0
0
0
0
0
0
0
0
0
0
0
0
0
2
4
6
12
18
21
28
0
0
0
0
1
2
10
15
18
20
0
0
0
0
0
0
15
20
22
23
0
0
0
0
0
0
0
0
2
3
0
0
0
0
2
4
29
33
36
39
0
3
6
7
9
11
17
20
23
24
0
0
0
0
0
0
0
0
1
2
0
0
0
0
0
3
15
18
21
22
0
0
0
0
0
1
20
23
25
26
0
0
0
0
0
0
15
18
21
22
0
5
7
8
9
10
11
16
19
21
3
6
9
10
17
19
26
29
32
33
1
5
9
15
19
23
25
29
32
35
0
3
6
7
9
11
13
16
19
24
12
15
16
19
21
23
32
35
39
43
6
10
13
16
18
22
28
32
33
36
8
11
15
18
21
24
25
28
31
34
5
10
12
13
14
15
18
24
26
27
14
21
24
26
27
28
29
33
36
38
3
7
8
11
15
17
23
27
28
31
5
9
12
18
20
22
24
28
29
32
9
12
15
21
23
25
27
30
31
34
6
9
11
13
15
16
20
24
26
28
0
3
4
5
7
9
23
26
27
28
1
6
8
9
11
13
16
23
25
28
14
18
19
20
23
29
32
36
42
43
11
14
16
17
22
25
27
30
34
41
2
6
11
14
16
19
21
25
26
30
3
7
8
13
15
17
19
23
24
28
19
23
24
25
26
29
32
36
39
40
23
26
27
30
32
34
36
39
40
43
6
9
13
14
17
18
19
22
23
26
10
16
19
22
24
26
27
30
33
38
3
8
10
11
12
13
23
28
30
31
7
11
14
15
18
21
23
27
28
29
4
8
9
12
14
16
18
22
23
26
4
7
13
16
19
21
27
30
33
36
1
4
5
6
10
12
25
28
29
30
8
12
14
15
18
19
21
25
26
27
3
6
7
10
23
25
30
34
38
41
11
15
16
19
21
24
28
33
36
39
7
11
13
14
16
17
21
25
26
27
6
10
12
13
14
15
17
21
22
23
0
3
4
8
11
21
26
29
30
31
2
5
8
9
11
13
15
21
24
25
1
4
5
6
7
8
14
17
19
20
8
11
12
13
14
15
17
20
21
22
14
17
18
19
24
27
28
31
34
35
10
14
15
16
17
19
23
27
28
29
7
12
14
15
25
27
30
35
41
42
45
