time_cost:2517ms
ontime_proportion:0.842857
max_delay:13
avg_delay:0.814286
avg_flowtime:23.871429
object function value:1367.142857
0
0
0
0
0
0
0
15
20
21
23
0
0
0
0
0
0
0
0
0
0
0
0
0
0
0
0
12
16
18
21
0
3
4
6
7
8
15
20
22
24
0
0
1
4
5
6
12
17
21
24
0
0
1
2
3
5
16
22
24
25
0
0
1
4
5
7
20
26
27
30
0
0
0
0
0
0
15
22
24
25
0
0
0
0
0
0
0
0
2
3
0
0
0
0
0
0
16
21
24
25
0
0
0
1
3
5
14
18
20
21
0
0
0
0
0
0
0
3
21
24
0
0
0
0
0
1
17
24
26
27
0
0
0
0
0
0
0
0
0
1
0
0
0
0
0
2
21
27
28
31
0
0
0
0
0
0
0
2
5
7
0
0
0
0
0
0
0
0
0
1
0
0
0
2
3
4
23
27
30
32
0
0
0
0
0
0
0
0
0
0
0
0
0
0
0
0
0
0
0
0
0
0
0
0
0
2
14
17
21
24
0
0
0
0
0
0
0
0
0
3
0
2
3
5
6
7
24
27
28
30
0
0
0
0
0
0
0
0
2
5
0
0
0
0
1
2
23
28
29
31
0
0
0
0
0
1
17
23
25
26
0
3
5
6
8
10
15
18
20
23
0
0
0
0
0
0
0
0
0
0
0
1
4
5
6
7
20
23
26
27
0
0
0
0
0
0
0
0
0
0
9
12
14
17
19
20
24
28
29
31
8
12
14
15
16
18
19
23
25
26
3
6
8
9
11
13
14
18
20
21
5
8
11
12
14
16
17
20
22
23
8
13
14
16
17
18
21
27
28
30
0
3
5
6
8
10
14
18
20
21
3
8
9
12
13
14
19
28
31
34
6
11
12
14
18
19
24
29
30
32
6
9
11
12
14
16
17
20
22
28
3
7
10
13
14
15
16
20
24
27
10
15
16
18
19
20
23
29
32
34
7
10
12
13
15
17
18
21
23
26
2
6
9
12
13
14
23
28
32
35
7
10
12
13
15
17
18
21
23
26
7
12
13
15
21
22
24
30
33
35
2
7
8
11
12
13
27
32
34
37
0
4
5
8
9
11
25
29
32
35
3
8
9
13
14
15
28
33
35
38
8
12
15
16
17
19
20
25
27
28
12
16
18
20
21
22
24
28
31
33
8
11
13
14
18
19
20
24
26
27
7
10
20
22
23
24
25
28
30
32
11
16
18
19
20
21
22
25
27
28
6
9
19
21
22
23
27
30
33
36
10
15
16
18
19
20
27
32
35
37
12
15
17
19
21
23
25
29
31
33
1
5
6
9
10
12
28
32
37
40
4
7
9
10
22
24
29
32
35
36
11
15
18
20
24
25
30
34
38
40
4
9
12
15
20
22
32
36
40
43
0
3
6
8
9
10
20
24
27
28
4
13
16
17
22
23
28
31
37
38
0
4
5
8
19
21
27
31
34
37
2
6
7
10
11
13
27
31
35
38
7
11
13
14
16
18
20
26
28
29
10
14
15
17
23
24
29
33
36
38
12
16
17
19
20
21
28
33
37
39
11
14
16
17
18
19
21
26
28
29
9
14
15
17
24
26
32
37
40
42
3
7
12
15
22
24
32
36
39
42
44
