time_cost:2072ms
ontime_proportion:0.685714
max_delay:27
avg_delay:4.171429
avg_flowtime:30.971429
object function value:3175.238095
0
0
0
0
0
0
0
11
17
22
23
8
13
17
18
21
23
26
40
46
47
0
0
0
0
1
3
9
14
17
19
0
0
0
0
0
0
0
2
4
23
0
0
0
0
0
0
0
2
6
9
0
0
0
0
0
0
26
39
48
51
0
0
0
0
0
2
9
15
18
20
0
0
0
1
3
5
22
30
37
40
0
0
0
0
1
2
9
12
14
20
0
0
0
2
3
5
16
26
32
35
0
0
0
0
1
3
8
14
18
19
0
0
0
0
4
6
30
43
51
54
0
3
5
8
10
11
12
24
27
32
0
0
0
0
0
0
0
5
9
10
0
1
3
6
8
9
14
24
27
30
0
0
0
0
0
0
0
2
3
5
0
0
0
0
0
0
13
17
21
24
0
4
7
8
10
12
14
18
21
22
0
0
0
1
2
4
12
20
23
26
0
0
0
0
0
1
11
20
23
26
0
0
0
0
0
0
0
0
1
3
0
0
0
0
2
3
16
31
35
38
0
0
0
0
0
0
0
0
3
4
0
0
0
0
0
0
0
0
0
3
0
0
2
8
10
11
18
36
38
41
0
0
0
0
0
0
22
38
39
41
0
1
3
6
8
9
14
29
32
35
0
0
2
3
5
7
29
43
54
55
0
0
0
0
0
0
0
36
44
45
0
14
17
18
25
27
28
36
41
42
3
8
16
19
20
22
23
26
29
32
7
13
16
17
19
21
23
27
30
31
7
11
15
18
20
21
22
26
31
34
8
12
14
15
17
18
19
24
30
33
6
11
13
15
23
25
30
44
54
56
23
33
40
43
44
46
47
50
53
56
2
5
15
18
19
21
26
38
45
48
6
12
15
19
21
23
24
29
31
32
10
17
20
21
23
25
27
33
36
38
23
32
37
40
41
43
45
48
49
52
1
5
6
8
11
13
20
28
34
36
5
9
12
13
15
17
19
23
26
27
10
16
20
23
25
26
27
31
34
37
18
28
36
39
40
41
42
45
47
50
4
8
10
13
16
17
18
23
26
29
4
7
10
13
14
16
17
20
23
26
5
8
11
12
13
15
24
33
43
44
6
11
12
15
16
18
20
23
24
27
11
16
19
22
23
25
27
39
45
48
12
20
26
29
30
32
33
36
39
42
15
25
29
31
32
34
35
43
52
54
2
6
8
15
18
20
21
31
35
36
5
10
12
14
15
17
18
23
25
27
18
29
35
36
38
39
41
46
48
49
1
4
7
10
11
13
14
26
30
33
13
21
26
29
30
32
33
36
39
42
5
10
12
13
15
16
18
23
25
26
10
16
19
22
23
25
26
30
33
37
5
10
13
14
17
19
21
29
36
37
15
26
32
35
36
37
38
41
43
46
3
7
9
10
12
13
14
18
20
21
3
7
10
11
13
15
17
33
36
37
10
19
22
23
25
27
29
33
36
37
0
3
14
17
18
19
25
36
42
45
12
17
22
25
26
28
29
33
40
43
2
13
18
21
22
23
24
27
29
32
7
12
13
16
17
19
21
25
27
30
3
6
8
11
12
14
28
41
50
53
0
4
5
7
8
10
15
22
23
25
1
4
5
8
9
11
15
26
31
34
57
