time_cost:2985ms
ontime_proportion:0.785714
max_delay:10
avg_delay:1.114286
avg_flowtime:21.971429
object function value:1875.238095
0
0
0
0
0
0
0
0
0
0
0
0
0
0
0
0
0
0
0
3
4
0
0
0
0
1
3
28
32
33
36
0
0
0
0
0
0
0
0
1
2
0
0
0
0
3
5
22
27
30
32
0
0
0
0
0
0
0
0
0
0
0
0
0
0
0
0
25
30
31
34
0
0
0
0
0
0
0
0
0
3
0
0
0
0
0
1
27
32
34
36
7
12
13
15
16
17
18
22
23
26
0
0
0
0
1
2
20
24
27
30
0
1
2
5
6
7
9
14
15
18
0
0
0
0
1
3
9
14
19
22
0
0
1
3
4
5
25
28
29
31
0
0
0
0
0
0
0
1
2
6
0
0
0
0
0
0
0
0
0
0
0
0
1
4
5
6
22
27
28
31
0
0
0
1
2
3
17
23
24
26
0
0
0
0
0
0
15
21
22
26
0
0
0
0
0
0
16
22
23
26
0
0
0
0
0
0
0
0
0
0
0
0
0
0
0
0
0
0
1
3
0
0
1
2
3
4
25
29
32
33
0
0
0
0
0
0
25
29
32
35
0
0
0
0
0
0
0
0
0
2
0
0
0
0
0
0
0
0
0
1
0
0
0
0
0
0
0
0
0
0
0
0
0
0
0
1
28
34
36
39
0
0
0
0
0
0
0
0
0
1
0
0
0
0
0
0
13
16
18
20
8
12
13
16
22
24
26
30
31
34
5
9
10
13
15
17
19
23
24
28
4
13
14
17
18
20
24
28
29
33
18
22
24
27
28
30
32
36
37
40
6
10
12
13
14
15
16
19
21
24
2
8
10
13
14
15
16
19
21
22
0
3
5
6
8
10
14
17
19
20
1
4
6
7
9
11
12
15
17
18
1
13
16
17
18
20
21
25
27
29
6
15
18
19
23
25
26
30
34
35
4
7
9
10
12
14
15
18
20
22
5
8
10
11
13
15
16
19
21
24
10
15
18
19
20
22
24
28
31
32
5
8
11
12
14
15
16
19
22
23
3
8
10
15
17
19
22
26
28
30
1
5
7
12
21
23
24
28
30
31
6
11
12
14
16
17
18
23
27
29
0
5
8
9
11
12
13
16
22
27
8
12
13
16
17
19
21
25
26
29
7
10
12
13
15
16
17
20
22
23
0
3
6
7
8
9
14
21
24
26
15
21
23
24
26
28
30
33
35
37
1
5
8
14
17
18
19
23
31
34
8
13
20
21
22
24
28
32
35
36
9
14
15
17
24
26
28
33
34
36
2
10
21
24
25
26
28
32
36
39
11
15
17
18
19
21
22
26
28
29
12
17
20
22
25
27
30
35
39
40
3
7
8
10
11
12
13
17
18
20
0
3
5
7
12
14
22
25
27
28
10
13
17
18
21
22
23
26
29
30
5
10
12
13
15
17
19
23
25
26
2
6
7
9
10
11
12
17
19
21
10
15
16
19
20
21
23
28
29
32
8
12
18
21
22
24
26
30
32
35
4
7
10
11
12
13
14
17
22
24
6
10
13
14
15
16
17
20
23
25
7
13
14
16
17
18
19
25
26
28
3
6
7
9
10
11
12
15
16
18
0
3
4
6
7
8
19
24
25
28
41
