time_cost:1116685ms
ontime_proportion:0.757143
max_delay:20
avg_delay:2.557143
avg_flowtime:25.485714
object function value:2278.095238
0
0
0
1
3
4
5
31
39
42
45
0
0
0
1
2
3
15
19
20
21
0
0
0
0
0
0
11
24
26
29
0
0
0
0
1
2
23
27
28
29
0
0
0
0
2
4
36
43
44
46
0
0
1
4
5
7
30
38
46
49
0
0
0
0
0
1
16
20
21
23
0
0
0
0
0
0
25
31
33
34
0
4
7
9
10
12
13
18
21
23
0
0
0
0
0
0
3
4
7
12
0
0
0
0
0
0
0
0
0
1
0
0
0
0
1
3
20
25
27
28
0
0
0
0
1
2
19
22
23
24
0
0
1
2
3
4
8
11
12
14
0
0
0
0
0
0
0
0
2
3
0
0
0
0
0
0
0
0
4
6
1
3
4
5
6
7
27
30
31
32
0
0
0
0
2
4
17
21
24
25
0
0
0
0
0
0
0
1
4
5
0
0
0
0
0
0
0
0
0
0
0
0
0
0
0
0
0
0
0
0
0
6
8
9
10
12
20
29
31
32
19
21
24
26
27
28
30
34
37
39
0
0
0
0
0
0
0
0
0
0
0
0
0
0
0
0
0
1
3
7
20
25
28
30
31
33
34
42
45
47
0
0
0
0
0
0
0
0
2
4
0
0
0
0
1
2
8
12
15
17
0
0
0
0
0
0
0
0
0
3
0
0
0
1
4
6
30
37
39
43
1
5
8
9
13
15
38
44
47
48
9
15
17
18
20
23
26
33
35
36
12
21
23
24
26
29
37
44
46
47
9
16
18
19
21
25
39
46
48
49
0
4
5
7
8
10
11
15
16
19
8
13
14
15
16
21
26
30
32
33
4
7
8
9
10
11
13
18
19
20
4
8
10
11
13
14
16
24
26
27
7
11
13
14
16
17
23
28
30
31
0
13
16
18
21
23
24
30
33
35
21
24
25
26
28
30
39
47
48
49
5
8
9
10
11
14
20
23
24
25
15
20
23
25
26
28
29
34
37
39
2
6
9
11
12
13
15
19
22
24
17
26
29
31
32
33
35
41
44
46
4
9
10
12
13
15
16
21
24
26
14
19
21
22
24
26
28
34
36
37
12
16
18
19
21
22
24
28
30
33
4
8
9
11
12
14
34
42
43
45
7
11
12
13
15
16
18
22
23
24
8
12
15
16
18
20
25
31
34
36
5
13
16
18
19
20
34
39
42
44
6
10
12
15
16
18
22
26
28
31
8
12
13
16
17
18
20
23
24
26
13
17
20
21
23
25
27
33
36
37
9
15
17
21
22
24
28
37
39
42
11
17
19
20
23
25
27
32
34
35
5
9
10
11
12
13
16
20
21
22
0
4
6
7
9
10
21
25
27
28
5
10
13
14
18
20
22
28
31
32
10
14
17
19
20
21
23
27
30
32
4
8
10
13
15
18
38
45
47
48
0
9
12
14
15
17
25
30
33
35
19
23
25
28
29
31
32
36
38
41
3
7
11
12
14
16
19
23
26
27
7
12
15
17
18
20
21
26
29
31
3
7
8
10
11
12
13
17
18
20
11
16
19
21
22
24
26
31
34
36
16
19
20
21
22
23
34
40
41
44
1
4
5
6
7
8
25
29
31
32
51
