time_cost:1010368ms
ontime_proportion:0.942857
max_delay:9
avg_delay:0.314286
avg_flowtime:20.771429
object function value:263.809524
0
0
0
0
0
0
0
0
0
1
6
0
0
0
0
0
0
0
0
0
0
0
0
0
0
0
0
30
33
36
38
0
0
0
2
3
5
11
16
19
22
0
0
0
0
0
0
21
26
27
29
0
0
0
0
0
0
0
2
3
7
0
0
0
0
0
0
0
9
11
14
0
0
0
0
0
0
0
0
1
2
0
0
0
0
0
1
7
15
18
20
0
0
0
0
0
0
22
24
28
29
0
0
1
4
5
6
12
17
20
23
0
0
0
0
0
1
16
20
22
25
0
0
0
0
0
0
0
1
2
5
0
0
0
0
0
0
18
22
23
26
0
0
0
0
0
0
0
0
0
0
0
0
0
0
1
2
11
14
18
19
0
0
0
0
0
0
0
0
0
1
0
0
0
0
0
0
0
3
6
7
0
0
0
0
0
0
0
0
0
0
0
0
0
0
0
0
0
0
1
3
0
0
0
0
0
0
22
26
29
30
0
1
4
7
8
9
14
20
23
26
0
0
0
0
0
0
0
0
0
1
0
0
0
0
0
0
0
0
2
4
0
0
0
0
1
3
14
18
20
21
0
0
0
0
0
0
0
0
1
3
0
0
0
1
2
3
18
21
24
26
0
0
0
0
1
2
18
22
24
26
0
0
0
0
2
3
19
24
26
29
0
0
0
0
0
0
9
14
15
18
19
24
26
29
30
32
34
38
39
42
22
27
30
31
32
34
35
39
41
42
1
6
8
9
11
12
15
19
22
23
5
9
10
12
13
14
15
19
20
22
4
10
12
15
17
18
22
27
29
32
18
23
27
28
29
30
31
34
37
38
8
11
13
15
16
17
19
22
25
27
0
3
4
6
7
8
23
26
29
31
14
20
22
24
25
26
27
32
33
35
4
8
9
12
13
15
17
21
22
25
8
11
15
16
20
22
24
27
29
32
8
13
14
16
17
18
24
29
30
32
0
4
6
7
8
10
11
15
19
21
18
22
24
25
26
28
29
33
35
36
7
11
12
14
15
16
26
30
36
38
7
12
13
16
17
19
21
25
28
31
3
7
9
10
12
14
15
19
21
22
9
12
16
18
19
20
21
24
30
33
3
8
12
15
16
17
21
26
28
30
15
18
23
24
25
26
27
30
33
34
1
6
7
9
10
11
26
31
33
35
0
5
6
9
10
11
13
18
19
22
11
14
15
17
18
19
20
25
26
28
7
11
14
17
19
21
26
30
33
37
6
10
12
13
14
16
30
34
38
41
1
4
6
7
8
9
14
17
19
20
17
21
22
24
25
26
27
30
31
33
1
4
7
9
10
11
12
15
18
19
4
7
9
10
11
12
13
16
18
19
3
9
10
13
14
15
25
29
31
33
11
17
21
22
24
26
27
31
36
39
1
4
7
8
9
10
11
14
17
18
5
9
10
12
15
16
24
28
32
34
3
7
9
10
11
13
14
18
20
21
5
8
12
13
14
15
18
21
26
27
4
9
10
12
13
14
19
23
25
27
10
13
16
18
19
20
24
28
31
34
9
12
16
18
19
20
21
24
27
29
1
4
5
7
8
9
12
15
17
19
7
12
17
20
21
22
23
27
33
36
43
