time_cost:1402221ms
ontime_proportion:0.857143
max_delay:11
avg_delay:1.014286
avg_flowtime:25.157143
object function value:1267.142857
0
0
0
1
2
4
6
13
16
17
18
0
0
0
0
1
2
22
26
29
31
0
0
0
0
0
0
11
17
20
25
0
1
3
4
6
8
12
17
20
21
0
0
0
0
0
0
0
0
0
1
0
0
0
0
0
0
0
0
0
1
0
0
0
0
0
0
0
0
0
2
0
0
0
0
0
1
12
15
16
19
0
0
0
0
1
2
18
21
22
23
0
0
0
0
0
3
15
18
20
22
0
0
0
0
0
0
0
0
2
3
0
0
0
2
4
6
11
16
17
20
0
5
10
11
14
16
18
21
24
25
0
0
0
0
2
4
27
31
34
37
0
0
0
0
1
2
13
18
20
24
0
0
0
0
0
0
19
23
26
28
0
0
0
0
0
1
16
19
20
21
0
0
0
0
0
0
29
33
36
38
0
0
0
0
0
0
0
0
0
1
0
0
0
0
1
2
18
23
28
29
0
0
0
0
0
0
0
0
1
2
0
0
1
2
4
6
12
16
19
20
0
0
0
0
2
4
17
20
21
24
0
0
0
3
7
9
18
22
25
28
0
0
0
0
0
0
9
12
15
18
0
0
1
4
6
8
20
28
31
36
0
2
5
6
8
10
12
16
19
20
0
0
0
0
0
0
26
32
33
36
0
0
0
0
0
0
0
0
0
0
4
7
9
12
15
17
19
22
23
26
6
11
16
19
21
23
24
27
31
34
7
11
12
15
17
19
21
25
26
30
5
8
11
12
14
16
18
22
25
26
11
16
18
21
22
23
25
30
32
33
9
14
15
16
25
28
31
35
39
40
8
11
13
19
24
26
28
32
35
38
10
13
17
22
24
26
27
31
34
39
12
16
18
20
24
27
30
33
37
39
7
10
12
14
16
18
19
22
25
27
3
11
13
15
23
26
27
32
35
36
8
13
15
16
18
20
22
27
29
31
5
12
15
18
23
25
30
35
37
38
0
3
4
6
8
10
21
25
27
28
6
10
12
14
25
27
30
34
38
39
2
8
14
17
20
22
23
26
30
32
8
15
17
20
22
24
26
30
31
34
5
9
11
13
14
15
16
19
21
25
8
11
14
15
20
23
25
28
30
32
2
5
8
9
11
13
15
18
21
22
15
21
23
26
28
30
32
35
36
39
8
12
13
18
20
22
25
31
32
36
1
5
6
11
17
19
21
25
29
32
8
14
16
17
22
24
25
30
32
34
4
8
12
14
21
22
23
26
28
30
1
6
8
9
10
11
13
19
21
22
10
13
16
17
23
25
27
33
36
39
3
9
11
12
19
21
22
27
29
30
0
3
6
14
17
19
25
28
31
32
1
4
7
10
12
14
15
19
22
25
4
8
9
10
13
21
23
29
30
32
5
8
9
11
13
15
17
20
21
22
1
5
6
10
12
14
21
25
26
30
0
3
4
5
6
8
23
26
28
29
3
6
8
10
11
12
15
21
23
27
0
7
10
13
16
18
20
24
28
31
0
4
5
8
10
12
16
21
25
28
6
10
11
13
19
21
22
25
27
28
13
17
20
23
25
27
29
32
33
37
9
13
16
17
19
24
27
30
34
35
3
6
7
8
15
17
19
23
24
26
41
