time_cost:1368700ms
ontime_proportion:0.871429
max_delay:11
avg_delay:0.757143
avg_flowtime:22.971429
object function value:1051.428571
0
0
0
0
0
0
0
0
1
4
7
0
0
0
0
0
0
0
0
0
0
0
0
0
0
0
0
0
0
0
2
0
0
0
0
0
0
0
1
4
7
0
0
0
0
0
0
1
4
5
7
0
0
1
3
4
5
24
28
29
31
0
1
3
4
5
6
16
19
21
22
0
0
3
4
5
7
21
24
26
27
0
0
0
0
0
0
0
1
3
4
0
0
0
0
0
0
0
0
0
0
0
0
0
1
2
3
18
22
24
25
0
3
4
6
7
8
21
24
25
27
0
0
0
0
0
0
13
17
18
21
0
0
0
0
0
1
23
27
30
33
0
0
1
4
6
8
19
24
25
29
0
0
0
1
2
3
16
21
26
29
0
5
6
9
10
11
13
18
22
25
0
2
3
5
6
7
9
12
13
15
0
0
0
1
2
4
28
34
36
37
0
3
6
8
9
10
24
27
30
31
0
0
0
0
0
2
24
27
29
30
0
0
0
0
0
1
7
14
17
18
0
0
0
0
3
4
21
25
27
28
0
0
0
0
0
0
0
0
0
0
0
0
0
0
0
0
0
0
0
0
0
0
0
0
0
0
0
0
0
1
0
0
0
0
0
0
0
0
1
2
0
0
0
3
4
5
10
15
16
19
0
0
0
0
0
1
21
25
28
29
0
0
0
0
1
2
14
18
20
22
1
6
7
10
11
12
21
26
27
30
3
6
11
12
15
16
31
34
37
38
17
21
23
24
25
27
31
36
38
39
10
15
17
18
19
20
21
26
28
29
7
11
13
14
15
16
18
23
25
26
4
9
10
12
13
14
16
21
22
25
12
16
19
20
21
23
28
33
36
37
9
13
15
16
18
20
26
29
31
32
6
10
12
14
15
17
24
30
32
33
6
9
11
12
13
14
15
18
20
23
12
16
18
19
20
22
27
31
35
37
2
6
9
11
13
14
27
31
33
35
0
5
6
8
9
10
11
16
21
23
14
18
21
24
25
26
27
32
35
38
0
4
7
10
11
12
13
18
21
26
9
13
16
19
20
21
22
26
29
32
0
3
6
7
8
9
10
13
16
17
4
7
10
11
12
13
21
25
27
28
5
10
11
13
14
15
16
21
22
24
7
12
15
18
19
20
22
29
30
33
5
9
12
15
16
17
24
30
33
36
7
12
13
15
16
17
21
25
26
28
3
7
10
11
22
24
32
37
39
40
10
15
18
21
22
24
26
30
32
35
12
17
19
22
23
25
27
32
36
39
2
6
9
12
20
22
31
36
37
40
6
11
14
15
17
18
27
31
34
36
18
21
24
25
26
27
28
31
34
35
12
16
17
20
21
23
25
30
31
34
3
7
8
11
12
13
24
29
31
33
9
14
15
17
18
19
29
37
38
40
16
22
25
27
28
29
30
35
37
40
2
7
8
10
11
12
13
18
19
21
0
3
5
6
7
8
24
28
30
31
9
12
14
15
16
17
18
23
25
26
6
9
12
13
14
15
17
20
24
26
3
6
8
9
12
14
29
34
36
37
18
22
24
25
27
29
30
35
37
38
9
13
15
16
17
19
20
24
28
29
6
10
11
13
14
15
28
33
35
37
41
