time_cost:930894ms
ontime_proportion:0.700000
max_delay:21
avg_delay:3.628571
avg_flowtime:28.928571
object function value:2964.285714
0
0
0
0
0
0
0
0
0
0
2
0
0
0
1
3
4
12
18
21
23
0
0
0
0
0
0
0
0
0
1
0
0
0
0
1
2
17
29
31
34
0
0
0
0
0
1
11
17
21
24
0
3
5
8
9
10
15
23
25
28
0
1
4
7
8
9
19
35
37
40
0
0
3
6
7
9
16
38
43
46
0
3
6
9
10
12
13
21
24
28
0
0
0
0
0
0
6
12
14
16
0
0
0
0
0
0
0
0
2
5
0
0
0
0
0
0
0
0
3
4
0
0
2
3
4
6
13
22
25
26
0
2
18
21
22
23
24
29
32
35
0
0
0
0
0
0
0
0
0
0
0
0
0
3
5
6
19
34
37
41
0
0
0
0
0
0
15
23
26
29
0
0
0
0
0
0
0
2
18
22
0
4
6
10
12
13
16
41
46
49
0
0
0
1
3
4
6
12
15
16
0
3
7
9
10
12
19
43
48
50
0
0
0
0
0
0
16
34
38
41
0
0
1
4
5
7
18
31
32
35
0
0
0
0
0
0
0
0
0
2
0
0
0
0
0
0
0
0
2
5
0
0
0
0
0
0
0
0
0
0
0
2
3
6
7
11
19
41
44
47
0
0
0
0
0
0
0
0
0
0
0
0
0
0
1
3
8
14
26
28
0
0
0
0
1
2
13
19
22
24
9
14
18
21
22
24
25
28
31
34
4
8
10
13
14
15
16
20
22
25
8
13
16
19
23
25
26
37
40
43
2
7
12
14
16
18
19
25
34
37
0
3
12
15
18
20
22
28
29
32
9
13
16
17
26
28
29
41
46
47
3
8
10
13
14
16
17
24
27
29
5
9
15
16
18
20
22
26
29
30
3
6
9
12
15
17
18
29
39
42
10
17
28
31
32
34
36
42
47
50
10
17
21
24
25
27
28
31
35
38
0
4
6
7
9
10
11
15
17
18
12
19
22
25
26
28
29
32
35
38
14
21
24
27
28
30
31
38
43
46
2
6
9
12
15
16
24
36
40
43
11
16
17
19
20
22
23
32
35
37
4
8
11
12
14
16
18
35
38
39
9
16
19
22
24
26
27
38
41
44
12
20
24
25
27
29
31
35
38
39
5
9
12
15
17
19
20
26
31
34
15
25
28
29
30
32
33
41
46
48
9
16
19
22
25
26
27
33
35
38
1
5
7
10
12
13
25
37
41
44
3
6
12
15
16
17
29
39
44
47
7
10
14
15
16
18
19
22
25
26
6
10
13
14
19
21
23
31
34
35
0
4
6
9
10
11
21
35
38
41
2
6
8
14
20
22
23
34
36
38
7
13
16
19
20
22
23
29
33
36
10
14
20
23
24
26
27
32
36
37
2
7
9
10
12
13
15
24
26
27
10
17
19
20
22
23
25
32
34
35
6
11
13
15
17
18
20
25
27
28
6
9
15
18
28
30
32
40
42
45
3
6
9
12
13
15
16
25
28
31
13
20
23
27
29
31
32
41
45
48
15
27
29
32
34
35
36
40
43
46
6
9
15
18
22
23
28
37
40
43
12
18
21
22
23
25
26
29
32
33
6
11
14
17
18
20
21
26
29
32
51
