time_cost:1432372ms
ontime_proportion:0.957143
max_delay:8
avg_delay:0.185714
avg_flowtime:22.385714
object function value:174.761905
0
0
0
0
0
0
2
13
17
21
25
0
0
0
0
0
0
0
0
0
3
0
0
0
0
0
0
0
13
17
20
0
2
4
6
7
8
18
21
24
26
0
0
0
0
0
0
7
12
14
15
0
0
0
0
0
0
9
15
17
18
0
0
0
0
0
0
9
11
15
18
0
0
0
0
0
0
0
0
0
0
0
0
0
0
0
0
0
0
0
0
0
1
5
10
11
12
15
22
26
29
0
0
0
0
1
2
14
19
21
22
0
0
0
0
0
0
0
0
1
6
0
0
0
0
0
1
12
16
18
19
0
0
0
1
2
3
14
19
22
23
0
0
0
0
0
0
13
17
20
21
0
0
0
0
0
0
0
0
0
1
0
0
0
0
0
0
0
0
1
2
0
0
0
0
0
0
0
0
0
0
0
0
0
0
0
1
12
16
19
22
0
2
3
8
13
15
17
20
21
24
0
0
0
0
2
4
14
19
22
23
0
0
0
0
0
0
0
0
2
3
0
0
0
0
0
0
0
1
19
23
0
0
0
0
0
0
0
0
1
2
0
1
4
10
12
14
15
19
22
26
0
0
0
0
0
0
18
21
23
24
0
0
0
1
2
3
17
22
25
26
0
0
0
0
0
0
0
0
0
0
0
0
0
0
0
0
0
0
0
0
0
0
1
2
4
6
19
22
23
25
8
13
16
17
24
26
27
32
34
35
5
8
11
14
16
18
27
31
33
36
8
11
13
15
22
28
29
32
34
36
7
13
15
16
18
20
22
27
29
30
4
7
9
10
18
20
22
25
26
28
3
7
9
14
16
18
20
24
25
28
11
14
17
18
20
22
24
29
32
33
5
8
10
12
13
14
23
26
29
31
5
9
10
13
15
17
19
23
24
27
4
7
8
9
10
11
19
23
24
25
11
17
19
20
21
22
23
28
30
33
12
16
17
20
22
24
26
29
31
36
0
3
4
5
6
7
11
14
16
17
8
11
13
14
17
19
21
24
26
27
0
3
4
5
6
7
18
21
22
24
12
16
18
21
23
25
27
30
31
34
2
5
6
7
9
11
15
18
20
23
1
5
7
8
9
10
18
25
31
32
3
6
7
8
11
13
15
18
21
30
3
11
13
14
16
17
18
23
28
29
2
5
6
7
8
9
16
19
20
21
0
4
8
12
14
16
24
28
29
32
5
8
12
15
18
20
21
24
28
31
2
5
7
9
10
11
21
24
27
29
7
10
14
17
20
22
24
27
28
31
11
15
16
19
24
26
28
32
34
37
6
10
12
13
14
15
16
20
27
28
0
3
5
7
8
9
15
26
28
30
1
4
7
10
12
14
19
22
25
29
7
11
12
15
22
24
26
30
31
34
5
9
10
11
15
23
25
29
30
32
6
9
11
16
25
28
30
33
36
38
9
14
16
19
20
27
28
33
36
37
2
11
15
18
21
23
25
30
32
33
9
12
15
16
19
21
23
26
27
28
0
3
4
5
6
7
21
25
26
27
10
15
18
21
23
25
27
32
34
35
1
5
7
8
10
15
22
27
31
32
3
6
9
12
14
16
17
20
23
26
8
13
14
15
17
18
20
25
32
33
39
