time_cost:1232769ms
ontime_proportion:0.885714
max_delay:15
avg_delay:0.842857
avg_flowtime:24.014286
object function value:943.333333
0
0
0
0
0
0
0
22
27
30
32
0
0
0
0
0
0
0
0
1
3
0
0
0
0
0
0
23
27
28
30
0
0
0
0
0
0
15
19
20
21
0
0
0
0
0
0
0
2
7
10
0
0
0
0
0
0
0
0
0
3
0
0
0
0
0
0
0
4
5
10
0
0
0
0
0
0
0
0
0
1
0
0
0
0
0
0
19
24
27
29
0
0
0
0
0
0
0
0
0
0
0
0
0
0
0
0
0
0
0
1
0
0
0
1
3
5
15
19
22
27
0
0
0
0
0
0
0
0
2
4
0
0
0
0
0
0
13
19
22
23
0
0
0
0
1
3
28
33
35
38
0
0
0
0
0
0
0
0
0
0
0
1
4
7
8
10
14
19
22
24
0
4
5
7
8
10
11
15
16
18
0
0
0
0
1
3
26
31
34
36
0
0
0
0
0
1
13
17
18
19
0
0
0
0
0
0
0
0
0
0
0
0
0
0
0
0
33
39
42
44
0
0
0
0
0
1
11
15
17
21
0
0
0
0
0
0
0
0
0
0
0
0
0
0
0
0
0
0
0
0
0
0
0
0
0
1
23
28
31
35
0
5
8
10
11
13
18
24
27
29
0
3
5
6
7
9
11
16
18
19
0
0
0
0
1
2
11
15
16
18
0
0
0
0
0
0
20
23
24
26
5
12
14
16
18
19
22
27
29
30
9
16
19
20
22
24
25
30
33
34
9
14
15
16
17
19
24
27
28
29
14
21
23
26
27
29
32
36
38
41
5
10
12
13
14
16
18
24
26
30
13
19
22
24
25
27
28
33
36
38
14
19
21
22
23
25
27
32
34
35
5
10
13
15
16
17
21
26
29
31
7
11
12
14
16
17
18
22
23
24
0
4
5
8
9
11
21
25
26
29
10
14
15
16
17
18
19
23
24
25
8
12
13
14
16
18
22
25
26
27
0
3
4
5
6
7
23
26
27
28
9
14
17
19
20
22
31
36
39
41
3
8
11
13
14
16
17
22
25
27
3
7
8
10
11
13
33
38
39
41
0
5
7
8
10
11
26
30
32
33
9
13
14
15
18
21
27
32
33
34
10
14
17
19
20
21
23
27
31
33
7
11
12
13
14
15
16
20
21
23
4
9
12
15
16
18
19
24
27
29
3
7
10
15
18
20
29
33
36
41
17
22
25
27
28
29
31
36
39
41
12
17
19
20
21
23
28
37
39
40
7
12
14
17
18
20
27
31
33
36
9
13
14
15
17
19
25
29
30
31
13
17
18
20
21
23
24
28
29
31
0
4
6
9
11
13
27
31
33
36
9
15
17
18
23
25
32
39
41
42
17
21
24
25
27
29
30
34
37
39
19
23
24
26
27
29
32
36
37
39
2
5
6
9
10
11
31
34
36
37
4
12
15
17
19
21
27
33
36
38
4
9
13
15
20
22
30
35
38
40
1
6
7
9
10
12
18
22
23
25
2
5
6
8
13
16
25
29
30
32
5
9
10
11
12
13
14
18
19
20
1
5
9
12
14
16
33
39
41
44
5
12
15
17
22
24
31
37
40
42
3
7
10
12
13
14
23
29
32
34
45
