time_cost:1116579ms
ontime_proportion:0.842857
max_delay:11
avg_delay:1.228571
avg_flowtime:23.800000
object function value:1364.761905
0
0
0
2
4
5
9
16
20
23
25
0
0
0
0
0
0
25
29
32
34
0
2
4
5
8
11
30
35
37
38
0
0
0
0
0
0
15
19
20
22
0
2
5
7
8
10
13
18
21
23
0
0
0
0
0
0
0
0
0
0
0
1
3
4
6
7
13
20
22
23
0
0
0
0
1
3
26
32
34
38
0
0
0
0
0
0
0
0
0
5
0
0
2
4
7
11
19
24
27
29
0
0
0
0
0
1
16
22
23
24
0
0
0
0
0
0
0
0
0
0
0
0
1
3
4
6
26
31
33
35
0
0
0
0
0
0
14
22
24
27
0
0
0
0
0
0
0
1
3
8
0
0
0
0
0
0
0
0
0
2
0
0
0
1
2
3
28
34
37
39
0
0
0
0
0
0
0
0
0
0
0
0
0
0
0
0
0
0
1
2
0
0
0
0
0
0
17
22
25
27
0
0
0
0
0
0
0
0
3
5
0
0
0
0
0
0
0
0
0
0
0
0
0
0
0
0
0
0
0
0
0
0
0
0
0
0
18
24
27
29
0
0
0
0
0
0
0
0
0
1
0
0
0
0
2
3
18
22
24
25
0
0
0
0
0
2
4
8
9
11
0
0
1
2
3
4
10
14
15
16
0
0
0
0
0
0
0
3
7
13
0
0
0
0
0
0
0
0
0
0
11
15
16
18
19
23
29
34
37
39
9
13
14
15
17
20
22
27
28
29
0
3
4
5
6
7
15
18
19
22
2
7
10
12
13
15
17
28
31
33
1
5
7
10
11
13
27
32
34
37
4
8
10
11
15
16
22
27
29
31
4
9
11
12
13
15
19
24
26
28
0
5
8
10
11
13
31
36
39
41
0
4
5
7
9
11
18
23
29
31
7
11
12
14
22
28
34
39
41
42
9
13
16
18
19
21
24
29
32
34
1
5
7
10
11
13
16
21
24
27
11
16
18
21
22
24
28
36
38
40
3
7
10
11
20
23
26
33
36
37
11
14
15
16
20
24
31
35
37
38
2
7
10
12
13
15
18
23
26
28
10
15
17
18
20
21
24
30
32
33
2
6
7
9
10
12
13
17
18
20
8
11
12
13
16
18
22
25
26
29
11
18
21
23
24
26
27
32
35
37
5
12
14
15
17
21
25
29
31
32
5
12
15
17
18
20
22
27
30
32
8
11
12
13
15
19
23
28
29
30
14
19
22
24
25
27
28
35
38
40
14
18
19
20
22
28
34
39
40
41
6
10
12
15
16
18
20
26
28
31
7
19
22
24
25
27
29
35
38
40
3
7
10
11
14
16
22
27
31
32
1
4
5
6
7
9
24
28
29
30
3
10
12
13
15
17
20
26
28
29
12
16
17
18
21
26
33
38
39
40
9
12
13
14
19
23
26
31
32
33
1
5
6
7
8
9
17
21
23
24
10
15
18
19
21
23
24
30
33
34
5
12
15
17
18
21
28
32
35
37
8
14
17
19
21
26
32
37
40
42
7
11
14
16
17
18
20
24
27
29
7
10
11
12
13
14
20
23
24
27
12
15
16
17
18
19
23
26
27
28
12
17
20
22
23
25
26
32
35
38
43
