time_cost:2983ms
ontime_proportion:0.600000
max_delay:21
avg_delay:4.442857
avg_flowtime:29.028571
object function value:3967.619048
0
0
0
0
0
0
0
14
33
37
40
0
0
0
0
0
0
0
0
0
1
0
0
1
4
6
7
10
19
24
30
0
0
0
0
0
0
0
0
0
3
0
0
2
3
5
6
19
33
40
43
8
15
18
20
21
23
24
28
29
31
0
0
0
0
0
0
11
21
28
29
0
0
0
0
0
2
11
22
25
28
0
0
0
0
0
0
23
39
47
48
0
0
0
0
0
0
0
0
0
0
0
0
0
0
2
3
9
17
23
27
0
0
0
1
2
4
5
8
11
14
0
0
3
6
9
11
22
39
42
45
0
0
0
0
0
0
0
0
0
0
0
0
0
0
0
0
0
0
0
1
0
0
0
0
0
1
14
36
40
43
0
0
0
0
0
0
0
0
0
1
0
0
0
0
0
0
0
0
0
0
0
0
1
2
3
5
6
10
13
15
0
0
1
6
7
9
12
25
28
32
0
0
0
0
0
0
15
26
30
31
0
0
0
0
0
0
18
38
42
46
0
0
0
0
0
0
0
0
0
0
0
0
0
0
0
1
6
13
15
18
0
0
0
0
0
2
20
30
37
40
9
16
17
20
22
24
26
32
34
39
3
5
13
16
17
19
21
30
34
38
0
0
0
0
0
0
0
14
17
20
0
0
0
0
0
0
17
29
31
35
0
1
2
4
5
7
17
36
40
42
14
23
28
29
31
33
34
37
41
42
1
4
5
8
9
11
13
16
17
22
10
20
26
28
29
31
32
36
45
47
0
11
14
17
27
29
30
35
38
41
1
8
11
12
16
18
19
24
27
28
5
9
12
13
14
16
17
20
23
24
7
15
20
23
25
26
27
31
37
40
13
24
29
30
33
35
37
41
44
45
4
11
14
15
18
20
21
27
30
31
11
17
18
21
24
26
28
31
32
36
3
6
9
10
11
13
14
17
20
21
2
12
14
15
19
21
23
38
43
44
8
14
17
18
20
22
23
28
31
32
5
11
12
14
25
27
28
33
35
37
11
23
25
26
28
29
30
34
36
37
16
28
31
34
36
37
38
42
44
47
15
24
27
30
31
33
35
38
40
43
0
4
5
7
8
10
13
18
23
25
3
6
8
11
12
13
17
27
31
34
4
10
11
14
15
17
19
30
31
34
10
17
20
23
26
28
29
34
37
42
9
17
20
21
23
25
27
31
37
38
4
7
10
11
12
15
16
19
22
23
5
10
11
13
29
31
32
39
43
45
3
8
10
11
13
14
16
22
24
25
18
29
34
37
38
40
42
45
47
50
11
22
27
28
30
31
32
36
40
41
7
14
20
23
26
28
30
34
42
45
8
17
21
24
25
27
28
31
34
37
4
7
10
13
14
16
19
30
37
40
1
5
8
9
11
13
15
19
22
23
2
5
8
11
14
16
17
20
23
26
7
14
16
17
19
20
21
25
27
28
1
11
14
15
17
19
21
25
30
31
0
3
7
10
19
21
22
35
45
48
7
12
14
15
20
21
22
37
41
44
0
3
5
8
10
12
20
33
41
44
7
14
17
20
21
23
24
27
30
33
1
4
7
10
17
19
20
30
33
36
0
3
4
7
8
10
12
21
24
27
51
