time_cost:2721ms
ontime_proportion:0.900000
max_delay:12
avg_delay:0.485714
avg_flowtime:22.300000
object function value:743.333333
0
0
0
0
0
0
0
0
0
0
2
0
0
0
0
1
2
13
19
21
23
0
0
0
1
3
5
13
17
20
21
0
1
2
5
6
7
16
20
21
23
0
0
0
0
1
3
12
18
22
25
0
0
0
0
1
3
16
20
22
23
0
0
0
0
0
0
12
16
17
19
0
0
0
0
0
1
14
18
20
22
0
0
0
0
0
0
0
2
4
5
0
0
2
3
4
5
15
20
22
23
0
0
0
0
0
0
0
0
0
2
0
0
0
0
0
0
13
16
19
20
0
0
0
0
0
0
0
0
0
3
0
0
0
0
0
0
0
0
0
1
0
0
0
0
1
3
18
22
24
25
0
0
0
1
2
3
17
20
23
24
0
0
0
0
0
1
13
17
18
23
0
0
1
4
5
7
21
27
28
31
0
0
0
0
0
1
15
19
20
22
0
0
0
0
0
0
0
0
0
0
0
0
0
0
0
0
0
0
1
3
0
0
0
1
3
4
16
19
20
24
0
0
0
0
0
0
0
0
1
5
0
0
0
0
0
0
0
0
0
0
0
1
3
4
5
7
16
22
24
25
0
0
0
0
0
0
0
0
1
3
0
0
0
0
0
0
0
0
0
0
0
0
0
0
0
0
0
2
4
5
0
0
0
0
0
0
18
24
27
28
0
0
0
0
0
0
0
0
0
0
9
12
14
15
16
17
18
21
23
24
5
10
11
14
15
16
20
27
28
31
7
10
12
13
14
15
16
19
21
22
4
9
10
12
13
14
19
24
25
27
2
7
8
10
11
12
19
24
25
27
4
13
16
17
18
19
20
24
27
29
4
8
11
14
15
16
17
21
24
27
7
11
13
15
16
17
20
25
26
28
10
14
17
18
19
20
21
26
29
30
9
13
16
18
20
21
27
30
32
34
1
4
5
8
9
10
25
29
31
33
0
4
6
7
8
10
21
25
27
28
10
13
15
16
17
18
20
23
25
26
9
12
15
16
17
18
20
25
27
28
7
11
14
15
16
18
19
24
26
28
7
11
14
15
18
20
23
28
31
32
5
10
13
16
18
19
25
29
30
32
0
4
5
8
9
11
23
28
30
33
2
5
7
8
10
12
13
16
18
24
2
6
9
10
12
13
24
27
30
32
5
9
10
13
16
18
22
30
34
37
1
4
5
7
8
9
17
21
23
25
2
7
8
11
12
13
26
32
34
37
11
15
16
18
19
20
24
27
28
30
5
10
11
13
14
15
23
28
29
31
2
5
7
8
10
12
14
19
22
23
10
14
16
18
19
21
27
30
33
35
4
9
13
16
20
21
25
31
33
36
4
9
10
13
15
19
24
30
31
34
0
4
6
7
9
11
23
27
29
31
1
5
8
11
12
14
27
32
37
40
11
15
17
19
22
23
30
34
37
39
11
16
19
20
21
22
24
29
33
34
12
16
18
20
21
23
28
33
36
38
4
7
10
11
12
13
14
29
32
33
12
17
18
20
24
25
31
34
39
41
0
4
7
10
11
13
27
31
38
41
8
12
15
17
23
24
31
35
40
42
9
14
15
17
18
21
27
31
32
34
9
13
15
16
22
24
30
35
41
42
43
