time_cost:4696ms
ontime_proportion:0.628571
max_delay:30
avg_delay:3.957143
avg_flowtime:34.028571
object function value:3848.571429
0
0
0
0
0
0
0
16
27
30
31
0
0
0
0
0
0
0
0
0
1
0
0
0
0
0
0
11
20
21
24
0
3
6
9
10
12
14
23
26
29
0
0
0
0
0
0
15
23
30
31
0
0
0
0
0
1
22
32
35
36
0
0
0
0
0
0
0
0
0
0
0
5
8
11
12
14
16
24
30
33
0
0
0
0
0
2
17
28
29
31
0
0
0
0
0
1
19
29
31
32
0
0
1
4
5
7
21
29
39
42
0
4
6
7
9
10
16
27
31
32
0
0
0
0
0
0
21
29
37
40
0
0
1
3
4
6
16
27
28
30
0
0
0
0
0
0
0
0
0
0
0
0
3
8
9
11
19
29
33
36
0
0
0
0
2
3
11
21
23
24
0
0
0
0
0
0
0
1
4
10
0
0
0
0
0
0
3
38
41
44
0
0
0
0
0
1
16
26
30
33
0
0
0
0
2
3
14
23
25
26
0
0
0
0
0
0
0
0
0
1
0
0
0
1
3
5
13
21
24
27
0
0
0
1
2
4
27
38
41
44
0
3
5
8
9
10
11
20
24
28
0
0
0
0
0
0
0
0
1
3
0
0
2
5
7
8
28
41
43
46
0
3
5
6
8
9
11
22
24
26
0
0
0
0
0
0
10
19
21
24
0
1
3
4
6
7
15
27
29
30
1
6
8
11
12
13
14
18
20
23
3
8
11
14
16
18
19
31
34
37
8
16
18
19
21
22
23
31
33
34
7
14
16
19
20
21
22
25
36
39
5
8
14
17
20
23
28
39
44
47
1
5
12
15
16
18
19
32
35
38
12
19
22
25
26
28
30
43
46
49
3
11
13
19
21
22
24
29
31
34
0
4
7
8
10
12
24
33
36
38
3
8
11
12
14
16
18
28
32
33
12
19
25
28
29
31
33
42
44
47
3
8
11
12
14
16
20
36
39
40
8
14
16
17
19
20
22
32
34
36
0
3
6
10
11
13
30
43
49
52
5
11
14
15
17
19
24
35
38
39
6
14
16
24
26
27
29
39
41
42
7
16
17
19
20
22
23
27
28
31
13
21
28
31
32
33
34
41
47
50
5
11
17
20
22
24
30
44
50
53
8
16
19
21
24
26
27
37
40
41
1
6
9
12
13
15
28
43
47
50
13
20
27
30
31
32
33
46
52
55
7
15
19
20
23
25
26
35
38
39
12
20
26
29
30
31
32
47
53
56
9
17
19
20
22
23
26
36
38
40
7
13
15
18
22
23
24
34
37
38
9
16
19
22
23
25
33
49
54
57
5
9
11
14
16
17
18
25
32
42
0
14
22
25
26
28
31
46
50
53
10
17
20
21
25
27
28
38
41
42
12
18
23
26
33
35
37
52
56
59
5
9
11
14
16
17
18
25
31
34
15
22
26
27
28
30
31
48
53
54
15
22
25
27
33
35
36
51
57
58
4
11
17
20
22
24
25
31
38
41
1
6
20
23
31
33
34
49
55
58
4
11
14
17
18
20
21
34
39
42
8
13
16
17
19
21
24
36
39
44
4
11
13
16
18
19
20
25
34
37
9
19
21
22
24
25
26
34
36
40
60
