time_cost:1175565ms
ontime_proportion:0.885714
max_delay:12
avg_delay:0.800000
avg_flowtime:22.371429
object function value:888.571429
0
0
0
1
2
4
8
17
21
23
24
0
0
0
0
0
0
0
0
1
2
0
2
4
5
7
9
14
19
25
28
0
0
0
3
5
7
24
28
30
33
0
0
0
0
0
0
0
0
0
0
0
3
4
5
6
7
20
25
26
27
0
0
0
0
0
0
10
18
21
26
0
0
0
0
0
0
0
0
0
3
0
0
0
0
4
6
10
13
18
23
0
0
0
0
0
0
0
0
0
0
0
0
0
0
0
0
0
0
0
0
0
0
0
0
0
0
7
11
14
17
0
0
0
0
0
0
0
0
1
2
0
0
0
0
0
0
2
15
19
20
0
0
0
0
2
5
11
14
15
16
0
0
0
0
0
0
0
2
3
4
0
2
5
6
8
10
16
19
22
23
0
0
0
0
1
3
6
12
15
24
0
0
1
2
3
4
11
16
18
19
0
0
0
0
1
2
7
10
13
14
0
0
0
0
0
1
6
12
13
20
0
0
0
0
0
0
0
0
0
2
0
0
0
0
0
0
0
0
0
3
0
0
0
0
0
1
19
22
24
25
0
0
0
0
2
4
28
31
33
34
0
0
1
2
3
4
24
28
29
30
0
0
0
0
0
0
14
18
20
23
0
0
0
0
0
0
10
17
20
22
0
0
2
4
5
6
22
25
27
29
0
0
0
0
0
0
0
0
0
0
1
6
11
14
17
19
21
26
28
31
2
5
8
9
12
14
16
19
22
23
4
8
9
12
14
16
18
22
23
26
2
5
6
7
9
11
13
17
18
19
10
13
17
18
21
23
25
29
32
33
4
7
8
9
10
11
12
15
16
17
0
3
6
7
11
13
27
30
33
35
5
11
13
17
18
20
33
38
40
41
3
6
9
12
14
16
17
20
27
30
10
13
19
21
23
25
32
35
37
39
11
15
17
19
24
26
27
30
32
35
5
8
9
10
11
12
13
16
17
21
23
26
28
30
31
32
33
37
39
41
5
8
12
15
17
19
31
34
37
40
0
3
4
5
6
7
8
12
14
15
4
8
10
13
15
17
19
23
24
27
21
24
25
26
27
28
29
32
33
34
0
4
5
8
10
12
14
18
19
31
3
7
8
14
16
18
20
24
25
28
3
7
8
11
13
15
17
21
22
25
15
19
20
23
25
27
29
33
34
37
10
14
17
20
22
24
26
30
34
39
16
23
25
26
28
30
32
37
39
40
7
10
12
13
16
18
22
26
27
30
11
14
16
17
23
25
27
30
31
32
8
11
12
15
20
22
24
27
28
31
0
3
6
9
12
14
15
18
21
24
7
10
11
12
15
17
19
22
23
26
4
8
10
12
13
15
30
33
37
39
13
18
24
25
26
27
30
35
40
41
13
16
18
19
20
21
25
29
30
31
8
11
14
17
19
21
24
27
30
33
0
4
5
8
11
13
28
32
34
37
8
11
14
15
21
23
25
28
29
32
13
16
17
18
19
20
21
25
26
28
3
9
12
13
18
20
22
27
29
30
8
11
13
16
19
21
23
26
27
28
11
14
15
20
22
24
26
29
30
33
0
5
6
7
8
9
14
17
19
22
0
5
7
8
9
10
18
23
26
27
42
