time_cost:986510ms
ontime_proportion:0.814286
max_delay:18
avg_delay:1.428571
avg_flowtime:26.971429
object function value:1756.190476
0
0
0
0
0
1
2
7
11
12
13
0
5
8
10
11
13
21
26
29
31
0
0
0
0
0
0
0
0
1
4
0
0
2
3
5
6
18
23
25
28
0
1
3
4
8
10
20
27
29
30
0
0
0
0
0
0
0
0
0
2
0
0
1
3
4
6
13
17
18
21
0
0
0
0
0
1
15
21
23
24
0
0
0
0
1
3
14
19
21
24
0
0
0
0
0
1
14
18
19
20
0
0
0
0
0
0
14
19
22
24
0
0
0
0
0
0
18
23
25
28
0
0
3
5
16
20
32
37
41
43
0
0
0
0
6
8
18
25
27
29
0
0
0
0
0
0
0
0
2
3
0
0
0
0
0
1
13
19
22
24
0
0
0
0
0
0
22
27
29
32
0
0
0
0
1
2
26
31
34
36
0
0
0
0
0
2
16
22
26
28
0
0
0
0
0
0
0
0
0
1
0
0
0
3
4
6
15
19
21
24
0
0
0
0
2
3
16
20
22
23
0
0
0
0
0
0
0
1
3
6
0
0
2
3
10
12
24
29
32
33
0
0
0
0
0
0
0
0
3
4
0
0
0
0
0
0
11
16
18
23
0
0
0
0
0
0
0
0
0
1
0
0
0
1
3
5
30
37
40
41
0
3
5
6
7
9
17
22
24
25
0
0
0
0
0
0
0
2
4
7
5
9
10
12
13
15
21
25
28
30
12
17
19
20
21
23
27
35
37
38
12
15
16
17
18
19
27
30
31
32
8
12
17
19
21
22
29
33
36
38
0
3
4
5
6
7
23
26
27
28
2
6
9
11
12
13
28
32
35
37
10
15
17
18
20
21
23
27
30
33
4
8
11
13
18
20
26
32
35
37
6
10
13
15
16
23
30
36
39
41
2
6
9
12
13
14
18
22
25
27
7
17
19
20
24
26
34
43
45
46
4
8
10
13
14
16
19
23
25
29
9
18
20
21
23
24
30
35
37
38
14
18
20
21
26
28
38
45
47
48
5
8
9
10
11
12
17
20
21
23
3
7
8
9
10
11
12
16
17
18
12
25
28
30
31
33
34
39
42
44
10
14
15
17
21
26
33
39
40
42
0
4
6
7
9
10
25
29
31
32
5
13
16
18
19
21
26
31
34
36
3
9
12
16
17
19
29
34
37
39
17
21
23
26
27
29
35
42
44
47
8
13
16
18
23
25
30
36
39
41
12
16
20
22
23
25
31
37
40
42
8
12
13
14
15
16
25
29
30
31
3
7
8
10
11
13
20
24
25
27
10
14
17
19
20
21
31
40
43
45
0
5
10
15
22
24
30
37
40
42
6
9
11
12
13
17
26
29
31
32
0
4
5
7
9
11
22
26
28
30
0
9
12
14
18
20
29
34
37
39
22
27
30
31
33
35
36
42
45
46
5
10
13
15
16
18
22
29
32
34
7
12
15
17
20
22
26
33
36
38
25
30
33
35
36
38
39
44
47
49
0
4
6
7
14
17
26
30
32
33
20
25
27
28
29
31
33
40
42
43
8
12
13
15
16
18
22
28
30
32
3
8
9
11
12
14
18
22
23
26
9
15
18
20
25
27
35
45
48
50
51
