time_cost:60200ms
ontime_proportion:0.933333
max_delay:1310546186112239900000000000000000000000000000000000000000000000000000000000000000000000000000000000000000000000000000000000000000000000000000000000000000000000.000000
avg_delay:0.200000
avg_flowtime:20.766667
object function value:358.888889
0
0
0
3
5
6
8
9
12
16
18
0
0
0
0
0
0
0
2
4
7
0
0
0
0
0
0
0
0
2
4
0
1
3
6
7
8
10
15
18
21
0
0
0
0
0
0
0
1
2
5
0
4
6
9
10
12
14
18
20
23
0
0
0
0
0
0
0
0
1
4
0
3
4
7
8
9
11
14
18
22
0
0
1
2
4
6
7
11
13
14
0
0
0
0
0
0
7
11
15
18
3
7
9
12
13
15
17
21
23
26
1
4
5
8
9
11
12
15
16
19
0
5
6
10
11
13
14
19
20
24
4
8
11
13
14
16
18
22
26
28
1
4
7
12
13
16
17
20
23
26
6
9
14
16
17
18
20
23
25
27
4
7
9
11
12
14
16
19
23
25
3
7
9
12
14
16
17
21
23
26
1
4
7
9
11
13
14
17
21
23
4
8
10
14
16
18
19
23
25
28
5
9
12
15
16
17
19
22
23
26
3
6
7
10
11
12
14
17
18
21
5
8
9
12
13
14
16
19
20
23
2
6
8
11
12
14
16
20
22
25
2
6
11
14
15
17
19
23
25
28
7
11
15
18
19
21
23
27
29
32
0
3
5
7
8
10
11
14
18
20
5
9
12
16
18
20
21
25
27
30
5
9
12
18
20
22
23
27
29
32
0
4
5
7
9
11
12
16
17
19
34
