time_cost:9037ms
ontime_proportion:0.700000
max_delay:24
avg_delay:3.500000
avg_flowtime:30.633333
object function value:3021.111111
0
0
0
2
4
5
7
8
12
14
39
0
0
1
5
6
8
10
15
16
32
0
0
0
0
0
0
0
0
0
6
0
0
0
0
1
2
3
7
8
26
0
3
4
7
8
10
11
16
17
20
0
0
0
1
2
4
6
10
13
18
0
0
0
0
0
1
2
6
8
35
0
0
0
0
0
0
0
0
1
2
0
0
0
0
0
0
0
3
5
8
0
0
0
2
4
5
6
10
11
16
8
13
16
36
37
38
39
42
45
46
3
7
9
15
16
17
18
22
24
37
7
12
13
30
31
33
35
40
41
44
3
7
8
9
10
12
13
17
18
19
0
4
6
23
24
25
26
30
32
47
1
5
7
41
43
44
45
49
50
52
1
16
19
40
41
43
45
49
52
54
9
14
16
38
39
41
42
46
48
51
3
7
10
12
13
15
17
21
24
34
7
11
14
31
32
34
36
40
43
45
1
5
7
10
11
13
14
18
20
33
7
13
15
16
18
20
22
27
29
30
1
8
10
11
13
15
17
22
24
25
5
8
11
14
15
16
17
20
23
25
3
7
10
11
12
13
14
18
21
22
4
8
9
28
30
31
32
36
37
49
11
16
18
19
21
23
25
30
32
33
11
19
21
43
44
45
46
50
52
55
5
9
12
13
14
15
16
20
23
24
0
5
6
21
22
24
25
30
31
48
56
