time_cost:9321ms
ontime_proportion:0.833333
max_delay:20
avg_delay:2.066667
avg_flowtime:26.866667
object function value:1562.222222
0
0
0
0
0
0
1
7
13
16
36
0
0
0
0
0
0
10
15
17
18
0
0
0
0
0
0
0
0
0
0
0
2
3
7
9
10
11
15
16
38
0
0
0
0
0
0
0
0
0
1
0
0
0
0
0
0
0
0
1
2
0
0
0
0
0
0
0
0
1
2
0
0
0
0
0
1
2
6
7
26
0
0
0
0
0
0
0
3
4
5
0
0
0
0
0
0
0
0
1
4
7
13
14
34
35
37
38
43
44
48
7
11
13
33
34
35
36
40
42
46
4
9
10
18
19
21
22
26
27
40
5
8
11
12
13
14
15
18
21
22
6
11
12
31
32
34
36
41
42
45
5
8
11
15
16
17
18
21
24
25
1
11
13
20
21
23
24
28
30
32
6
11
13
15
17
19
21
26
28
29
2
10
11
19
20
22
24
29
30
44
1
5
8
13
14
15
16
20
23
24
3
6
9
16
17
18
19
22
25
37
2
7
8
9
10
14
16
21
22
29
2
7
8
10
11
13
15
20
21
23
2
6
8
14
15
16
17
23
25
41
5
10
12
13
15
17
19
24
26
27
6
11
14
28
29
31
33
37
40
42
3
8
11
17
18
20
22
26
29
47
7
12
15
35
36
38
40
44
47
49
4
7
10
11
12
13
14
17
20
21
0
4
6
30
31
32
33
37
39
43
50
