time_cost:67690ms
ontime_proportion:0.733333
max_delay:1310546186112241100000000000000000000000000000000000000000000000000000000000000000000000000000000000000000000000000000000000000000000000000000000000000000000000.000000
avg_delay:1.200000
avg_flowtime:26.033333
object function value:2534.444444
0
0
0
1
3
5
6
7
12
15
30
0
0
0
0
0
2
10
15
17
27
0
0
0
0
0
0
0
1
2
4
0
0
0
0
0
1
7
11
13
20
0
0
1
5
7
9
10
13
14
28
0
0
0
0
0
2
8
14
16
20
0
0
0
0
0
0
0
0
0
1
0
0
0
1
3
5
7
13
16
26
0
0
0
0
0
0
0
0
1
7
0
0
0
0
1
3
10
15
18
22
2
6
7
9
11
13
14
18
19
29
6
11
13
14
16
18
19
24
26
27
0
5
8
10
12
13
14
19
22
24
3
6
7
12
14
15
17
20
21
36
5
9
11
13
15
16
18
22
24
26
6
12
14
18
20
21
23
27
29
31
1
7
10
12
13
14
15
20
23
25
6
11
12
21
23
25
26
31
32
35
5
10
11
13
15
16
17
22
23
25
3
8
9
17
19
21
22
27
28
33
2
7
8
15
17
18
22
27
30
37
0
11
15
17
18
19
20
25
28
30
9
14
17
18
20
22
23
28
30
31
1
6
7
16
18
20
21
26
27
32
4
9
12
14
16
17
18
23
26
34
3
8
13
15
16
17
18
23
26
28
1
6
7
11
13
14
15
20
21
23
4
7
10
18
20
22
23
26
27
38
6
11
12
19
21
22
23
28
29
31
8
12
14
22
24
26
27
30
31
40
42
