time_cost:9117ms
ontime_proportion:0.866667
max_delay:5
avg_delay:0.400000
avg_flowtime:20.366667
object function value:1012.222222
0
0
0
1
2
3
5
9
15
18
20
0
2
4
5
6
8
10
15
17
19
0
0
0
0
0
0
0
0
1
3
0
0
0
0
0
0
0
0
0
4
0
0
0
0
0
0
0
2
5
8
0
0
0
0
0
0
0
0
0
1
0
0
0
0
1
2
4
9
12
17
0
0
0
0
0
0
0
0
0
6
0
0
0
0
0
0
5
9
11
16
0
0
0
1
2
4
6
10
13
16
2
7
10
14
15
16
18
23
26
29
3
8
9
12
13
14
16
20
21
24
6
11
12
15
17
18
20
24
25
29
8
12
13
15
16
18
19
23
27
29
5
9
11
12
13
15
17
21
23
24
0
3
6
9
11
13
14
17
20
23
2
5
6
8
9
11
12
15
16
18
0
5
8
11
12
13
15
20
23
26
3
6
9
12
15
17
18
21
24
27
2
12
15
17
18
20
22
27
30
32
8
13
16
18
19
21
23
27
30
32
9
14
17
20
22
23
25
30
32
35
2
6
9
13
14
16
18
22
25
27
2
6
8
9
10
12
14
18
20
21
7
11
14
17
20
22
23
26
29
32
3
8
11
13
14
16
18
23
26
28
5
9
12
15
21
23
25
29
32
34
0
4
7
10
12
14
16
20
23
25
5
8
9
11
12
14
15
18
19
21
0
3
4
6
7
9
10
16
18
20
36
