time_cost:9153ms
ontime_proportion:0.466667
max_delay:47
avg_delay:10.100000
avg_flowtime:40.866667
object function value:5695.555556
0
0
3
6
9
10
12
13
16
19
52
0
0
0
0
0
0
3
8
11
13
0
0
1
46
48
49
50
53
55
58
0
3
6
7
9
11
12
16
19
31
0
0
0
0
0
0
0
0
0
2
0
3
18
21
22
24
25
28
29
32
0
0
0
0
0
0
3
7
10
55
0
0
0
0
1
2
4
10
13
22
0
0
1
4
6
8
9
13
14
18
0
1
4
20
22
24
25
29
32
67
2
7
9
43
45
46
47
52
54
56
7
11
14
53
55
57
58
62
65
71
5
10
12
14
16
18
19
24
26
28
3
10
13
33
35
37
38
42
45
50
7
13
15
60
62
64
65
69
70
73
7
13
15
17
18
19
20
25
26
28
1
4
6
10
12
13
14
17
19
23
5
9
10
13
14
16
18
22
23
26
8
14
15
18
19
21
22
25
26
29
1
5
6
49
50
52
54
58
59
62
5
10
12
39
41
42
43
48
50
69
2
6
7
16
17
19
21
25
26
45
1
5
6
12
13
15
17
21
22
25
5
8
10
14
16
17
18
21
23
27
9
14
20
23
24
26
27
30
31
34
4
7
10
17
18
20
21
24
27
36
2
5
8
35
36
38
39
42
45
48
2
7
13
37
39
40
41
46
48
65
0
3
5
29
31
32
33
36
38
41
8
14
17
63
65
66
67
70
72
75
77
