time_cost:85364ms
ontime_proportion:0.666667
max_delay:27
avg_delay:5.233333
avg_flowtime:28.533333
object function value:3284.444444
0
0
0
0
0
0
0
0
0
2
5
0
0
0
0
0
0
0
0
0
0
0
0
0
0
0
1
2
6
7
29
0
0
2
3
5
7
9
14
16
17
0
0
2
5
7
9
11
16
18
19
0
0
0
0
0
0
0
0
1
4
0
0
0
0
0
0
0
0
0
3
0
0
0
0
0
1
2
10
13
27
0
0
0
1
2
4
5
9
10
13
0
0
0
2
3
5
6
10
12
19
5
9
12
17
18
19
20
24
27
51
2
6
8
12
13
15
16
20
22
24
6
11
14
40
41
43
45
49
52
54
3
6
9
10
11
12
13
16
19
21
0
7
9
10
12
14
16
21
23
24
6
10
11
31
33
34
35
39
40
42
8
12
14
44
46
47
48
52
53
55
4
9
10
18
19
21
22
27
28
50
6
11
14
33
34
36
37
42
43
46
3
8
9
14
15
17
18
23
24
34
0
4
6
11
12
13
14
18
20
23
8
12
13
38
40
41
42
46
47
48
0
4
6
25
26
27
28
32
34
37
4
8
12
28
29
31
33
37
40
47
2
6
7
8
9
11
12
16
17
20
9
13
16
41
42
43
44
48
51
53
5
8
11
16
17
18
19
22
25
26
4
8
10
15
16
18
19
23
25
35
6
11
12
36
37
39
40
44
45
52
0
4
6
9
10
12
13
17
19
22
57
