time_cost:61984ms
ontime_proportion:0.800000
max_delay:10
avg_delay:0.866667
avg_flowtime:21.333333
object function value:1711.111111
0
0
0
0
0
0
0
0
0
0
2
0
0
0
0
0
0
0
0
0
0
0
0
0
0
0
0
1
4
7
16
0
0
0
4
5
7
11
17
18
23
0
1
4
7
9
11
12
16
19
26
0
0
0
0
0
0
0
0
0
0
0
0
0
0
0
0
0
0
0
2
0
0
0
0
0
0
0
0
2
5
0
0
0
0
0
0
0
0
0
1
0
0
0
0
0
0
0
0
0
0
1
10
13
15
16
18
20
25
28
30
1
4
7
14
16
18
19
22
25
29
4
7
10
14
18
20
21
24
27
30
2
9
12
16
18
20
22
27
30
32
2
7
10
14
16
18
20
25
28
30
1
4
5
12
14
16
17
20
21
24
2
6
8
9
10
12
14
18
20
27
4
8
10
11
12
14
16
20
22
26
6
13
16
22
24
26
28
33
36
38
6
11
14
18
20
22
24
29
32
34
2
7
10
13
14
15
17
22
25
28
7
14
17
24
26
28
30
35
38
40
4
9
11
19
21
23
24
27
28
31
4
7
8
10
11
13
14
17
18
21
7
16
19
21
22
24
26
31
34
36
6
12
15
20
22
24
26
31
34
36
5
8
9
11
12
14
15
18
19
22
5
10
13
16
18
20
22
27
30
32
8
15
16
18
19
21
22
25
26
28
3
6
9
12
14
16
17
20
23
26
42
