time_cost:69422ms
ontime_proportion:0.933333
max_delay:5
avg_delay:0.166667
avg_flowtime:21.766667
object function value:392.222222
0
0
0
0
0
0
0
0
0
3
10
0
0
1
4
6
7
8
13
14
22
0
0
0
0
0
0
0
0
0
0
0
0
0
0
0
1
2
7
9
16
0
0
0
0
2
3
5
11
13
19
0
0
2
3
5
7
8
13
15
18
0
0
0
0
0
0
0
1
2
4
0
0
0
2
4
6
9
13
15
20
0
0
0
0
0
0
0
0
0
0
0
0
0
0
0
0
0
0
0
6
2
7
8
12
14
15
16
21
22
24
0
3
4
8
10
12
13
16
17
22
8
13
16
18
20
21
22
27
31
33
3
8
12
16
18
20
21
26
27
30
4
9
11
12
14
16
17
22
25
26
0
5
6
8
10
11
12
17
18
32
2
7
9
10
12
14
15
20
22
23
6
10
12
16
20
21
23
27
29
31
7
12
13
18
21
23
24
29
30
33
5
9
11
13
15
16
18
22
24
26
0
4
5
14
16
18
19
23
24
28
1
6
7
10
12
14
15
20
21
26
0
3
4
6
8
9
11
14
15
20
1
6
7
16
18
20
21
26
27
30
5
10
11
14
16
18
19
24
25
28
0
5
7
8
10
12
13
18
20
21
5
10
12
14
17
19
20
25
27
28
4
9
12
15
16
17
18
23
26
28
6
9
10
12
14
17
19
22
23
25
9
13
14
18
21
23
24
28
30
34
36
