time_cost:62510ms
ontime_proportion:0.800000
max_delay:1310546186112242700000000000000000000000000000000000000000000000000000000000000000000000000000000000000000000000000000000000000000000000000000000000000000000000.000000
avg_delay:2.266667
avg_flowtime:28.666667
object function value:1955.555556
0
0
0
0
0
0
0
0
1
3
4
0
0
0
4
5
7
8
13
14
22
0
0
0
3
4
6
7
12
13
36
0
0
0
0
0
0
0
0
0
2
0
0
0
1
2
4
5
11
14
19
0
0
0
0
0
1
2
5
8
9
0
0
0
0
0
0
1
7
10
21
0
0
0
0
0
0
0
0
0
5
0
0
0
0
0
0
1
8
10
24
0
0
0
0
1
2
4
12
15
25
4
10
12
13
15
17
19
24
26
27
5
9
11
14
15
16
17
21
23
26
3
7
10
11
12
13
14
18
21
43
0
4
7
10
11
12
13
17
20
40
2
6
8
13
14
15
16
20
22
27
2
7
8
20
21
23
25
30
31
37
7
14
17
32
33
35
37
41
44
48
5
10
13
15
17
19
21
26
28
29
0
4
5
6
7
9
10
15
17
31
4
7
10
12
13
14
15
18
21
23
1
5
7
18
19
20
21
25
27
44
1
5
6
7
8
10
11
16
17
34
1
4
7
8
9
10
11
14
17
41
5
10
11
16
17
19
20
25
26
33
9
15
18
19
21
23
25
30
32
33
5
10
12
15
16
18
19
23
25
45
1
10
12
17
18
20
21
25
27
35
5
9
11
29
31
32
33
37
38
46
7
12
16
28
29
30
31
35
38
42
9
17
18
38
40
41
42
46
47
49
51
