time_cost:9012ms
ontime_proportion:1.000000
max_delay:0
avg_delay:0.000000
avg_flowtime:20.500000
object function value:-316.666667
0
0
1
2
5
6
8
9
14
15
19
0
0
0
0
0
0
0
2
4
6
0
0
0
3
4
6
8
12
14
17
0
0
1
3
4
5
10
13
17
22
0
0
0
0
0
1
6
9
12
16
0
0
0
0
0
0
0
2
5
9
0
0
0
0
0
0
0
0
1
6
0
0
0
0
0
0
0
0
1
4
0
0
0
0
0
0
0
0
1
4
0
0
0
0
0
0
9
14
20
24
0
4
10
12
13
14
16
20
23
25
5
10
12
15
16
18
19
24
25
28
6
11
12
16
18
20
21
26
27
30
7
10
15
18
20
22
23
26
27
29
2
5
6
10
12
14
15
18
19
24
0
3
4
7
8
9
11
14
17
21
5
8
10
12
14
16
17
20
21
23
5
8
9
13
15
17
18
21
22
26
5
8
11
20
21
23
24
27
30
32
1
4
5
8
9
10
12
15
16
19
2
7
9
12
14
16
17
21
23
26
3
6
8
12
13
14
16
19
21
23
2
5
6
8
9
11
12
15
16
18
1
5
7
14
16
18
19
23
25
28
4
7
10
15
16
18
19
22
25
28
8
11
17
20
21
22
24
27
29
32
1
5
7
10
12
14
15
19
21
24
1
4
7
9
10
12
13
16
19
21
6
10
14
17
19
21
22
26
28
31
3
6
8
10
11
13
14
17
23
25
33
