time_cost:64383ms
ontime_proportion:1.000000
max_delay:0
avg_delay:0.000000
avg_flowtime:23.466667
object function value:-217.777778
0
0
0
0
0
0
1
7
12
14
22
0
0
0
0
1
2
7
10
18
21
0
0
0
0
0
1
7
10
14
17
0
1
4
6
7
9
10
13
16
19
0
0
0
0
1
3
6
11
13
21
0
0
0
0
0
0
0
0
0
2
0
0
0
0
2
4
8
12
15
18
0
0
0
0
0
1
3
8
11
18
0
0
0
2
3
5
8
11
15
23
0
0
0
3
5
7
8
12
13
24
1
5
7
10
11
13
15
19
21
24
0
5
6
12
13
15
16
21
22
26
4
7
9
13
15
17
18
21
22
27
3
6
7
9
10
12
13
16
17
20
0
3
5
7
8
9
11
14
16
22
5
8
11
17
20
22
23
27
28
32
3
8
10
16
17
19
20
25
26
32
2
7
8
11
12
14
15
20
21
25
0
4
6
17
18
20
22
26
28
31
4
7
10
13
14
15
17
20
21
24
1
6
10
15
16
18
19
24
25
29
4
8
9
10
14
16
17
21
24
28
5
8
10
12
13
14
16
19
21
23
1
4
5
15
17
19
20
23
24
26
0
3
4
8
10
12
13
16
17
20
6
10
13
15
19
20
22
26
29
31
7
10
13
19
20
22
23
26
27
30
1
5
7
14
15
17
19
23
25
28
5
9
12
14
15
16
18
22
25
27
3
7
9
13
16
18
19
23
24
30
34
