time_cost:9052ms
ontime_proportion:0.800000
max_delay:21
avg_delay:2.566667
avg_flowtime:23.533333
object function value:1784.444444
0
0
0
0
0
0
0
0
0
1
5
0
1
2
5
6
8
10
14
15
19
0
0
0
0
0
0
0
0
0
2
0
0
0
0
0
0
0
0
0
3
0
0
0
0
0
0
0
0
0
1
0
0
1
4
5
7
8
11
12
15
0
0
0
0
0
0
0
0
0
6
0
0
0
0
0
0
1
9
11
13
0
0
0
0
0
0
0
0
2
8
0
0
0
0
1
3
5
10
13
20
6
11
14
16
17
18
19
24
25
27
10
15
19
21
22
23
24
29
30
32
3
7
8
11
12
14
16
20
21
24
2
5
8
21
22
24
25
28
31
40
9
14
19
21
23
25
26
31
33
35
3
7
10
29
31
33
34
38
41
42
6
11
14
17
18
19
20
25
26
28
1
4
5
8
9
11
12
15
16
19
7
10
16
31
33
34
35
38
40
44
4
7
10
13
14
16
17
20
23
26
8
12
16
33
35
37
38
42
43
46
5
8
11
14
16
17
18
21
24
27
4
8
11
16
17
18
20
24
27
41
11
15
21
37
38
39
41
45
48
50
7
12
16
35
37
39
40
44
45
48
2
7
9
11
13
15
16
21
23
25
3
6
9
12
13
15
16
19
22
25
0
5
7
9
11
12
13
18
20
22
1
9
12
17
19
20
21
26
28
38
1
4
5
9
10
12
13
16
27
30
51
