time_cost:63650ms
ontime_proportion:0.766667
max_delay:20
avg_delay:2.466667
avg_flowtime:24.800000
object function value:2160.000000
0
0
0
0
0
1
2
11
16
23
25
0
0
0
0
1
3
4
7
10
16
0
0
0
0
0
0
0
0
0
1
0
0
0
0
0
0
0
0
1
4
0
0
0
0
0
0
0
0
0
2
0
0
0
0
0
0
1
4
7
10
0
0
0
0
0
1
2
5
8
12
0
0
0
0
0
0
0
0
0
1
0
0
0
0
0
2
3
7
10
25
0
0
0
0
2
4
11
15
20
24
3
9
12
15
16
18
20
24
27
29
1
5
6
21
23
25
26
30
31
40
7
12
15
32
34
36
37
41
44
46
5
10
12
19
21
22
23
28
30
42
0
3
4
7
8
10
11
16
20
23
5
10
12
14
16
18
19
24
26
28
4
10
13
17
19
21
22
26
29
36
10
15
18
21
25
27
28
31
32
35
7
13
16
18
22
24
25
30
34
36
1
4
7
11
12
14
15
18
21
24
0
4
7
34
36
38
39
43
46
48
7
12
14
17
18
20
21
24
25
28
0
3
4
8
9
11
12
15
16
19
2
7
9
30
32
33
34
39
41
44
3
7
10
14
15
16
18
22
25
28
0
4
7
9
10
11
13
17
20
23
4
8
9
13
14
16
18
22
23
27
8
13
14
18
20
22
23
26
27
30
8
14
17
20
24
26
27
30
31
34
10
15
17
38
40
41
42
45
47
50
52
