time_cost:103414ms
ontime_proportion:0.966667
max_delay:0
avg_delay:0.000000
avg_flowtime:18.966667
object function value:-34.444444
0
0
0
0
0
0
0
0
0
0
2
0
1
2
4
5
7
8
11
14
16
0
0
0
0
0
1
4
8
13
26
0
0
0
0
0
0
0
1
4
8
0
0
0
0
0
0
0
0
1
4
0
0
0
0
0
0
3
7
10
13
0
0
0
0
0
0
0
3
5
11
0
0
0
0
0
0
0
0
0
1
0
0
2
5
7
9
10
14
16
19
0
0
0
0
0
0
0
1
2
4
4
8
13
19
21
23
24
28
29
30
2
7
11
14
15
18
20
23
25
28
1
5
7
12
13
16
18
22
24
28
5
8
10
12
13
14
16
19
21
23
2
5
8
10
11
13
14
17
20
22
0
3
4
6
9
11
12
15
16
18
5
9
11
14
16
18
19
23
25
28
5
10
11
14
15
17
18
23
24
27
3
7
9
15
17
19
20
23
24
28
3
6
7
9
12
14
15
18
19
21
5
9
10
13
15
17
18
22
23
24
0
3
4
6
8
10
11
14
15
17
1
4
5
7
8
10
11
14
15
17
1
4
5
8
9
10
12
15
16
19
1
5
8
10
11
12
14
18
21
23
0
3
6
9
10
12
13
16
19
21
3
7
10
13
14
15
17
20
22
25
5
8
12
15
16
18
19
22
24
26
1
5
7
11
12
14
16
20
22
25
1
5
7
10
11
13
15
19
21
24
32
