time_cost:65285ms
ontime_proportion:0.733333
max_delay:27
avg_delay:4.233333
avg_flowtime:29.633333
object function value:2654.444444
0
0
0
0
0
0
0
8
12
16
53
0
0
0
0
0
1
7
12
15
45
0
0
0
0
0
1
4
11
13
41
0
0
0
0
1
2
4
8
11
17
0
0
0
0
1
2
8
13
17
19
0
0
0
0
0
1
6
11
16
18
0
0
0
0
0
0
0
0
0
1
0
2
5
7
8
9
11
15
18
20
0
0
0
0
0
0
0
0
0
0
0
0
0
0
0
0
0
7
10
16
1
5
8
11
12
13
15
19
22
25
0
4
7
18
20
22
23
27
30
38
5
8
11
15
16
18
19
22
25
31
0
6
9
12
13
14
16
20
23
40
5
11
15
17
18
19
20
25
26
28
5
9
10
13
14
16
18
22
23
27
0
4
7
9
10
11
13
17
20
24
3
9
10
21
23
25
26
30
31
43
5
10
14
16
17
19
20
25
28
30
1
4
16
19
20
22
23
26
27
30
4
10
13
36
38
40
41
45
46
55
0
5
7
34
36
37
38
43
45
49
2
7
13
16
18
20
21
24
26
29
0
4
5
8
9
11
13
17
18
23
3
6
7
10
11
13
14
17
18
21
5
10
13
32
34
35
36
39
41
51
4
10
12
29
31
33
34
38
39
47
0
3
6
10
11
13
14
17
20
26
2
5
8
11
12
14
15
18
19
22
5
9
10
14
15
17
19
23
24
28
57
