time_cost:85012ms
ontime_proportion:0.833333
max_delay:22
avg_delay:2.500000
avg_flowtime:28.266667
object function value:1608.888889
0
0
0
0
1
2
3
4
8
11
15
0
0
0
1
3
5
7
12
14
15
0
0
0
0
0
0
0
0
0
2
0
0
0
5
7
9
11
16
18
22
0
0
0
3
4
5
9
14
17
39
0
0
0
3
5
7
9
14
16
20
0
0
0
0
0
0
0
0
0
4
0
0
0
0
0
0
0
2
4
6
0
0
0
0
0
1
2
8
11
27
0
0
0
0
1
3
5
9
12
17
3
7
8
11
12
14
15
19
20
28
2
5
8
13
14
15
16
19
22
23
5
9
11
22
23
24
25
29
31
36
1
5
8
10
11
13
15
19
22
24
7
11
15
34
35
36
37
41
44
46
2
6
8
12
13
14
15
19
21
25
7
11
16
37
38
39
40
44
47
49
0
4
14
33
34
35
36
40
42
48
6
11
13
31
32
33
34
38
40
47
6
12
13
42
44
45
46
50
51
52
2
8
10
19
20
22
23
27
29
32
2
7
8
9
10
12
14
19
20
21
2
10
12
30
31
33
34
38
40
45
5
10
12
29
30
32
33
38
39
44
6
11
12
40
42
43
44
48
49
50
8
13
17
18
20
22
24
29
31
32
5
9
10
14
15
17
18
22
23
26
1
5
6
7
8
10
11
15
16
18
3
8
10
20
21
23
24
28
29
35
1
5
8
16
17
19
21
25
28
38
54
