time_cost:92500ms
ontime_proportion:0.700000
max_delay:26
avg_delay:6.366667
avg_flowtime:30.200000
object function value:3006.666667
0
0
5
6
9
10
12
13
18
19
23
0
0
0
34
36
37
38
42
43
50
0
0
0
0
0
0
0
1
2
4
0
0
0
0
0
0
0
1
3
6
0
0
0
0
0
0
0
0
2
5
0
0
0
0
0
0
0
0
0
1
0
0
0
0
0
0
9
14
16
17
0
1
2
3
4
6
7
11
12
18
0
0
0
0
1
2
3
7
10
16
0
0
0
0
0
0
0
0
0
2
1
5
7
10
11
12
13
17
19
22
4
9
10
13
14
16
17
22
23
26
0
7
10
19
20
22
23
28
29
39
4
9
10
20
21
23
24
29
30
38
0
4
6
11
12
14
15
19
21
25
5
10
12
31
32
34
36
41
42
48
5
10
13
37
38
40
41
46
47
52
3
6
9
17
18
19
20
23
26
36
0
3
6
7
8
9
10
13
16
21
0
6
8
15
16
17
18
22
24
27
1
6
9
12
13
14
15
19
22
24
1
10
13
44
45
46
47
51
54
55
5
11
13
41
42
44
46
51
52
53
5
10
12
32
33
34
35
39
41
49
5
9
13
42
43
45
46
50
52
54
0
3
6
8
9
10
11
14
17
40
2
7
8
14
15
17
19
24
25
33
4
8
11
28
30
31
32
36
37
46
8
12
15
45
46
47
48
52
55
56
4
8
11
30
31
32
33
37
40
43
57
