time_cost:88564ms
ontime_proportion:0.833333
max_delay:18
avg_delay:1.766667
avg_flowtime:22.900000
object function value:1430.000000
0
0
0
0
0
0
0
0
0
1
3
0
0
0
1
2
4
5
8
11
18
0
0
0
0
0
1
10
13
18
21
0
0
0
0
0
0
0
2
4
6
0
0
0
0
0
0
0
0
0
2
0
0
2
5
7
9
10
14
19
22
0
0
0
0
0
0
0
4
20
23
0
0
0
0
0
0
0
0
0
0
0
0
0
0
1
3
4
8
9
25
0
0
0
1
2
4
6
9
12
15
0
4
5
7
9
11
12
16
17
19
3
7
8
16
18
20
21
25
26
27
7
11
13
29
31
33
34
37
38
40
9
12
16
19
20
21
23
26
28
31
8
11
14
17
18
19
21
24
25
28
8
12
15
33
35
37
38
42
43
44
7
12
15
18
19
21
22
27
28
31
3
6
9
11
12
14
15
18
21
23
1
5
7
10
11
13
15
19
21
25
4
7
10
12
13
15
16
19
22
24
3
6
7
9
11
13
14
17
18
21
1
4
5
7
8
10
11
14
15
17
2
5
8
13
14
16
17
20
23
37
5
9
11
14
15
17
19
23
25
28
3
7
9
12
13
15
17
21
23
26
5
9
11
13
14
16
17
20
21
24
4
8
10
31
33
35
36
39
40
42
3
7
8
14
16
18
19
23
24
38
6
10
12
15
17
19
20
24
26
29
5
9
12
35
37
39
40
44
45
46
48
