time_cost:9490ms
ontime_proportion:0.866667
max_delay:6
avg_delay:0.566667
avg_flowtime:26.000000
object function value:1200.000000
0
0
0
0
0
0
0
1
5
7
10
0
0
0
0
0
0
0
0
0
2
0
0
0
0
0
1
8
16
22
34
0
0
0
0
1
3
8
14
18
21
0
0
2
5
7
9
11
18
21
24
0
0
0
0
0
0
0
13
16
21
0
0
0
0
0
0
0
0
0
3
0
0
0
0
1
3
10
18
21
23
0
1
2
4
5
7
11
17
20
23
0
3
6
8
10
12
14
23
26
32
2
9
12
15
18
20
21
26
29
32
5
11
14
17
18
20
22
28
31
36
5
9
12
15
17
19
20
25
28
31
6
14
17
20
21
23
25
30
33
39
4
8
11
15
16
18
20
26
28
30
6
11
14
18
19
21
23
27
30
37
5
10
13
16
17
18
20
25
28
31
3
8
11
14
15
16
18
23
26
29
5
11
14
19
20
21
23
28
31
38
3
6
9
12
16
18
19
22
25
28
0
5
8
12
13
14
16
21
24
27
3
6
9
12
14
16
17
20
23
26
2
8
11
13
14
16
18
23
26
28
0
5
8
11
12
13
15
20
23
26
2
5
6
9
11
13
14
17
18
24
0
3
4
6
7
9
10
15
16
22
8
12
15
20
22
24
25
28
31
36
5
12
15
18
20
22
23
28
31
34
3
8
11
13
14
16
18
23
26
28
3
6
7
11
12
14
15
19
23
28
40
