time_cost:9126ms
ontime_proportion:0.633333
max_delay:25
avg_delay:6.000000
avg_flowtime:29.633333
object function value:3654.444444
0
0
4
6
9
10
11
12
16
18
21
0
0
0
0
0
0
1
4
8
13
0
3
6
8
9
11
13
17
20
22
0
0
0
0
0
0
0
1
4
5
0
0
0
0
0
0
0
0
3
6
0
0
0
0
0
0
1
7
8
18
0
0
0
0
0
0
1
5
6
19
0
0
0
0
0
0
0
3
5
17
0
0
0
0
0
0
0
1
2
3
0
0
0
0
0
0
0
0
0
0
4
9
10
12
13
15
17
22
23
25
3
7
8
10
11
13
14
18
19
27
1
6
9
15
16
17
18
22
25
28
4
10
13
26
27
28
29
32
35
37
5
10
12
13
15
17
19
24
26
27
1
6
7
11
12
14
16
21
22
36
6
12
14
31
32
34
36
41
42
43
5
10
12
18
20
22
24
29
31
32
5
9
10
23
25
26
27
31
32
38
0
5
6
29
30
32
33
38
39
44
6
10
13
32
33
35
37
41
44
46
0
5
7
30
31
33
34
39
40
45
6
13
14
35
36
38
39
44
45
48
5
9
12
14
15
17
19
23
26
47
7
13
15
16
18
20
22
27
29
30
1
6
9
33
35
36
37
41
42
49
9
14
15
41
42
44
45
50
51
54
5
10
11
40
41
43
44
49
50
53
9
13
16
42
43
44
45
48
51
52
3
7
10
16
17
18
19
22
25
51
55
