time_cost:88804ms
ontime_proportion:1.000000
max_delay:0
avg_delay:0.000000
avg_flowtime:17.966667
object function value:-401.111111
0
0
0
0
0
1
3
6
9
12
14
0
0
0
0
0
0
0
0
0
1
0
0
0
0
0
0
0
0
1
5
0
0
0
0
0
0
6
14
16
19
0
0
0
0
0
0
0
0
1
2
0
0
0
0
0
0
0
0
1
4
0
1
4
6
7
9
10
13
16
18
0
0
2
4
5
6
8
12
15
17
0
0
0
0
0
0
0
0
3
5
0
0
0
0
0
0
6
12
15
17
2
5
6
9
10
11
13
16
17
20
3
7
9
11
12
13
15
18
20
22
2
7
9
12
13
15
17
21
23
26
5
9
12
14
16
17
19
23
26
28
2
5
7
10
11
12
14
17
19
21
5
8
11
13
14
16
17
20
21
23
6
11
14
16
17
19
20
23
26
28
2
6
9
11
12
13
15
19
22
24
4
7
8
12
13
14
16
19
20
23
0
3
4
7
8
9
11
14
15
18
2
7
9
12
14
16
17
21
23
26
5
10
11
14
15
17
18
23
24
27
4
8
11
16
17
18
20
23
24
27
1
4
5
7
9
11
12
15
16
18
3
6
7
10
11
13
14
17
18
20
2
6
9
14
16
18
19
23
25
28
3
6
7
9
10
12
13
16
17
19
6
10
13
15
17
18
20
24
27
29
0
3
4
6
7
9
10
13
14
16
2
5
7
9
10
11
13
16
18
20
30
