time_cost:60975ms
ontime_proportion:0.800000
max_delay:1310546186112240700000000000000000000000000000000000000000000000000000000000000000000000000000000000000000000000000000000000000000000000000000000000000000000000.000000
avg_delay:0.533333
avg_flowtime:23.900000
object function value:1796.666667
0
0
0
0
0
0
0
7
12
16
22
0
0
0
0
0
2
10
18
19
22
0
0
3
6
8
10
11
17
20
23
0
0
0
0
0
0
1
4
5
7
0
2
3
6
7
8
10
14
17
20
0
2
3
5
6
8
9
14
17
20
0
0
0
0
0
2
6
11
16
23
0
0
0
0
0
0
0
0
0
0
0
0
0
0
1
3
9
16
21
23
0
0
0
2
3
5
9
13
14
17
2
5
6
8
9
11
12
16
18
21
9
15
18
21
23
25
26
29
32
35
5
13
16
20
22
24
26
31
34
36
6
13
16
19
20
22
24
28
31
35
6
12
15
18
20
22
23
26
29
32
0
5
8
10
11
13
15
20
23
25
5
10
13
15
16
18
20
25
28
30
1
7
10
12
13
15
17
22
25
27
5
9
11
14
15
17
19
23
25
26
2
6
9
11
12
14
16
20
23
25
6
11
14
17
19
21
22
25
28
31
4
9
12
14
15
17
19
24
27
29
4
9
12
16
18
20
22
27
30
32
9
12
14
16
17
19
20
23
25
28
5
10
13
18
19
20
22
27
30
34
2
6
9
12
13
15
17
21
24
27
1
4
7
10
12
14
15
19
22
25
2
7
10
13
14
16
18
23
26
29
3
6
9
12
14
16
17
20
23
26
5
9
11
15
16
18
20
24
26
28
38
