time_cost:65166ms
ontime_proportion:0.733333
max_delay:36
avg_delay:7.033333
avg_flowtime:31.766667
object function value:2725.555556
0
0
0
0
0
0
0
0
0
0
1
0
0
0
0
0
0
1
4
7
10
0
0
0
0
0
2
9
14
16
56
0
0
0
0
0
0
0
0
1
7
0
0
0
0
0
0
0
0
1
60
0
0
0
0
1
3
4
9
12
16
0
0
0
0
0
0
0
0
1
6
0
0
0
0
0
0
0
0
0
2
0
4
6
23
25
26
27
32
34
45
0
0
0
0
0
0
0
0
1
4
6
11
14
16
18
20
21
26
28
30
5
10
12
33
35
36
37
42
44
62
4
9
11
19
21
22
23
28
30
37
8
13
14
16
17
18
19
24
25
27
4
11
14
35
37
39
40
44
47
49
1
5
8
21
23
25
26
30
33
58
4
9
12
31
33
34
35
38
40
43
4
8
9
13
14
16
18
22
23
27
9
14
15
17
18
19
20
25
26
28
1
4
5
8
9
11
12
15
16
19
5
9
12
15
16
17
19
23
26
30
0
4
7
28
30
32
33
37
40
47
1
4
7
11
12
14
15
18
21
25
1
6
12
39
41
42
43
48
50
54
4
8
9
14
15
17
19
23
24
53
3
7
10
12
13
14
16
20
23
26
0
4
7
17
19
21
22
26
29
41
4
12
14
18
20
22
23
28
30
32
4
9
10
12
13
14
15
20
21
23
7
12
15
51
53
54
55
60
62
64
66
