time_cost:60703ms
ontime_proportion:0.766667
max_delay:1310546186112243100000000000000000000000000000000000000000000000000000000000000000000000000000000000000000000000000000000000000000000000000000000000000000000000.000000
avg_delay:2.633333
avg_flowtime:29.166667
object function value:2305.555556
0
0
0
0
0
0
1
2
10
12
26
0
0
0
0
0
0
8
13
15
19
0
0
0
0
0
0
0
0
0
0
0
2
3
5
7
8
9
13
14
37
0
0
0
0
0
0
0
0
0
1
0
0
0
0
0
0
0
0
1
2
0
0
0
0
0
0
0
0
1
2
0
0
0
0
0
1
7
11
12
31
0
0
0
0
0
0
0
3
4
21
0
0
0
0
0
0
0
0
1
4
7
12
14
34
35
37
38
43
44
50
4
9
11
24
25
26
27
31
33
47
4
8
9
10
11
13
14
18
19
35
6
9
12
17
18
19
20
23
26
36
1
6
7
8
9
11
13
18
19
41
6
12
15
33
34
35
36
39
42
49
6
11
13
20
21
23
24
28
30
48
7
13
15
17
19
21
23
28
30
31
2
7
8
13
14
16
18
24
25
42
1
5
8
14
15
16
17
21
24
27
3
8
11
16
17
18
19
22
25
40
2
7
8
9
10
12
14
19
20
29
2
8
9
18
19
21
23
28
29
44
2
6
8
11
12
13
14
18
20
23
7
12
14
15
17
19
21
26
28
29
5
9
12
19
20
22
24
28
31
46
3
7
10
15
16
18
20
24
27
45
3
7
10
12
13
15
17
21
24
28
7
10
13
30
31
32
33
36
39
43
0
4
6
25
26
27
28
32
34
39
51
