time_cost:9618ms
ontime_proportion:0.866667
max_delay:3
avg_delay:0.300000
avg_flowtime:22.633333
object function value:1087.777778
0
0
0
0
0
0
0
7
16
18
21
0
0
0
0
0
0
0
0
1
6
0
0
0
0
0
0
0
0
0
3
0
0
0
1
2
4
7
15
19
20
0
2
3
5
6
8
10
14
16
21
0
0
0
0
0
1
5
9
10
13
0
0
0
0
0
0
11
17
20
22
0
0
0
0
0
0
0
0
3
6
0
0
0
0
0
0
0
0
0
3
0
0
0
0
1
2
10
17
20
23
4
9
10
15
17
19
20
23
24
27
5
8
11
14
16
18
19
22
25
28
1
6
9
11
12
14
16
21
24
26
5
10
13
16
17
18
20
25
28
31
3
6
7
13
15
17
18
21
22
25
1
5
8
10
11
13
15
19
22
24
2
5
6
9
14
16
17
20
21
29
1
6
9
12
13
14
16
21
24
27
3
7
9
11
12
14
16
20
22
25
6
11
14
16
18
20
22
27
30
32
4
11
14
17
19
21
22
25
28
31
6
11
14
17
19
21
23
28
31
33
2
7
10
12
14
16
18
23
26
28
5
10
13
15
16
18
20
25
28
30
2
8
11
17
19
21
22
25
28
31
4
7
8
11
13
15
16
19
20
23
7
14
17
20
22
24
25
30
33
36
2
13
16
19
21
23
24
27
30
33
0
4
6
7
8
10
12
17
21
22
1
4
5
8
9
11
12
15
16
22
38
