time_cost:9235ms
ontime_proportion:0.766667
max_delay:13
avg_delay:1.200000
avg_flowtime:24.466667
object function value:2148.888889
0
0
5
8
11
12
13
15
20
23
26
0
0
0
0
2
4
5
8
11
14
0
0
0
3
4
5
7
13
20
23
0
0
0
0
0
0
0
0
3
6
0
0
0
2
3
4
6
11
14
17
0
0
0
0
0
0
0
0
3
5
0
0
0
0
0
0
4
11
14
16
0
0
0
0
0
0
0
0
6
9
0
0
0
0
1
3
7
12
18
20
0
2
3
6
8
10
11
14
16
29
0
3
4
16
17
19
20
23
24
31
0
4
6
7
10
12
14
18
21
22
5
8
9
11
12
14
15
18
19
21
2
6
11
14
15
16
18
22
23
26
0
3
6
9
11
13
14
17
20
23
4
9
12
17
19
21
22
25
26
32
5
9
10
13
14
15
17
21
22
25
0
3
4
8
9
11
12
15
18
22
3
8
11
15
16
17
19
24
27
31
3
8
13
19
21
23
24
27
30
36
6
9
14
25
27
29
30
33
36
39
3
6
9
12
16
18
19
22
25
34
0
5
8
10
13
15
17
22
25
27
6
10
15
18
20
22
23
26
29
32
3
10
13
27
29
31
32
35
38
41
3
7
8
11
12
13
15
19
20
23
0
4
5
8
9
10
12
16
17
20
6
11
17
18
22
24
26
30
32
33
0
6
9
12
15
17
19
23
26
28
0
5
11
13
15
17
19
24
27
29
43
