time_cost:9597ms
ontime_proportion:0.666667
max_delay:35
avg_delay:5.566667
avg_flowtime:31.166667
object function value:3372.222222
0
0
0
0
0
0
0
0
0
0
3
0
0
0
0
0
0
1
4
7
11
0
0
0
0
0
2
3
7
8
32
0
0
0
0
0
0
0
0
1
6
0
0
0
0
0
0
0
0
1
8
0
0
0
0
1
3
4
9
12
24
0
0
0
0
0
0
0
0
1
28
0
0
0
0
0
0
0
0
0
1
0
4
6
26
28
29
30
35
37
39
0
0
0
0
0
0
0
0
1
4
7
12
14
17
19
21
22
27
29
31
5
10
12
19
21
22
23
28
30
50
4
9
11
15
17
18
19
24
26
29
7
12
13
15
16
17
18
23
24
26
4
8
11
21
23
25
26
30
33
34
1
5
8
36
38
40
41
45
48
52
6
10
14
43
45
46
47
50
52
55
4
9
11
18
19
21
23
27
28
38
9
14
15
18
19
20
21
26
28
30
1
4
5
8
9
11
12
15
16
19
5
11
14
31
32
33
35
39
42
45
0
4
7
46
48
50
51
55
58
59
1
4
7
10
11
13
14
17
20
23
1
6
12
41
43
44
45
50
52
57
4
8
9
12
13
15
17
21
22
25
3
7
10
17
18
19
21
25
28
54
0
4
7
48
50
52
53
57
60
61
4
11
13
15
17
19
20
25
27
29
8
13
15
17
18
19
20
25
26
28
2
7
9
13
15
16
17
22
24
63
65
