time_cost:8667ms
ontime_proportion:0.800000
max_delay:22
avg_delay:3.500000
avg_flowtime:29.900000
object function value:1996.666667
0
0
0
0
1
2
3
7
11
14
27
0
0
0
4
6
8
10
15
17
22
0
0
0
0
0
0
0
0
0
4
0
0
0
0
2
4
6
12
14
18
0
0
0
2
3
4
5
10
13
21
0
0
0
2
4
6
8
13
15
20
0
0
0
0
0
0
0
0
0
3
0
0
0
0
0
0
0
2
4
6
0
0
0
0
0
1
5
11
14
44
0
0
0
0
1
3
5
9
12
19
3
7
8
10
11
13
14
18
19
22
7
13
16
36
37
38
39
42
45
46
4
8
10
16
17
18
19
23
25
28
1
8
11
37
38
40
42
46
49
51
5
10
13
18
19
20
21
25
28
42
2
6
8
35
36
37
38
42
44
47
1
5
8
9
10
11
12
16
19
20
0
8
10
14
15
16
17
21
23
26
1
5
9
13
14
15
16
20
24
39
1
5
6
7
9
10
11
15
16
31
8
14
16
40
41
43
44
48
50
52
2
7
9
12
13
15
17
22
23
24
5
10
12
38
39
41
42
46
48
50
0
5
6
11
12
14
15
20
21
30
1
5
6
33
35
36
37
41
42
48
8
13
15
16
18
20
22
27
29
30
5
9
10
17
18
20
21
25
26
43
5
9
12
15
16
18
19
23
24
25
3
7
8
29
30
32
33
37
38
41
1
5
8
23
24
26
28
32
35
45
53
