time_cost:8685ms
ontime_proportion:0.866667
max_delay:5
avg_delay:0.300000
avg_flowtime:22.266667
object function value:1075.555556
0
0
0
3
5
6
8
10
14
17
22
0
0
0
1
3
5
6
12
15
18
0
0
0
0
0
0
0
0
0
2
0
0
0
1
2
4
6
12
14
23
0
0
0
0
0
0
0
0
0
4
0
2
5
8
10
12
13
16
19
22
0
0
0
0
0
0
0
0
0
0
0
0
1
4
8
10
11
14
15
18
0
0
0
0
0
0
0
0
2
6
0
0
0
0
0
0
0
0
0
13
0
3
4
6
7
9
10
13
15
17
1
6
9
12
13
14
16
21
24
27
4
7
8
10
11
13
14
17
18
20
0
3
6
12
14
16
17
20
23
26
0
7
10
13
15
17
18
21
24
27
1
7
10
14
17
19
20
23
26
29
4
9
12
14
15
17
19
24
27
29
1
5
8
10
12
14
16
20
22
25
0
4
5
8
9
10
12
16
17
20
4
9
12
17
19
21
23
28
31
33
1
4
7
10
12
14
15
18
21
24
4
10
13
16
18
20
22
27
30
32
1
5
7
9
10
12
14
18
20
24
0
12
15
21
22
24
26
30
33
35
3
6
9
15
17
19
20
23
26
29
4
9
12
19
20
21
23
28
31
36
5
10
13
15
17
19
21
26
29
31
5
10
13
15
16
18
20
25
28
30
3
7
8
11
13
15
16
19
20
24
1
5
7
8
9
11
13
17
19
20
37
