time_cost:10117ms
ontime_proportion:0.766667
max_delay:18
avg_delay:1.833333
avg_flowtime:25.966667
object function value:2198.888889
0
0
0
0
0
0
0
1
5
6
8
0
0
0
0
0
0
0
1
4
6
0
0
0
0
0
0
0
0
1
2
0
0
0
0
0
0
0
5
11
19
0
0
0
0
0
0
0
3
4
8
0
0
0
0
0
0
6
11
12
30
0
0
0
0
0
0
0
0
0
0
0
0
0
0
0
0
8
13
17
21
0
0
0
0
0
2
3
6
7
13
0
0
0
0
0
0
0
3
4
6
5
10
11
26
28
29
30
35
36
40
3
8
9
12
14
15
16
21
22
24
0
5
13
32
34
36
37
42
43
46
3
8
9
18
20
21
22
27
28
44
6
10
14
17
19
20
22
26
28
30
1
6
7
15
17
19
20
25
26
29
3
7
10
20
22
24
25
29
30
38
10
14
16
19
21
22
24
28
30
32
8
11
15
23
25
26
28
31
32
34
1
9
12
17
19
20
21
26
29
31
6
11
14
21
23
25
26
31
32
36
5
10
11
14
16
18
19
24
25
28
7
12
15
36
38
40
41
46
47
50
8
12
14
34
36
38
39
43
44
48
5
10
11
16
18
20
21
26
27
42
3
7
8
10
12
14
15
19
20
22
7
12
16
17
20
22
23
28
30
31
4
9
13
15
17
18
20
24
26
28
1
6
9
11
13
14
15
20
23
25
6
12
16
27
29
31
32
37
38
41
52
