time_cost:9288ms
ontime_proportion:0.800000
max_delay:18
avg_delay:1.833333
avg_flowtime:22.900000
object function value:1763.333333
0
0
0
0
0
0
0
0
0
1
3
0
0
0
2
3
5
7
10
14
24
0
0
0
0
0
1
9
14
18
21
0
0
0
0
0
0
0
2
4
8
0
0
0
0
0
0
0
0
0
1
0
0
2
5
7
9
10
14
17
20
0
0
0
0
0
0
0
4
6
9
0
0
0
0
0
0
0
0
0
0
0
0
0
0
1
3
4
8
9
14
0
0
0
1
2
4
6
9
11
16
0
4
5
6
8
10
11
15
16
26
3
7
8
11
13
15
16
20
21
31
5
8
9
22
24
26
27
30
31
37
6
9
12
15
16
17
19
22
23
26
3
6
10
13
14
15
17
20
21
24
6
10
13
29
31
33
34
38
39
40
3
9
11
14
15
17
18
23
24
28
3
6
9
19
20
22
23
26
29
39
1
5
7
10
11
13
15
19
21
24
4
7
10
16
17
19
20
23
26
28
3
6
7
9
11
13
14
17
18
20
1
4
5
7
8
10
11
14
15
17
2
5
8
13
14
16
17
20
23
25
8
12
15
18
19
21
23
27
29
32
3
8
10
13
14
16
18
22
24
27
5
8
11
15
16
18
19
22
23
25
4
7
8
17
19
21
22
25
26
42
8
13
17
33
35
37
38
42
43
44
8
12
14
17
19
21
22
26
28
31
5
9
10
35
37
39
40
44
45
46
48
