time_cost:9358ms
ontime_proportion:0.533333
max_delay:38
avg_delay:8.433333
avg_flowtime:31.833333
object function value:4727.777778
0
0
0
0
0
0
0
0
2
5
9
0
0
0
2
3
5
7
10
16
19
0
0
0
0
0
0
0
0
2
3
0
0
0
0
0
0
0
0
0
5
0
0
0
0
0
1
3
7
10
12
0
0
2
7
9
11
12
16
19
39
0
0
0
0
0
0
0
4
5
10
0
0
0
0
0
0
0
0
0
2
0
0
0
0
0
0
0
0
0
0
0
0
0
0
0
0
6
10
13
23
0
3
5
21
23
24
25
28
30
41
4
9
11
14
16
17
18
23
25
27
7
12
14
18
20
22
23
28
31
33
7
12
14
16
18
20
21
26
28
30
4
8
11
33
35
36
37
40
42
45
2
7
9
31
33
34
35
40
42
47
1
6
8
37
39
40
41
46
48
55
0
4
8
43
45
47
48
52
55
57
3
7
8
18
20
22
23
27
28
35
0
4
5
49
51
53
54
58
59
62
1
6
8
10
12
14
15
20
22
24
5
8
10
51
53
54
55
58
60
64
1
5
13
16
22
24
25
28
29
32
2
5
8
11
12
14
15
18
21
24
1
10
13
25
26
27
29
33
36
60
4
8
13
53
55
57
58
62
63
66
5
10
12
14
16
18
19
24
26
28
4
8
11
20
21
22
24
28
31
59
5
9
10
13
14
16
18
22
23
26
2
5
7
16
18
19
20
23
25
29
68
