time_cost:9240ms
ontime_proportion:0.966667
max_delay:0
avg_delay:0.000000
avg_flowtime:21.000000
object function value:33.333333
0
0
0
0
0
0
0
0
0
0
0
0
1
2
4
5
7
8
11
14
19
0
0
0
0
0
1
3
6
7
21
0
0
0
0
0
0
0
1
4
23
0
0
0
0
0
0
0
0
1
4
0
0
0
0
0
0
3
8
12
17
0
0
0
0
0
0
4
7
10
24
0
0
0
0
0
0
0
0
0
2
0
0
2
5
7
9
10
14
16
19
0
0
0
0
0
0
0
1
2
4
0
4
5
14
18
20
21
25
27
30
2
7
10
13
14
15
17
20
21
24
1
5
7
12
13
15
17
21
24
27
5
8
12
16
17
18
20
23
25
28
2
5
8
10
11
13
14
17
20
29
0
3
4
6
7
9
10
13
14
16
5
9
11
14
16
18
19
23
25
28
5
10
11
14
15
17
18
23
24
28
0
3
4
8
10
12
13
16
17
19
1
4
5
7
9
11
12
15
16
18
5
9
10
12
15
17
18
22
24
25
0
3
4
6
8
10
11
14
15
17
3
7
9
15
17
19
20
23
24
29
4
8
13
16
18
20
22
25
27
30
1
5
8
10
11
12
14
18
21
23
0
3
6
11
12
14
15
18
21
27
3
7
11
14
17
18
20
23
24
27
5
8
10
13
15
17
18
21
22
26
1
5
7
11
12
14
16
20
22
25
1
5
7
10
11
13
15
19
21
24
32
