time_cost:59580ms
ontime_proportion:0.700000
max_delay:15
avg_delay:2.433333
avg_flowtime:23.300000
object function value:2776.666667
0
0
0
0
2
3
4
6
9
11
17
0
0
0
0
0
1
3
6
8
10
0
0
0
0
0
0
2
5
7
9
0
0
0
0
0
2
7
11
14
37
0
0
0
2
3
5
6
11
13
16
0
0
0
0
0
0
0
1
4
6
0
3
4
6
8
10
11
14
15
21
0
0
0
0
0
0
0
0
0
0
0
0
1
3
4
6
7
10
13
18
0
0
0
0
0
0
0
1
2
4
4
8
9
15
17
19
20
24
25
26
2
7
12
15
16
18
19
24
25
28
3
7
11
15
17
19
20
24
26
29
5
10
12
16
17
18
20
23
24
27
9
13
18
20
21
23
24
27
28
30
5
11
15
18
19
21
23
27
29
32
9
14
20
31
33
35
36
39
40
43
9
14
20
29
31
33
34
38
39
41
0
3
6
8
9
11
12
15
18
23
2
7
10
12
13
15
16
19
20
22
5
8
10
13
14
15
17
20
22
25
8
12
17
20
22
24
25
29
31
34
5
9
13
15
16
17
19
23
26
28
8
13
15
19
20
22
23
28
29
33
1
4
5
24
26
28
29
32
33
35
0
4
5
13
15
17
18
22
23
33
1
5
7
10
12
14
15
19
21
24
4
7
10
12
13
15
16
19
22
28
5
9
10
19
21
23
24
28
29
39
4
8
10
13
15
17
18
22
24
27
45
