time_cost:60289ms
ontime_proportion:0.733333
max_delay:13
avg_delay:1.566667
avg_flowtime:25.466667
object function value:2515.555556
0
0
0
0
0
0
0
0
0
0
3
0
2
5
7
8
10
12
17
20
22
0
0
0
1
3
5
7
12
15
29
0
1
4
7
9
11
12
15
18
21
0
0
0
0
0
0
0
0
0
0
0
0
2
4
5
7
9
13
16
19
0
0
0
0
0
0
8
14
15
17
0
0
0
0
1
3
8
14
17
19
0
0
0
0
0
0
9
15
18
20
0
0
0
0
0
0
9
15
17
21
4
9
11
14
15
17
19
23
25
27
6
11
12
15
18
21
23
27
28
31
5
10
13
20
22
24
26
31
34
36
2
5
6
9
10
12
13
16
17
20
4
12
15
17
18
21
23
28
31
33
2
7
10
13
14
15
17
22
25
28
7
15
17
19
20
22
23
26
27
29
1
6
9
11
13
15
17
22
25
32
3
8
11
16
17
19
21
26
29
35
4
9
12
17
18
19
21
26
29
40
1
4
7
10
12
14
15
18
21
24
2
5
8
12
14
16
17
20
23
26
5
11
14
16
17
19
21
26
30
32
4
12
15
25
27
29
31
36
39
41
0
4
7
9
10
12
14
18
21
24
1
10
13
22
24
26
28
33
36
38
1
4
7
10
12
14
15
18
21
24
4
9
12
18
19
20
22
27
30
34
2
7
10
15
16
17
19
24
27
31
6
13
16
18
19
21
22
25
26
28
43
