time_cost:62315ms
ontime_proportion:0.866667
max_delay:1310546186112240300000000000000000000000000000000000000000000000000000000000000000000000000000000000000000000000000000000000000000000000000000000000000000000000.000000
avg_delay:0.433333
avg_flowtime:22.700000
object function value:1090.000000
0
0
1
2
5
7
9
10
13
14
24
0
0
0
0
0
1
5
12
17
20
0
0
0
0
0
0
4
11
17
21
0
0
0
0
1
2
4
11
14
17
0
0
0
0
0
0
0
0
1
3
0
0
0
0
0
0
0
0
1
3
0
0
0
1
2
3
9
14
18
21
0
0
0
0
0
2
8
14
17
19
0
0
0
0
0
0
0
3
4
8
0
0
0
0
0
0
0
0
0
0
1
4
5
19
21
23
24
27
28
32
0
4
7
10
11
13
15
19
22
24
3
8
11
13
15
17
19
24
27
29
0
5
8
12
13
14
16
21
24
27
0
3
4
7
8
10
11
14
15
18
6
10
11
14
15
16
18
22
23
26
5
8
9
11
12
14
15
18
19
21
0
3
4
12
14
16
17
20
21
26
5
8
11
14
16
18
19
22
25
28
5
9
12
16
18
20
21
24
27
30
3
8
11
15
16
19
21
26
29
32
8
13
17
20
21
22
24
29
32
35
2
6
9
11
12
14
16
20
23
25
4
9
12
16
17
18
20
25
28
31
8
12
14
22
24
26
27
30
31
36
6
11
14
17
20
22
23
26
29
32
0
3
4
9
16
18
19
23
24
34
1
4
7
10
12
15
16
19
22
25
5
11
15
18
19
20
22
27
30
33
2
6
8
9
10
12
14
18
20
23
38
