time_cost:8849ms
ontime_proportion:0.900000
max_delay:10
avg_delay:0.733333
avg_flowtime:24.133333
object function value:804.444444
0
0
0
0
0
0
0
0
4
7
9
0
0
1
4
5
6
8
13
16
27
0
0
0
0
0
0
0
0
0
1
0
0
0
0
0
1
2
5
11
22
0
0
0
0
0
0
0
0
0
3
0
0
0
0
1
3
8
13
16
24
0
0
2
5
6
8
10
14
21
28
0
0
3
6
8
10
11
14
20
23
0
0
0
0
0
0
0
0
0
0
0
0
0
1
3
5
6
12
15
18
1
6
9
19
20
21
23
28
31
35
5
11
12
14
15
17
18
21
22
28
0
4
5
8
9
10
12
16
17
20
0
3
4
7
9
11
12
15
16
24
5
8
9
11
12
14
15
18
19
21
5
10
13
16
18
20
21
24
27
30
4
9
12
15
17
19
21
26
29
31
0
4
6
7
11
13
15
19
21
37
4
9
12
21
22
23
25
30
33
38
7
12
15
18
20
24
25
28
29
32
1
5
7
8
9
11
13
17
19
23
3
6
7
12
14
16
17
20
21
26
2
7
10
17
19
21
23
28
31
33
3
8
11
13
14
16
18
23
26
28
3
7
10
12
13
15
17
21
24
26
0
3
8
11
13
15
16
19
23
26
0
4
5
9
10
11
13
17
18
21
3
8
11
13
15
17
19
24
27
29
6
11
14
20
21
22
24
29
32
36
4
10
13
22
23
24
26
31
34
39
40
