time_cost:9552ms
ontime_proportion:0.800000
max_delay:27
avg_delay:3.066667
avg_flowtime:32.700000
object function value:2090.000000
0
0
0
0
0
2
4
10
15
17
18
0
0
1
2
3
5
6
10
12
19
0
0
0
0
0
0
5
10
11
26
0
0
0
0
0
0
0
0
1
3
0
0
0
0
0
0
0
0
0
1
0
0
0
0
1
3
5
11
13
20
0
0
0
0
0
0
6
11
14
34
0
0
0
0
0
0
1
6
7
21
0
0
1
4
6
7
9
13
15
36
0
0
0
0
0
0
0
0
2
6
0
5
6
9
10
12
14
19
20
22
4
8
11
23
24
25
26
30
33
38
2
6
9
11
12
14
16
20
23
25
0
5
6
7
8
10
12
17
18
39
0
3
6
31
32
33
34
37
40
41
0
4
5
29
31
32
33
37
38
44
8
13
14
35
36
38
39
44
45
48
0
5
6
10
11
13
15
20
21
47
5
10
12
13
15
17
19
24
26
27
10
15
16
40
41
43
45
50
51
52
3
8
9
15
16
18
19
24
25
28
5
10
11
12
13
15
17
22
23
24
2
6
7
14
15
17
18
22
23
46
5
11
12
42
43
45
46
51
52
55
1
5
7
18
19
21
22
26
28
49
8
12
13
32
34
35
36
40
41
50
4
8
11
13
14
16
18
22
25
27
6
11
14
43
44
46
48
52
55
57
3
7
8
16
18
19
20
24
25
53
0
5
6
8
9
11
13
18
19
56
58
