time_cost:64788ms
ontime_proportion:0.666667
max_delay:27
avg_delay:4.433333
avg_flowtime:30.500000
object function value:3350.000000
0
0
0
0
0
0
0
1
5
9
21
0
0
0
0
0
0
0
0
0
0
0
0
0
0
0
0
0
0
2
4
0
2
5
8
9
10
11
14
17
20
0
0
0
0
0
0
0
0
0
1
0
0
0
2
3
5
6
10
12
22
0
0
0
0
0
0
6
10
12
13
0
0
0
0
0
1
8
12
13
53
0
0
1
5
7
8
9
13
14
46
0
0
0
0
0
0
0
0
0
3
5
8
11
16
17
18
19
22
25
31
4
8
9
14
15
17
18
22
23
25
3
7
8
10
11
13
14
18
19
50
1
5
7
18
19
21
22
26
28
49
1
7
9
10
12
14
16
21
23
24
5
9
12
17
18
20
22
26
29
33
5
9
10
39
41
42
43
47
48
51
1
5
7
15
16
18
19
23
25
30
5
9
10
41
43
44
45
49
50
54
2
7
9
19
20
22
23
28
29
48
1
6
7
9
10
12
14
19
20
32
2
5
8
11
12
13
14
17
20
24
7
11
12
34
36
37
38
42
43
44
5
10
11
23
24
26
27
32
33
56
0
5
6
7
8
10
12
17
18
36
3
8
9
12
13
15
17
22
23
26
5
9
10
27
29
30
31
35
36
37
7
12
14
15
17
19
21
26
28
29
8
12
14
43
44
45
46
50
52
57
1
5
7
13
14
16
17
21
23
29
58
