time_cost:9485ms
ontime_proportion:0.933333
max_delay:3
avg_delay:0.133333
avg_flowtime:19.933333
object function value:331.111111
0
0
0
0
0
0
0
1
5
13
21
0
0
0
0
1
3
6
10
13
14
0
0
0
0
0
0
10
14
22
23
0
0
0
0
0
1
6
9
14
16
0
1
2
5
6
8
9
14
21
27
0
0
0
0
0
0
0
0
0
1
0
0
0
0
0
0
0
0
0
2
0
0
0
0
0
0
0
0
0
0
0
0
0
0
0
0
1
4
5
7
0
0
0
0
0
0
0
0
0
0
5
8
9
11
12
14
15
18
19
21
4
8
10
14
15
17
19
23
25
29
8
11
13
17
18
20
21
24
26
30
3
6
7
10
12
14
15
18
19
25
6
9
11
16
17
19
20
23
24
26
8
13
15
18
20
22
23
28
29
32
6
10
13
17
19
21
22
26
28
31
8
11
16
19
22
23
25
28
31
34
2
5
6
8
9
11
12
15
19
22
1
6
7
20
21
23
24
29
30
33
3
6
8
10
13
15
16
19
20
24
4
8
10
15
17
19
20
24
26
29
3
6
7
9
10
12
13
16
17
19
5
8
11
14
15
16
18
21
22
25
8
12
14
19
21
23
24
28
30
33
2
5
6
8
11
13
14
17
18
20
5
8
9
13
14
16
17
20
21
23
2
7
8
12
13
15
16
21
22
25
3
9
11
15
16
18
19
24
25
28
4
8
10
13
15
17
18
22
24
27
35
