time_cost:114622ms
ontime_proportion:0.633333
max_delay:37
avg_delay:7.000000
avg_flowtime:31.633333
object function value:3721.111111
0
0
0
0
0
0
0
0
2
5
10
0
0
0
2
3
5
7
11
16
19
0
0
0
0
0
0
0
0
2
5
0
0
0
0
0
0
0
0
0
7
0
0
0
0
0
1
3
7
10
15
0
0
2
3
5
7
8
12
15
30
0
0
0
0
0
0
0
4
5
9
0
0
0
0
0
0
0
0
0
2
0
0
0
0
0
0
0
0
0
0
0
0
0
0
0
0
2
6
12
18
0
3
5
23
25
26
27
30
32
40
4
9
11
42
44
45
46
51
53
55
5
10
12
14
16
18
19
24
26
28
0
5
8
10
12
14
15
20
22
24
4
7
9
28
30
31
32
35
37
45
2
7
12
47
49
50
51
56
58
63
1
10
13
34
36
37
38
43
45
53
0
4
8
36
38
40
41
45
48
61
5
9
13
49
51
53
54
58
59
65
0
4
5
19
21
23
24
28
29
32
6
11
14
16
18
20
21
26
28
30
5
9
13
21
23
24
25
28
30
59
1
10
14
17
18
20
21
24
25
28
2
5
8
11
12
14
15
18
21
27
1
5
8
12
13
14
16
20
23
25
4
8
9
16
18
20
21
25
26
57
7
12
14
18
20
22
23
28
30
32
4
8
11
13
14
15
17
21
24
26
5
9
10
14
15
17
19
23
24
44
2
5
7
38
40
41
42
45
47
51
67
