time_cost:65121ms
ontime_proportion:0.966667
max_delay:0
avg_delay:0.000000
avg_flowtime:18.833333
object function value:-38.888889
0
0
0
0
0
0
0
0
0
0
2
0
1
2
4
5
7
8
11
13
16
0
0
0
0
0
1
4
7
13
26
0
0
0
0
0
0
0
1
4
8
0
0
0
0
0
0
0
0
1
4
0
0
0
0
0
0
4
8
10
13
0
0
0
0
0
0
3
7
9
11
0
0
0
0
0
0
0
0
0
1
0
0
2
5
7
9
10
14
16
19
0
0
0
0
0
0
0
1
2
4
4
8
12
19
21
23
24
28
29
30
2
5
6
9
10
11
13
16
17
20
1
5
7
10
11
13
15
19
21
24
5
8
10
12
13
14
16
19
21
23
2
5
8
10
11
13
14
17
20
22
3
6
7
9
12
14
15
18
19
21
5
9
11
14
16
18
19
23
25
28
5
10
11
14
15
17
18
23
24
27
0
3
4
15
17
19
20
23
24
28
1
4
5
7
8
10
11
14
15
17
5
9
10
13
15
17
18
22
23
24
0
3
4
6
8
10
11
14
15
17
1
4
5
8
9
11
12
15
16
18
1
4
5
8
9
10
12
15
16
19
1
5
8
10
11
12
14
18
21
23
0
3
6
9
10
12
13
16
19
21
3
7
11
14
15
16
18
21
24
27
5
8
12
15
16
18
19
22
23
26
1
5
7
11
12
14
16
20
22
25
1
6
9
12
13
15
17
21
24
28
32
