time_cost:63507ms
ontime_proportion:0.900000
max_delay:1310546186112240500000000000000000000000000000000000000000000000000000000000000000000000000000000000000000000000000000000000000000000000000000000000000000000000.000000
avg_delay:0.400000
avg_flowtime:25.733333
object function value:857.777778
0
0
4
7
13
17
19
21
27
30
35
0
0
0
0
2
4
8
14
17
20
0
0
2
4
6
8
10
15
18
26
0
0
0
0
0
0
7
14
18
22
0
0
0
0
0
2
6
11
14
22
0
0
0
0
0
0
0
4
5
8
0
4
7
9
10
12
14
19
22
24
0
0
0
0
0
2
7
13
16
20
0
0
0
0
0
0
0
0
1
2
0
0
0
0
0
0
0
0
0
2
1
5
7
8
9
11
13
17
19
24
2
7
10
15
18
20
21
24
27
30
3
7
9
11
12
14
16
20
22
25
4
9
12
19
20
21
23
28
31
34
4
9
12
15
16
17
19
24
27
30
5
11
14
20
22
24
26
31
34
38
4
7
10
13
15
17
18
21
24
27
3
7
9
10
11
13
15
19
21
28
5
10
13
16
17
18
20
25
28
31
4
10
13
16
19
21
22
27
30
33
7
12
15
18
21
23
24
29
32
35
1
5
8
17
18
20
22
26
29
32
0
4
8
11
12
13
15
19
20
23
5
12
15
18
20
22
23
28
31
35
5
9
11
18
19
22
24
28
30
33
3
8
11
13
14
16
18
23
26
28
1
5
7
9
10
12
14
18
20
37
7
13
16
19
21
22
24
30
32
35
0
3
4
7
9
11
12
15
16
24
1
6
9
12
13
14
16
21
24
29
40
