time_cost:94043ms
ontime_proportion:0.866667
max_delay:12
avg_delay:1.033333
avg_flowtime:24.000000
object function value:1133.333333
0
0
0
0
0
0
0
0
1
2
15
0
0
0
0
0
0
8
12
17
20
0
0
0
3
5
7
9
13
22
34
0
0
1
3
4
6
8
12
15
17
0
0
0
0
0
0
0
0
2
5
0
0
0
1
3
5
6
9
10
19
0
3
4
7
8
10
11
16
17
20
0
1
4
8
9
11
12
15
18
21
0
0
0
0
0
0
0
0
2
4
0
0
0
2
3
5
7
10
15
19
3
9
10
13
16
18
19
24
25
28
0
3
6
29
31
33
34
37
38
40
3
7
9
12
18
20
21
25
27
30
2
6
7
27
29
31
32
35
36
38
5
8
9
12
14
16
17
20
21
23
1
4
5
25
27
29
30
33
34
36
0
4
6
9
11
13
14
18
20
23
5
8
11
14
15
17
18
21
24
32
2
5
7
11
12
13
15
18
20
31
5
8
9
11
12
14
15
18
19
21
0
4
5
6
8
10
11
15
16
17
4
7
12
15
17
18
20
23
24
27
0
3
6
9
10
12
13
16
19
33
7
11
13
16
19
21
23
27
29
32
2
5
8
10
11
13
14
17
20
22
1
5
8
10
11
12
14
18
21
23
4
8
11
13
14
15
17
21
24
26
0
3
4
7
8
9
11
14
15
18
8
11
16
18
20
22
23
26
27
29
5
9
13
16
18
19
21
25
28
30
42
