time_cost:96373ms
ontime_proportion:0.733333
max_delay:22
avg_delay:3.800000
avg_flowtime:29.566667
object function value:2652.222222
0
0
0
0
0
0
0
0
0
0
7
0
1
2
3
4
6
7
11
12
24
0
0
0
0
0
0
0
0
1
6
0
0
0
0
0
1
8
13
14
46
0
0
0
4
6
7
8
12
13
50
0
0
0
0
0
0
0
0
0
0
0
0
0
0
0
0
0
3
4
48
0
0
0
0
0
0
0
0
0
2
0
0
0
0
0
0
0
0
1
32
0
0
0
0
0
0
0
0
0
1
7
11
14
36
37
39
41
45
48
52
1
6
8
21
22
23
24
28
30
39
4
9
10
16
17
19
21
26
27
28
3
8
9
10
11
13
15
20
21
23
2
7
8
14
15
17
18
23
24
43
0
5
7
8
10
12
14
19
21
22
5
9
11
15
16
17
18
22
24
27
0
5
6
12
13
15
16
21
22
25
1
4
7
9
10
11
12
15
18
19
4
8
9
30
32
33
34
38
39
44
8
13
14
38
39
41
43
48
49
53
5
10
13
14
16
18
20
25
27
28
3
8
9
29
30
32
34
39
40
42
5
9
10
17
18
20
21
25
26
41
4
8
9
11
12
14
15
19
20
26
4
9
10
13
14
16
18
23
24
40
0
6
10
34
35
37
38
43
44
47
0
5
6
8
9
11
13
18
19
22
5
9
11
18
19
21
22
26
27
35
0
4
6
20
21
22
23
27
29
37
54
