time_cost:9208ms
ontime_proportion:0.533333
max_delay:53
avg_delay:15.600000
avg_flowtime:44.533333
object function value:5151.111111
0
0
3
4
24
25
27
29
33
34
45
0
4
6
12
14
15
16
21
23
25
0
0
0
0
0
2
4
8
9
46
0
0
0
0
0
0
0
0
0
0
0
0
1
4
5
7
8
12
14
17
0
0
0
6
8
9
10
13
15
27
0
0
0
0
0
0
0
5
8
20
0
0
2
4
6
7
8
13
15
56
0
0
0
0
0
0
0
0
0
1
0
0
1
39
41
42
43
46
48
52
0
4
5
8
10
12
13
17
18
37
2
6
9
16
18
20
21
25
28
58
3
9
12
50
52
53
54
57
59
64
0
3
6
15
16
18
19
22
25
47
3
7
10
31
33
35
36
40
43
54
1
6
8
35
37
38
39
44
46
48
1
8
10
62
64
65
66
71
73
75
1
7
10
41
42
43
45
49
52
70
1
4
6
18
20
21
22
25
27
71
6
11
12
15
16
18
19
24
25
27
0
3
5
10
12
13
14
17
19
22
3
6
9
33
35
36
37
40
42
73
6
11
12
14
15
16
17
22
23
25
4
9
11
13
15
17
18
23
25
27
3
10
12
60
62
63
64
67
69
77
6
10
13
66
68
70
71
75
78
79
1
5
8
14
15
16
18
22
25
44
5
10
12
15
17
19
20
25
27
29
5
11
14
68
70
72
73
77
80
81
4
8
11
29
31
33
34
38
41
42
83
