time_cost:9339ms
ontime_proportion:0.833333
max_delay:28
avg_delay:1.966667
avg_flowtime:28.000000
object function value:1600.000000
0
0
0
1
4
5
7
9
13
16
19
0
0
0
0
0
0
8
13
17
20
0
0
0
0
0
0
0
0
0
0
0
0
0
0
0
0
0
0
0
6
0
0
0
2
4
5
6
11
13
19
0
0
0
0
0
0
0
0
3
8
0
0
1
4
6
7
8
11
13
39
0
0
0
1
2
4
5
8
11
21
0
0
0
0
0
0
0
2
4
6
0
0
0
0
1
2
6
12
14
45
1
5
6
9
10
12
14
18
19
22
6
12
14
16
18
19
20
25
26
28
0
3
5
34
36
37
38
41
43
47
3
8
11
38
39
41
42
45
48
51
3
6
9
16
17
19
20
23
26
29
4
8
14
36
38
40
41
45
46
49
1
5
6
10
11
13
15
19
20
23
5
10
12
32
34
35
36
41
43
52
5
10
12
14
16
18
19
24
26
28
8
12
17
20
21
23
24
27
28
31
5
9
12
41
43
45
46
50
53
54
3
7
8
13
14
16
18
22
23
26
7
12
15
17
19
21
22
27
29
31
2
7
9
11
13
15
16
21
23
25
2
7
9
11
13
14
15
20
22
24
3
6
8
14
16
17
18
21
23
27
1
6
8
17
19
20
21
26
28
30
6
13
16
18
19
20
21
26
28
30
0
5
6
8
9
10
11
16
17
19
7
11
14
43
45
47
48
52
53
56
58
