time_cost:9050ms
ontime_proportion:0.666667
max_delay:29
avg_delay:3.533333
avg_flowtime:32.400000
object function value:3413.333333
0
0
0
0
0
0
0
0
0
0
0
0
0
0
2
4
6
8
13
15
47
0
0
0
0
1
3
9
14
16
36
0
5
6
17
19
20
21
26
27
33
0
3
5
7
9
10
12
16
18
20
0
0
0
1
3
4
6
9
10
18
0
0
0
0
2
4
8
13
16
17
0
0
0
6
8
10
11
14
15
32
0
0
1
4
6
8
9
14
15
20
0
0
0
0
0
0
1
5
6
15
5
10
12
22
24
26
27
32
33
40
3
7
8
35
37
39
40
44
45
49
3
6
7
9
11
12
14
17
18
38
0
5
11
37
39
41
42
47
48
51
5
8
9
12
14
16
17
20
21
24
4
7
8
14
16
18
19
22
23
26
5
8
13
28
30
32
33
36
37
42
2
6
7
11
13
15
16
20
21
25
0
5
6
31
33
34
35
40
41
45
5
9
12
41
43
45
46
50
51
53
0
4
5
7
9
11
12
16
17
19
7
10
14
34
36
37
39
42
43
45
7
11
14
43
45
47
48
52
53
55
4
9
10
13
15
17
18
23
24
29
1
5
8
21
23
25
26
30
31
39
5
10
11
16
18
20
21
26
27
30
0
5
6
9
11
13
14
19
20
23
5
10
12
13
15
17
18
23
25
26
6
10
13
15
17
18
20
24
26
28
4
9
10
27
29
30
31
36
37
57
59
