time_cost:8806ms
ontime_proportion:1.000000
max_delay:0
avg_delay:0.000000
avg_flowtime:21.466667
object function value:-284.444444
0
0
0
0
0
0
0
1
8
11
16
0
0
0
0
0
2
6
9
14
17
0
0
1
3
4
6
7
10
14
19
0
0
0
0
0
0
0
0
0
2
0
0
2
5
7
9
10
14
17
20
0
0
0
0
0
0
7
11
15
18
0
0
1
4
5
7
9
13
18
21
0
0
0
0
1
3
8
12
16
20
0
0
0
0
0
0
0
0
1
5
0
0
0
0
0
0
6
10
15
17
5
8
11
13
14
16
18
21
23
26
5
8
9
12
15
17
18
21
23
25
5
8
13
15
17
19
20
23
27
31
1
4
5
14
18
20
21
24
25
27
6
9
12
15
17
18
20
23
24
27
5
8
9
11
12
15
16
19
20
22
3
6
8
11
12
13
15
18
20
22
0
3
5
7
8
9
11
14
16
18
1
4
6
8
9
10
12
15
17
19
5
9
12
14
15
16
18
22
25
28
3
6
10
12
13
14
16
19
21
23
2
7
11
14
16
18
19
24
27
30
0
5
6
9
10
12
13
18
25
28
1
6
10
13
16
18
19
24
25
29
8
11
14
16
20
21
23
26
28
30
3
7
9
13
15
17
18
22
24
27
2
6
8
11
13
15
16
20
22
25
6
10
13
16
18
20
21
25
27
30
1
5
7
10
11
13
15
19
21
24
2
6
7
9
14
16
17
21
22
24
32
