time_cost:9648ms
ontime_proportion:0.700000
max_delay:10
avg_delay:1.600000
avg_flowtime:24.966667
object function value:2832.222222
0
0
0
1
3
5
6
7
12
15
18
0
0
0
0
0
2
6
11
13
19
0
0
0
0
0
0
0
1
2
4
0
0
0
0
0
1
2
5
6
16
0
0
1
5
7
9
10
13
14
30
0
0
0
0
0
2
8
14
16
21
0
0
0
0
0
0
0
0
0
1
0
0
0
1
3
5
10
15
17
32
0
0
0
0
0
0
0
0
1
7
0
0
0
0
1
3
10
15
17
19
2
6
7
11
13
15
16
20
21
27
9
14
16
17
19
21
22
27
29
30
0
5
8
10
12
13
14
19
22
24
6
9
11
20
22
23
25
28
29
34
5
9
11
14
16
17
19
23
25
27
6
10
12
16
18
19
21
25
27
29
1
6
9
11
12
13
14
19
22
24
3
8
9
15
17
19
20
25
26
33
5
10
11
13
15
16
17
22
23
25
3
8
9
17
19
21
22
27
28
31
6
12
16
21
23
24
25
30
31
35
0
5
9
12
13
14
15
20
23
25
5
11
13
14
16
18
19
24
26
27
1
7
13
22
24
26
27
32
33
36
4
9
12
14
16
17
18
23
26
28
3
8
11
13
14
15
16
21
24
26
1
6
7
9
11
12
13
18
19
29
8
11
14
26
28
30
31
34
35
38
8
13
14
23
25
26
27
32
33
37
3
6
7
12
14
16
17
20
25
40
42
