time_cost:94060ms
ontime_proportion:1.000000
max_delay:0
avg_delay:0.000000
avg_flowtime:20.733333
object function value:-308.888889
0
0
0
0
0
0
0
6
10
14
19
0
0
0
0
0
2
6
9
13
16
0
0
1
3
4
6
7
10
13
15
0
0
0
0
0
0
0
0
0
2
0
0
2
5
7
9
10
14
17
20
0
0
0
0
0
0
0
4
13
18
0
0
1
4
5
7
9
13
23
26
0
0
0
0
1
3
8
12
17
23
0
0
0
0
0
0
0
0
1
5
0
0
0
0
0
0
1
4
6
12
5
9
11
13
14
15
17
20
22
25
5
8
10
12
15
17
18
21
22
24
5
8
11
13
14
16
17
20
21
23
1
4
5
15
17
19
20
23
24
26
5
8
9
12
13
14
16
19
20
23
5
8
9
11
12
14
15
18
19
21
3
6
8
11
12
13
15
18
20
22
0
3
5
7
8
9
11
14
16
18
1
4
6
10
11
12
14
17
19
21
5
9
12
14
17
18
20
24
27
29
6
9
12
14
16
18
20
23
26
28
8
13
14
17
19
21
22
27
28
31
0
5
6
9
10
12
13
18
19
22
1
6
10
14
16
18
19
24
25
28
8
11
15
17
19
20
22
25
27
29
3
7
9
13
15
17
18
22
24
27
2
6
8
11
13
15
16
20
22
25
4
9
12
15
17
20
21
25
27
30
1
5
7
10
14
16
18
22
24
27
2
6
7
8
10
12
13
17
18
19
32
