time_cost:89279ms
ontime_proportion:0.600000
max_delay:47
avg_delay:9.666667
avg_flowtime:38.666667
object function value:4288.888889
0
0
3
6
11
12
14
15
18
21
28
0
0
0
0
0
0
3
8
14
16
0
0
1
4
6
7
8
11
13
33
3
8
11
48
50
52
53
57
60
67
0
0
0
0
0
0
0
0
0
2
0
3
17
20
21
23
24
27
28
31
0
0
0
0
0
0
1
5
8
14
0
0
0
0
1
2
4
8
11
18
0
0
1
60
62
64
65
69
70
73
0
1
4
6
8
10
11
15
18
23
2
7
10
38
40
41
42
47
49
52
4
10
13
42
44
46
47
51
54
56
5
10
12
14
16
18
19
24
26
28
7
12
16
58
60
62
63
67
70
71
7
11
13
46
48
50
51
55
56
65
8
13
16
18
19
20
21
26
28
30
1
4
6
9
11
12
13
16
18
21
5
9
10
15
16
18
20
24
25
31
9
14
20
23
24
26
27
30
31
34
1
5
6
12
13
15
17
21
22
29
5
10
12
19
21
22
23
28
30
40
2
6
7
13
14
16
18
22
23
30
1
5
6
25
26
28
30
34
35
62
5
10
13
26
28
29
30
33
35
54
8
12
14
17
18
20
21
24
25
28
4
7
10
16
17
19
20
23
26
32
2
5
9
17
18
20
21
24
27
35
2
7
9
36
38
39
40
45
47
50
0
3
5
44
46
47
48
51
53
69
8
13
19
63
65
66
67
70
72
75
77
