time_cost:61259ms
ontime_proportion:0.733333
max_delay:1310546186112242300000000000000000000000000000000000000000000000000000000000000000000000000000000000000000000000000000000000000000000000000000000000000000000000.000000
avg_delay:2.400000
avg_flowtime:28.166667
object function value:2605.555556
0
0
0
0
0
0
0
0
0
0
2
0
0
0
1
2
4
9
13
14
23
0
0
0
0
0
0
0
0
1
3
0
0
0
0
0
0
6
10
12
24
0
0
0
0
0
0
0
3
5
7
0
0
0
0
0
2
3
8
11
19
0
0
0
0
1
2
3
7
9
26
0
0
0
0
0
0
0
0
0
5
0
0
0
4
5
7
8
12
15
25
0
0
1
6
7
9
11
15
18
28
0
4
6
9
10
12
13
17
19
31
4
9
10
14
15
17
19
24
25
40
2
7
9
10
12
14
16
21
23
24
7
12
14
16
18
20
22
27
29
30
4
9
11
12
14
16
18
23
25
26
7
11
12
34
36
37
38
42
43
48
2
6
8
11
12
14
15
19
21
27
5
9
11
18
19
21
22
26
27
39
2
6
8
13
14
15
16
20
22
46
6
11
13
14
16
18
20
25
27
28
2
6
8
12
13
15
16
20
22
29
5
9
12
17
18
20
22
26
29
47
6
10
12
21
22
24
25
29
31
43
9
14
15
32
34
35
36
40
41
44
0
4
7
15
16
18
20
24
27
42
5
10
11
20
21
23
24
29
30
37
1
5
6
8
9
11
12
16
17
36
4
8
10
16
17
19
20
24
26
30
0
4
6
10
11
13
14
18
20
38
8
11
14
22
23
24
25
28
31
41
50
