time_cost:63025ms
ontime_proportion:0.600000
max_delay:1310546186112244000000000000000000000000000000000000000000000000000000000000000000000000000000000000000000000000000000000000000000000000000000000000000000000000.000000
avg_delay:5.533333
avg_flowtime:31.533333
object function value:4051.111111
0
0
0
0
0
0
0
0
4
5
6
0
0
0
0
0
0
1
5
6
8
0
0
0
0
0
0
0
0
2
4
0
0
0
0
0
1
10
15
17
20
0
0
0
0
0
0
0
0
0
2
0
0
0
1
2
4
8
13
15
28
0
0
0
0
0
0
1
4
7
9
0
0
0
0
2
4
8
13
15
16
0
0
1
3
4
6
8
13
14
31
0
0
0
0
1
3
4
8
9
24
8
15
17
18
20
22
24
30
33
34
4
8
11
16
17
18
19
23
26
44
5
9
11
19
20
22
23
27
29
50
7
12
13
32
33
35
36
41
42
54
2
5
8
14
15
16
17
20
23
39
2
9
12
18
19
21
23
27
30
35
4
8
10
26
27
28
29
33
35
46
8
14
16
29
31
32
33
37
38
40
3
8
9
12
13
15
17
22
23
43
0
4
6
22
23
25
26
30
32
38
4
9
12
27
28
29
30
34
37
47
6
12
14
20
21
24
25
30
32
53
10
14
16
36
38
39
40
44
45
48
2
7
8
10
11
13
15
20
21
42
5
10
11
15
16
18
20
25
26
33
5
11
14
17
18
19
20
23
26
34
2
5
8
23
24
25
26
29
32
52
3
6
9
13
14
15
16
19
22
45
6
11
13
21
22
23
24
28
30
51
3
8
9
11
12
14
16
21
22
25
55
