time_cost:58511ms
ontime_proportion:0.933333
max_delay:1310546186112239500000000000000000000000000000000000000000000000000000000000000000000000000000000000000000000000000000000000000000000000000000000000000000000000.000000
avg_delay:0.100000
avg_flowtime:19.433333
object function value:314.444444
0
0
0
0
0
0
0
9
13
16
19
0
0
1
3
4
6
9
12
17
19
0
5
6
9
10
12
13
18
19
22
0
0
0
0
0
0
0
0
0
0
0
0
0
0
0
2
4
11
14
18
0
0
0
0
0
0
0
0
1
2
0
0
0
0
0
2
8
12
16
17
0
0
0
0
0
0
0
0
0
1
0
0
0
0
0
0
0
0
1
4
0
0
0
0
0
0
0
0
0
2
4
7
8
11
12
13
15
18
19
22
5
9
12
17
19
21
22
26
28
31
5
9
12
14
15
16
18
22
25
27
0
3
4
6
7
9
10
13
18
20
5
9
11
14
15
17
19
23
25
28
0
4
6
9
11
13
14
18
20
23
5
9
11
16
17
19
21
25
27
31
5
9
11
15
17
19
20
24
26
29
1
5
6
7
9
11
12
16
17
19
7
12
14
17
20
21
23
26
27
30
1
5
7
13
15
17
18
22
24
27
5
8
9
12
13
14
16
19
20
23
3
7
11
15
16
18
20
24
27
30
2
6
8
11
13
15
16
20
22
25
3
6
9
11
12
14
15
18
22
24
7
11
14
17
18
20
21
24
25
27
5
8
10
12
13
15
16
19
20
23
0
3
4
7
8
9
11
14
15
18
1
5
6
9
11
13
14
18
19
21
6
9
14
16
19
21
22
25
30
32
33
