time_cost:9817ms
ontime_proportion:0.700000
max_delay:28
avg_delay:4.266667
avg_flowtime:31.200000
object function value:3040.000000
0
0
0
0
0
0
0
1
7
11
24
0
0
0
0
0
1
2
8
11
29
0
0
0
0
0
1
8
13
17
49
0
0
0
0
1
2
4
8
11
23
0
0
0
0
1
2
8
13
18
20
0
0
0
0
0
1
6
11
16
18
0
0
0
0
0
0
0
0
0
1
0
2
5
7
8
9
11
15
18
26
0
0
0
0
0
0
0
0
0
0
0
0
0
0
0
0
0
6
9
21
7
11
16
44
45
46
48
52
55
57
0
4
7
19
21
23
24
28
31
33
5
8
11
14
15
17
18
21
24
27
0
4
7
10
11
12
14
18
21
54
7
12
16
18
19
20
21
26
27
29
5
9
10
13
14
16
18
22
23
28
0
4
9
15
16
17
19
23
26
39
5
10
14
42
44
46
47
51
52
55
5
10
16
19
21
22
23
28
29
31
1
4
8
11
12
14
15
18
19
22
3
7
8
11
13
15
16
20
21
40
0
5
7
16
18
19
20
25
27
52
2
7
14
17
19
21
22
25
26
29
4
10
13
38
39
41
43
47
48
51
3
6
7
10
11
13
14
17
18
21
5
10
13
35
37
38
39
42
44
47
4
9
13
31
33
35
36
40
41
45
0
3
6
9
10
12
13
16
19
22
2
5
13
16
17
19
20
23
24
27
5
9
10
18
19
21
23
27
28
37
58
