time_cost:60020ms
ontime_proportion:1.000000
max_delay:0
avg_delay:0.000000
avg_flowtime:20.333333
object function value:-322.222222
0
0
1
2
5
6
8
9
14
15
18
0
0
0
0
0
0
0
2
4
6
0
0
0
3
4
6
8
12
14
17
0
0
1
3
4
5
8
11
16
18
0
0
0
0
0
1
7
10
15
19
0
0
0
0
0
0
0
2
5
9
0
0
0
0
0
0
0
0
1
6
0
0
0
0
0
0
0
0
1
4
0
0
0
0
0
0
0
0
1
4
0
0
0
0
0
0
9
14
17
20
0
4
10
13
16
17
19
23
26
28
0
5
6
9
10
12
13
18
20
23
5
10
11
14
15
17
18
23
24
27
6
9
12
14
21
23
24
27
28
30
2
5
6
8
12
14
15
18
19
22
0
3
4
7
8
9
11
14
15
18
6
11
14
16
19
21
22
25
26
28
5
8
9
16
18
20
21
24
25
27
5
8
11
13
14
16
17
20
23
25
1
4
5
8
9
10
12
15
17
20
2
7
12
15
17
19
20
24
26
29
3
6
8
10
11
12
14
17
19
21
2
6
9
11
17
19
20
23
24
26
1
5
7
10
12
14
15
19
21
24
4
7
10
12
13
15
16
19
22
24
5
8
9
12
14
15
17
20
21
24
1
5
7
12
14
16
17
21
23
26
1
4
7
11
15
17
18
21
24
26
5
9
14
17
19
21
22
26
28
31
9
12
17
19
21
23
24
27
29
31
33
