time_cost:9110ms
ontime_proportion:0.700000
max_delay:20
avg_delay:3.500000
avg_flowtime:27.633333
object function value:2921.111111
0
0
0
0
0
0
0
0
0
1
2
0
0
1
2
4
6
12
17
19
20
0
0
0
0
1
3
4
9
10
16
0
4
5
6
7
9
10
14
15
17
0
3
5
7
8
10
11
15
17
19
0
0
0
1
2
3
4
8
10
20
0
0
0
0
0
0
0
0
0
3
0
0
0
0
0
0
1
5
6
9
0
0
0
0
0
0
0
0
0
4
0
0
1
5
6
8
9
13
14
21
0
4
5
14
16
17
18
22
23
27
2
6
9
11
12
14
16
20
23
26
1
5
7
22
23
24
25
29
31
38
0
4
7
18
19
20
21
25
28
36
1
6
7
8
9
11
13
18
19
23
2
7
9
10
12
16
18
23
25
26
8
12
15
30
31
33
34
38
39
40
1
5
7
29
30
32
33
37
39
41
4
8
9
10
11
13
14
18
19
39
10
14
16
33
34
36
37
41
42
43
0
9
12
24
25
27
29
33
36
42
5
10
13
14
16
18
20
25
27
28
6
12
14
32
33
34
35
39
41
44
8
12
16
34
35
36
37
41
44
45
6
10
13
31
32
34
35
39
41
46
3
9
11
12
14
18
20
25
27
30
5
9
11
35
36
38
39
43
45
47
2
6
9
12
13
15
17
21
24
48
4
8
10
13
14
15
16
20
22
25
10
15
17
37
38
40
42
47
48
49
50
