time_cost:91293ms
ontime_proportion:0.933333
max_delay:12
avg_delay:0.433333
avg_flowtime:22.533333
object function value:417.777778
0
0
0
1
2
4
6
7
11
12
14
0
0
0
0
0
0
0
0
0
0
0
0
0
0
1
3
4
8
9
24
0
2
3
5
7
9
10
14
15
17
0
0
0
2
3
5
7
11
14
16
0
0
1
4
6
8
9
13
15
18
0
0
0
0
0
0
0
0
0
1
0
0
0
0
0
0
0
0
1
4
0
0
0
3
4
6
8
12
14
17
0
0
0
0
0
0
0
3
6
10
0
6
12
15
16
18
20
24
26
29
5
10
13
29
31
33
34
38
39
40
3
7
9
12
13
15
17
21
23
26
5
10
13
31
33
35
36
39
40
42
5
9
12
15
17
19
20
24
26
29
2
5
6
11
13
15
16
19
20
34
0
6
8
11
12
14
15
20
21
24
0
3
5
7
8
9
11
14
16
20
2
6
11
14
15
17
19
23
25
28
3
9
11
27
29
31
32
36
37
38
2
5
6
9
10
11
13
16
17
20
5
8
9
21
23
25
26
29
30
36
0
3
6
9
10
12
13
16
19
23
4
7
10
13
14
16
17
20
23
26
3
6
7
9
10
13
14
17
18
20
1
5
8
10
11
12
14
18
21
23
1
4
6
8
9
10
12
15
17
19
1
6
8
11
15
17
18
22
24
27
5
8
11
16
17
19
20
23
26
33
4
9
10
13
14
16
17
22
23
27
44
