time_cost:67228ms
ontime_proportion:0.633333
max_delay:1310546186112246800000000000000000000000000000000000000000000000000000000000000000000000000000000000000000000000000000000000000000000000000000000000000000000000.000000
avg_delay:8.366667
avg_flowtime:36.433333
object function value:3881.111111
0
0
0
0
0
0
0
0
3
6
13
0
0
0
0
0
0
7
11
15
18
0
0
3
4
6
8
9
13
16
39
0
0
0
0
2
4
6
13
14
45
0
0
0
0
0
0
2
6
9
11
0
0
0
2
3
4
6
10
13
17
0
0
0
0
0
0
0
0
0
3
0
0
1
6
8
10
11
15
17
59
0
0
0
0
0
0
0
2
11
49
0
3
8
41
43
45
46
50
51
61
1
10
13
27
29
31
32
36
39
67
8
14
15
17
18
19
20
25
26
28
3
6
9
12
13
15
16
19
22
26
0
5
8
10
12
14
15
20
22
24
1
5
8
10
11
12
14
18
21
23
0
3
4
7
8
10
11
14
17
20
5
8
11
14
15
17
18
21
22
25
6
12
14
37
39
40
41
46
48
55
2
7
9
35
37
38
39
44
46
63
1
5
6
24
26
28
29
33
34
57
4
7
14
17
18
20
21
24
25
28
4
9
14
16
17
18
19
24
25
27
2
9
12
18
20
22
23
27
30
51
5
9
10
16
17
19
21
25
26
30
0
4
5
8
10
12
13
17
18
43
6
14
16
18
20
22
23
28
30
32
3
8
10
20
22
23
24
29
31
47
4
8
11
15
16
17
19
23
26
29
0
4
5
33
35
37
38
42
43
65
5
11
14
31
33
35
36
40
43
53
69
