time_cost:9405ms
ontime_proportion:0.733333
max_delay:24
avg_delay:2.166667
avg_flowtime:29.600000
object function value:2653.333333
0
0
0
0
0
0
0
1
5
10
31
0
0
0
0
0
0
0
0
0
0
0
0
0
0
0
0
0
0
2
4
0
2
5
6
7
8
9
12
15
16
0
0
0
0
0
0
0
0
0
1
0
0
0
5
6
8
9
13
15
32
0
0
0
0
0
0
0
4
6
7
0
0
0
0
0
1
5
9
11
35
0
0
1
2
4
5
6
10
11
18
0
0
0
0
0
0
0
0
0
7
5
8
11
15
16
17
18
21
24
27
4
8
9
10
11
13
14
18
19
23
3
7
9
20
21
23
24
28
29
30
1
5
7
25
26
28
29
33
35
38
1
7
9
10
12
14
16
21
23
24
5
9
12
14
15
17
19
23
26
28
4
8
9
33
35
36
37
41
42
46
1
5
7
13
14
16
17
21
23
49
5
9
10
40
42
43
44
48
49
51
2
7
8
11
12
14
15
20
21
24
1
6
7
8
9
11
13
18
19
50
2
5
8
12
13
14
15
18
21
26
5
9
10
21
23
24
25
29
30
36
7
12
13
39
40
42
43
48
49
53
6
11
12
44
45
47
49
54
55
56
3
8
9
17
18
20
22
27
28
29
8
13
14
42
44
45
46
50
51
54
7
12
14
15
17
19
21
26
28
29
8
12
15
45
46
47
48
52
54
57
1
5
7
9
10
12
13
17
19
48
58
