time_cost:9216ms
ontime_proportion:0.500000
max_delay:31
avg_delay:9.466667
avg_flowtime:33.800000
object function value:5126.666667
0
0
1
2
3
4
6
7
11
12
15
0
0
0
0
0
0
0
0
2
23
0
0
3
6
7
8
9
13
16
27
0
0
0
0
0
0
0
0
0
1
0
0
1
2
3
5
7
12
13
19
0
0
0
0
0
0
0
0
0
5
0
0
1
20
21
23
24
29
30
60
0
0
0
0
0
0
0
0
0
0
0
0
0
0
0
0
1
5
6
16
0
0
0
4
5
6
7
12
15
41
4
9
10
12
13
15
17
22
23
24
8
12
15
45
46
48
50
54
57
59
3
7
8
17
19
20
21
25
26
29
2
6
7
31
33
34
35
39
40
50
6
9
13
26
27
28
29
32
35
37
6
11
14
42
43
44
45
48
51
52
5
9
11
13
14
16
17
21
23
25
0
5
6
9
10
12
13
18
19
22
2
6
9
21
22
24
25
29
31
36
5
9
12
40
41
43
45
49
52
54
1
6
7
8
9
11
13
18
19
55
5
9
12
14
15
17
19
23
26
28
3
7
8
10
11
13
14
18
19
35
0
5
6
34
35
37
39
44
45
46
4
8
11
33
34
36
38
42
45
47
6
12
14
15
17
19
21
26
28
29
2
6
9
11
12
13
14
18
21
53
0
5
6
7
8
10
12
17
18
56
0
4
5
43
45
46
47
51
52
57
5
10
11
38
40
41
42
46
47
48
61
