time_cost:65599ms
ontime_proportion:0.933333
max_delay:1310546186112240900000000000000000000000000000000000000000000000000000000000000000000000000000000000000000000000000000000000000000000000000000000000000000000000.000000
avg_delay:0.500000
avg_flowtime:22.700000
object function value:423.333333
0
0
0
0
0
1
3
6
13
16
20
0
0
0
0
0
0
0
0
0
2
0
0
0
0
0
0
0
0
0
0
0
0
0
0
0
0
0
0
1
3
0
0
0
1
2
3
8
15
18
21
0
2
5
8
10
12
13
16
19
22
0
0
0
0
0
0
0
0
0
1
0
0
0
2
3
4
6
11
15
19
0
0
0
0
0
0
0
0
3
6
0
0
0
0
0
0
5
11
14
17
0
8
11
18
19
20
22
27
30
34
1
6
9
11
12
14
16
21
24
26
3
8
11
13
14
16
18
23
26
28
4
9
10
14
15
16
18
22
23
27
5
10
13
15
17
19
21
26
29
31
1
12
15
18
20
22
23
29
32
35
0
4
7
9
10
12
14
18
21
23
1
5
7
8
9
11
13
17
19
24
4
9
12
22
23
24
26
31
34
38
0
3
4
6
7
9
10
13
16
19
4
9
12
19
20
21
23
28
31
35
0
5
8
13
15
17
19
24
27
29
1
6
9
17
18
19
21
26
29
33
0
4
6
7
8
10
12
16
18
25
2
5
6
10
11
13
14
17
18
20
8
14
15
18
19
23
25
29
30
33
1
6
9
11
13
15
17
22
25
27
5
10
13
16
17
18
20
24
25
29
3
7
10
13
15
17
18
21
24
27
6
11
14
20
22
24
26
31
34
36
39
