time_cost:9285ms
ontime_proportion:0.833333
max_delay:18
avg_delay:1.800000
avg_flowtime:26.900000
object function value:1563.333333
0
0
0
0
0
0
0
0
1
3
4
0
0
0
4
5
7
8
13
14
18
0
0
0
3
4
6
7
12
13
16
0
0
0
0
0
0
0
0
0
2
0
0
0
0
1
3
4
10
11
19
0
0
0
0
0
1
2
5
8
12
0
0
0
0
0
0
1
7
10
20
0
0
0
0
0
0
0
0
0
5
0
0
0
0
0
0
1
5
9
21
0
0
0
1
2
3
5
11
14
22
4
9
12
13
15
17
19
24
26
27
5
9
11
14
15
16
17
21
23
26
3
7
10
13
14
15
16
20
23
24
0
4
7
8
9
10
11
15
18
23
2
6
8
17
18
19
20
24
26
29
2
7
8
9
10
12
14
19
20
27
4
8
11
15
16
18
20
24
27
30
5
11
13
15
17
19
21
26
28
29
0
4
5
6
7
9
10
14
15
33
7
11
15
31
32
33
34
37
40
42
1
5
7
11
12
13
14
18
20
37
1
5
6
7
8
10
13
17
18
41
1
8
11
28
29
30
31
34
37
38
5
10
11
32
33
35
36
41
42
45
9
14
16
17
19
21
23
28
30
31
6
11
13
25
26
28
29
33
35
43
9
14
16
36
37
39
40
44
46
48
5
11
12
34
36
37
38
42
43
46
2
6
9
10
11
12
13
17
20
44
9
16
17
39
41
42
43
47
48
49
51
