time_cost:9205ms
ontime_proportion:0.800000
max_delay:9
avg_delay:1.066667
avg_flowtime:24.766667
object function value:1825.555556
0
0
0
0
0
0
0
6
13
16
22
0
0
0
0
0
2
9
18
22
24
0
0
3
6
8
10
11
18
21
24
0
0
0
0
0
0
1
4
5
7
0
2
3
6
7
8
10
14
15
18
0
2
3
5
6
8
9
13
16
18
0
0
0
0
0
2
7
13
17
20
0
0
0
0
0
0
0
0
0
0
0
0
0
0
1
3
9
19
26
28
0
0
0
2
3
5
6
12
14
16
2
5
6
8
9
11
12
17
20
22
6
11
14
17
20
22
23
26
29
32
6
12
15
17
20
22
24
29
32
34
4
9
12
16
18
20
22
26
29
32
5
8
11
14
16
18
19
22
25
28
8
15
18
20
22
24
26
31
34
36
6
12
15
17
18
20
22
28
31
33
1
6
9
11
12
14
16
21
24
26
5
9
11
12
13
16
18
23
25
26
2
9
12
20
21
23
25
29
32
36
3
6
9
12
15
17
18
21
24
27
8
15
18
21
24
26
28
33
36
38
4
9
12
14
16
18
20
25
28
30
3
6
7
9
10
12
13
18
20
23
5
10
13
19
20
21
23
28
31
37
2
6
9
11
12
14
16
20
23
25
1
14
17
20
22
24
25
29
32
35
2
7
10
13
14
15
17
22
25
28
3
6
9
12
14
16
17
20
23
26
6
11
13
21
22
24
26
30
32
33
39
