time_cost:85343ms
ontime_proportion:0.766667
max_delay:23
avg_delay:3.566667
avg_flowtime:29.500000
object function value:2316.666667
0
0
0
0
0
0
0
0
2
4
7
0
0
0
0
0
0
0
0
1
2
0
4
6
10
11
13
14
18
20
23
0
0
0
1
2
3
4
8
10
38
0
0
0
0
0
0
6
10
13
42
0
0
2
4
5
7
11
16
19
46
0
0
0
0
0
1
2
6
9
17
0
3
4
5
6
8
9
13
14
18
0
0
0
0
0
0
1
5
8
22
0
0
0
0
0
0
0
2
3
6
0
5
6
11
12
14
15
20
21
24
5
9
11
15
16
18
19
23
25
27
4
8
10
19
20
22
23
27
29
31
11
15
18
41
42
43
44
47
50
51
5
10
11
16
17
19
21
26
27
28
1
5
8
9
10
11
12
16
19
25
5
10
11
13
14
16
18
23
24
34
1
7
8
40
41
43
44
49
50
53
2
6
12
30
31
32
33
37
39
44
0
8
10
11
14
16
18
23
25
26
5
11
14
21
22
23
24
28
31
45
3
7
8
12
13
15
16
20
21
35
5
9
12
29
30
32
34
38
41
43
9
14
16
17
19
21
23
28
30
32
5
10
11
14
15
17
19
24
25
26
0
4
7
8
9
10
11
15
18
20
7
11
12
32
34
35
36
40
41
49
6
11
13
14
18
20
22
27
29
30
10
14
16
39
40
42
43
47
49
52
10
14
15
36
38
39
40
44
45
47
54
