time_cost:65595ms
ontime_proportion:0.700000
max_delay:1310546186112244200000000000000000000000000000000000000000000000000000000000000000000000000000000000000000000000000000000000000000000000000000000000000000000000.000000
avg_delay:5.400000
avg_flowtime:33.733333
object function value:3124.444444
0
0
0
0
0
2
4
11
16
18
19
0
0
1
2
3
5
8
12
14
22
0
0
0
0
0
0
1
6
7
12
0
0
0
0
0
0
0
0
1
3
0
0
0
0
0
0
0
0
0
1
0
0
0
0
1
3
4
8
12
20
0
0
0
0
0
0
8
12
15
28
0
0
0
0
0
0
5
10
12
23
0
0
1
5
7
8
10
14
15
38
0
0
0
0
0
0
0
0
2
4
0
5
6
7
8
10
12
17
18
26
4
8
11
17
18
19
20
24
27
42
6
11
14
33
34
36
38
42
45
54
0
5
6
10
11
13
15
20
21
44
0
3
6
19
20
21
22
25
28
34
0
4
5
24
26
27
28
32
33
56
10
15
16
35
36
38
39
44
45
53
0
5
6
11
12
14
16
21
22
43
8
13
15
16
18
20
22
27
29
30
0
5
6
8
9
11
13
18
19
36
3
8
9
15
16
18
19
24
25
55
5
10
11
18
19
21
23
28
29
50
2
6
7
9
10
12
13
17
18
37
3
8
9
13
14
16
17
22
23
49
5
9
12
27
28
30
31
35
37
48
8
12
14
31
33
34
35
39
40
51
4
8
11
16
17
19
21
25
28
40
4
8
11
14
15
17
19
23
26
45
5
11
12
29
31
32
33
37
38
46
6
11
13
21
22
24
26
31
32
41
58
