time_cost:9700ms
ontime_proportion:0.700000
max_delay:15
avg_delay:1.500000
avg_flowtime:25.000000
object function value:2833.333333
0
0
0
0
0
2
4
5
10
11
17
0
0
0
0
2
3
10
14
16
19
0
0
0
0
0
0
0
0
0
0
0
0
0
0
0
0
0
0
1
3
0
0
0
0
0
0
10
14
18
23
0
0
0
0
0
1
4
9
12
18
0
1
2
4
6
7
10
13
17
22
0
0
0
0
0
1
2
6
7
9
0
0
0
0
0
0
0
3
8
14
0
0
0
0
0
0
0
1
2
6
2
6
8
12
14
15
17
21
23
25
3
8
9
12
14
16
17
22
23
26
0
4
6
8
10
11
13
17
19
21
6
11
14
16
17
18
19
24
27
29
4
9
13
21
23
24
25
30
31
33
5
10
11
15
17
19
20
25
26
29
0
3
4
16
18
20
21
24
25
30
0
4
5
7
9
11
12
16
17
19
9
13
15
17
19
20
22
26
28
30
5
10
11
13
15
16
17
22
23
35
2
6
8
10
12
13
15
19
21
27
4
9
10
23
25
26
27
32
33
37
10
15
16
31
33
34
35
40
41
45
0
5
6
25
27
29
30
35
36
39
0
5
6
11
13
14
15
20
21
41
1
4
5
8
10
12
13
16
18
24
6
11
14
27
29
31
32
36
37
43
3
6
7
10
12
13
15
18
19
32
1
4
9
20
22
23
25
28
29
34
5
10
11
14
16
18
19
24
25
28
47
