time_cost:8960ms
ontime_proportion:0.666667
max_delay:28
avg_delay:5.400000
avg_flowtime:29.466667
object function value:3315.555556
0
0
0
0
0
0
0
0
0
1
6
0
0
0
0
0
0
0
0
2
4
0
0
1
3
4
5
6
11
12
14
0
3
4
7
8
10
11
14
15
18
0
0
0
0
0
0
0
4
5
8
0
0
0
0
0
0
0
0
0
1
0
0
1
5
6
7
8
13
14
16
0
0
1
4
5
6
11
16
24
26
0
0
0
0
0
0
7
13
16
40
0
0
0
0
1
3
4
9
12
23
2
5
7
15
17
18
19
22
24
28
1
10
14
30
31
32
34
38
41
45
9
15
19
21
22
23
24
29
30
32
10
16
22
24
25
26
27
32
33
35
6
12
15
17
18
19
20
25
26
28
6
12
16
38
40
42
43
47
48
51
5
9
10
13
15
17
18
22
23
26
5
9
12
20
21
22
24
28
31
37
3
7
10
18
20
21
22
25
27
32
5
9
13
24
25
27
29
33
34
46
5
9
10
35
37
39
40
44
45
48
9
15
19
42
44
46
47
51
52
55
6
13
17
19
21
24
25
30
32
34
2
6
9
10
12
14
15
19
25
53
3
6
9
12
13
15
16
19
22
25
0
3
6
21
22
24
25
28
31
50
10
13
21
44
45
47
48
51
54
57
3
7
10
34
35
36
38
42
45
47
0
3
6
9
10
12
13
16
19
22
1
4
7
17
18
20
21
24
27
31
58
