time_cost:94956ms
ontime_proportion:0.933333
max_delay:7
avg_delay:0.400000
avg_flowtime:20.533333
object function value:351.111111
0
0
0
0
0
0
2
5
9
11
33
0
0
0
0
0
0
0
0
0
0
0
0
0
0
0
0
0
0
1
4
0
0
0
0
0
0
0
1
2
5
0
0
0
0
0
0
0
0
1
4
0
2
3
23
25
27
28
31
32
35
0
0
0
0
0
0
0
0
0
2
0
0
0
0
0
0
5
9
11
14
0
0
0
0
1
2
8
13
16
18
0
0
0
1
2
3
5
8
10
14
4
7
9
11
12
13
15
18
20
22
6
10
13
15
16
17
19
23
26
28
2
5
7
9
10
11
13
16
18
20
4
8
10
17
19
21
22
26
27
29
3
6
8
10
11
12
14
17
19
21
5
9
12
16
17
18
20
24
27
29
3
10
12
15
16
18
20
24
26
29
2
8
11
13
14
16
17
20
21
23
2
5
8
12
13
15
16
19
22
25
1
5
7
10
11
13
15
19
21
24
1
5
7
10
12
14
15
19
21
24
1
6
8
11
12
14
16
20
22
25
0
4
5
6
8
10
11
15
16
27
5
8
10
15
17
19
20
23
24
31
7
12
15
18
19
21
22
27
28
32
7
12
14
17
18
20
22
26
28
31
5
8
10
13
14
15
17
20
22
26
1
4
6
8
9
10
12
15
17
19
1
4
5
8
9
10
12
15
17
20
3
9
12
14
15
16
18
22
25
27
37
