time_cost:8885ms
ontime_proportion:0.900000
max_delay:8
avg_delay:0.466667
avg_flowtime:23.133333
object function value:771.111111
0
0
0
0
0
1
3
8
13
15
18
0
0
0
0
0
0
1
4
5
14
0
0
0
0
0
0
0
0
3
5
0
0
0
0
0
0
0
0
0
2
0
0
0
0
1
2
7
11
14
18
0
0
2
5
7
9
10
14
17
20
0
0
0
0
0
0
4
7
10
19
0
0
0
0
0
0
0
0
0
1
0
0
0
0
2
4
5
10
11
21
0
1
2
3
5
7
8
12
13
23
6
10
12
15
16
18
20
24
26
29
1
5
8
10
11
12
14
18
21
23
5
10
13
15
16
17
19
23
26
28
5
8
12
20
21
22
24
27
29
31
5
9
11
14
15
17
19
23
25
28
2
5
6
16
18
20
21
24
25
27
8
12
15
17
20
21
23
27
31
33
0
5
6
10
11
13
14
19
20
23
7
11
14
17
18
20
22
26
28
31
4
7
8
10
12
14
15
18
19
34
0
3
5
7
8
9
11
14
16
18
6
9
10
25
27
29
30
33
34
38
2
6
14
17
19
21
22
26
28
31
4
8
12
14
15
16
18
22
25
27
3
6
7
9
10
12
13
16
17
19
1
4
5
8
10
12
13
16
17
32
4
9
10
13
14
16
17
22
23
26
2
6
7
12
14
16
17
21
22
36
3
8
9
12
20
23
24
29
30
33
6
11
12
29
31
33
34
38
39
40
42
