time_cost:8708ms
ontime_proportion:0.900000
max_delay:17
avg_delay:1.433333
avg_flowtime:24.100000
object function value:803.333333
0
0
0
1
4
5
7
8
13
17
20
0
0
0
0
1
3
4
7
10
18
0
0
0
0
0
0
0
0
0
1
0
0
0
0
0
0
6
10
13
16
0
0
1
2
4
6
7
11
12
15
0
3
6
8
9
11
12
15
18
22
0
0
0
0
0
0
0
0
0
2
0
0
0
0
0
0
0
0
1
4
0
0
0
0
0
1
6
11
13
16
0
0
0
0
0
0
0
0
0
4
1
4
7
19
20
22
23
26
29
33
3
7
9
12
13
15
17
21
23
26
3
6
8
17
18
19
21
24
26
28
3
7
9
12
14
17
18
22
24
27
5
10
12
15
16
17
19
22
23
26
0
3
4
6
7
9
10
13
18
21
0
6
12
15
16
18
20
24
26
29
2
5
6
12
14
16
17
20
21
23
5
10
15
17
18
19
21
25
28
30
5
9
12
25
26
27
29
32
34
36
3
7
8
9
11
13
14
18
19
20
2
6
7
26
28
30
31
35
36
37
1
8
11
14
15
16
18
22
25
27
4
8
11
13
14
15
17
21
24
28
7
11
14
29
31
33
34
37
38
40
5
9
10
31
33
35
36
40
41
42
1
4
7
11
12
14
15
18
21
39
7
12
16
34
36
38
39
42
43
45
5
8
10
14
15
20
22
25
27
44
1
11
15
18
19
21
23
27
29
32
47
