time_cost:66869ms
ontime_proportion:0.833333
max_delay:1310546186112240900000000000000000000000000000000000000000000000000000000000000000000000000000000000000000000000000000000000000000000000000000000000000000000000.000000
avg_delay:0.933333
avg_flowtime:24.233333
object function value:1474.444444
0
0
0
0
0
0
1
6
11
14
18
0
0
0
2
3
4
6
11
14
17
0
0
0
0
0
0
0
0
2
5
0
0
0
0
0
0
9
14
17
19
0
0
0
3
5
6
9
13
15
20
0
0
1
3
5
6
8
11
12
23
0
0
0
0
0
0
0
0
1
3
0
0
0
0
0
0
2
5
6
17
0
0
0
0
0
0
0
0
0
0
0
0
0
0
0
0
0
0
0
1
0
5
6
9
11
13
14
19
20
27
0
5
8
13
15
16
17
22
25
37
4
9
10
12
14
15
16
21
22
24
6
10
13
15
17
18
20
24
26
28
5
9
11
13
15
16
18
22
24
26
6
9
13
29
31
33
34
37
38
41
0
5
7
8
10
12
13
18
20
21
1
4
10
21
23
24
26
29
30
39
0
3
4
7
9
11
12
15
16
33
5
10
12
22
24
25
26
31
32
36
5
10
12
13
15
17
18
23
25
26
1
7
8
20
22
23
24
29
30
32
5
10
11
15
17
19
20
25
26
31
1
6
7
14
16
18
19
24
25
28
3
7
8
10
12
14
15
19
20
26
1
6
7
19
21
23
24
29
30
35
4
9
10
16
18
19
20
25
27
34
1
6
9
11
13
14
15
20
23
25
5
10
11
18
20
21
22
27
28
30
0
7
10
11
13
15
16
21
23
24
43
