time_cost:9872ms
ontime_proportion:0.833333
max_delay:16
avg_delay:1.433333
avg_flowtime:25.933333
object function value:1531.111111
0
0
0
0
0
0
1
3
7
8
13
0
0
1
4
5
7
8
11
14
17
0
0
0
0
0
0
1
8
11
20
0
0
0
1
3
4
5
10
12
14
0
0
0
0
0
0
0
1
3
18
0
0
0
0
0
0
0
4
12
33
0
0
2
5
7
8
9
14
16
24
0
0
0
0
0
0
0
0
0
7
0
0
0
0
1
2
6
11
14
17
0
0
0
1
2
3
11
17
19
21
2
6
7
10
11
13
15
19
20
23
6
10
11
16
17
19
21
25
26
35
3
8
10
13
15
17
18
23
25
27
11
16
17
19
20
21
22
27
28
30
1
6
7
9
10
11
12
17
18
20
0
3
6
9
10
12
13
16
19
34
5
10
12
17
19
21
22
27
29
32
0
3
4
7
8
10
12
17
21
24
2
7
9
11
13
15
16
21
23
25
7
13
15
26
28
29
30
35
37
39
7
12
14
16
17
18
19
24
25
27
4
10
13
15
16
17
18
23
24
26
3
7
10
11
13
15
16
20
23
36
10
14
17
28
29
31
32
35
38
41
7
13
16
22
23
24
26
30
33
38
5
9
10
30
31
33
35
39
40
43
2
11
13
15
18
20
21
26
28
30
10
15
18
29
30
32
33
36
39
42
3
8
10
31
33
34
35
40
42
44
0
5
7
9
11
13
14
19
21
23
46
