time_cost:62828ms
ontime_proportion:0.733333
max_delay:1310546186112243300000000000000000000000000000000000000000000000000000000000000000000000000000000000000000000000000000000000000000000000000000000000000000000000.000000
avg_delay:2.933333
avg_flowtime:24.033333
object function value:2467.777778
0
0
0
0
0
0
0
0
0
0
1
0
0
0
0
0
0
0
0
0
1
0
0
0
0
0
0
0
0
0
3
0
0
2
4
6
8
9
14
16
21
0
0
0
0
0
0
2
6
9
16
0
0
0
0
0
0
0
0
1
5
0
0
0
0
0
0
0
2
5
8
0
0
0
0
1
3
4
8
11
17
0
0
0
0
0
0
0
1
4
6
0
0
0
0
0
0
5
11
14
22
4
9
12
31
33
34
35
40
42
47
4
9
11
18
20
21
22
27
29
43
4
8
9
27
29
31
32
36
37
41
9
15
17
20
23
24
25
30
31
33
0
3
5
9
11
12
13
16
18
37
5
10
13
16
17
19
20
23
24
27
6
11
13
15
17
19
20
25
27
29
0
3
4
7
8
10
11
14
15
18
2
6
9
13
14
15
17
21
24
26
1
4
6
33
35
36
37
40
42
45
3
10
13
20
22
24
25
29
32
39
9
13
14
35
37
39
40
44
45
49
5
9
10
14
15
17
19
23
24
29
7
14
16
19
21
23
24
29
31
33
1
5
8
11
12
13
15
19
22
24
4
9
11
13
15
17
18
23
25
27
9
14
17
19
21
22
23
28
29
31
7
13
15
17
19
21
22
27
29
31
4
7
10
15
16
18
19
22
25
30
2
5
8
12
13
15
16
19
22
25
51
