time_cost:108159ms
ontime_proportion:0.733333
max_delay:36
avg_delay:5.633333
avg_flowtime:30.933333
object function value:2697.777778
0
0
0
0
0
0
0
9
14
16
18
0
0
0
0
0
0
0
0
0
1
0
0
0
0
0
0
0
0
1
7
0
0
0
0
0
0
0
0
0
5
0
0
0
0
0
0
8
13
16
18
0
0
0
6
7
8
9
14
16
26
0
0
0
0
0
0
0
0
0
2
0
0
0
0
0
1
6
12
15
60
0
0
0
0
1
3
5
9
10
14
0
0
0
0
0
0
0
0
0
3
0
10
13
15
17
19
20
25
27
29
5
9
12
15
16
17
19
23
26
28
5
9
12
19
20
21
23
27
30
55
1
5
8
10
11
12
14
18
21
23
2
6
9
32
34
36
37
41
44
45
6
12
14
17
18
20
21
24
25
28
2
6
10
34
36
38
39
43
46
47
4
10
12
24
26
27
28
33
35
39
4
9
11
20
22
23
24
29
31
53
4
8
9
17
19
21
22
26
27
30
0
9
11
49
51
52
53
58
60
62
1
4
7
11
12
14
15
18
21
29
0
4
5
12
14
16
17
21
22
36
2
7
8
10
11
12
13
18
19
21
3
7
10
16
17
18
20
24
27
38
0
4
7
43
45
47
48
52
55
58
0
4
5
9
10
12
14
18
19
22
7
12
13
15
16
17
18
23
24
26
5
11
13
51
53
55
56
60
61
64
4
7
9
41
43
44
45
48
50
56
66
