time_cost:9346ms
ontime_proportion:0.833333
max_delay:17
avg_delay:1.466667
avg_flowtime:25.200000
object function value:1506.666667
0
0
1
4
6
7
9
11
16
19
21
0
0
2
4
6
8
10
15
18
25
0
0
0
0
0
0
0
0
2
5
0
0
1
4
6
8
9
16
19
22
0
0
0
0
0
1
3
7
9
10
0
0
0
0
0
0
0
1
4
7
0
0
0
0
0
0
1
4
5
7
0
0
0
0
1
3
8
17
20
24
0
0
0
0
0
0
0
1
4
12
0
0
0
0
0
0
1
4
8
11
3
6
7
10
12
14
15
18
19
22
4
8
11
13
14
16
18
22
25
27
7
11
14
17
21
23
24
27
30
33
7
11
12
14
15
18
19
22
23
25
2
7
10
15
17
19
21
26
29
31
5
10
13
17
18
19
21
26
29
34
6
11
14
17
19
21
22
25
28
31
2
11
14
23
25
27
29
34
37
39
5
9
11
12
13
15
17
21
23
33
1
5
7
8
9
11
13
17
19
35
4
8
10
11
12
14
16
20
22
28
2
10
13
20
22
24
26
31
34
37
7
14
17
19
20
22
24
29
32
34
2
5
6
8
9
11
12
15
16
19
0
5
8
10
11
13
15
20
23
25
2
7
10
18
20
22
24
29
32
41
3
8
11
14
15
16
18
23
26
43
7
13
15
22
23
25
27
31
33
36
7
13
16
29
31
33
35
40
43
45
5
10
12
15
16
17
19
23
24
27
47
