time_cost:64858ms
ontime_proportion:0.533333
max_delay:27
avg_delay:8.066667
avg_flowtime:33.133333
object function value:4771.111111
0
4
9
10
25
26
28
29
34
35
51
0
0
0
37
39
40
41
45
46
53
0
0
0
0
0
0
0
1
2
5
0
0
0
0
0
0
0
1
3
6
0
0
0
0
0
0
0
0
2
4
0
0
0
0
0
0
0
0
0
2
0
0
0
0
0
0
9
14
16
17
0
1
2
3
4
6
7
11
12
20
0
0
0
0
1
2
3
10
13
50
0
0
0
0
0
0
0
0
0
1
7
11
13
29
30
31
32
36
38
56
4
9
10
13
14
16
17
22
23
27
0
5
6
9
10
12
13
18
19
22
4
9
10
17
18
20
21
26
27
49
0
4
6
8
9
11
12
16
18
30
2
7
8
19
20
22
24
29
30
39
8
13
14
41
42
44
45
50
51
55
3
6
9
12
13
14
15
18
21
35
0
3
6
7
8
9
10
13
16
46
0
4
6
16
17
18
19
23
25
36
1
6
9
21
22
23
24
28
31
52
1
5
8
31
32
33
34
38
41
43
3
8
9
10
11
13
15
20
21
28
5
9
11
15
16
17
18
22
24
34
5
10
12
26
27
29
30
34
36
47
0
3
6
32
33
34
35
38
41
48
2
7
8
11
12
14
16
21
22
33
5
9
10
23
25
26
27
31
32
44
0
6
9
18
19
20
21
25
28
42
4
8
11
14
15
16
17
21
24
40
57
