time_cost:93287ms
ontime_proportion:0.600000
max_delay:52
avg_delay:13.100000
avg_flowtime:41.000000
object function value:4366.666667
0
0
3
4
7
8
10
12
16
17
20
6
12
14
66
68
69
70
75
77
80
0
0
0
0
0
2
4
8
9
15
0
0
0
0
0
0
0
0
0
0
0
0
1
4
5
7
8
13
15
18
0
0
0
3
5
6
7
10
12
54
0
0
0
0
0
0
0
8
10
48
0
0
2
42
44
45
46
51
53
58
0
0
0
0
0
0
0
0
0
1
0
0
1
5
7
8
9
13
15
74
0
4
5
31
33
35
36
40
41
44
2
6
9
36
38
40
41
45
48
52
0
3
5
8
10
11
12
15
17
24
0
3
6
10
11
13
14
17
20
23
3
7
10
18
20
22
23
27
30
46
1
6
8
21
23
24
25
30
32
38
1
10
12
64
66
67
68
73
75
78
1
5
8
11
12
13
15
19
22
30
3
9
11
56
58
59
60
63
65
68
7
12
13
15
16
17
18
23
24
26
0
3
5
16
18
19
20
23
25
34
3
6
8
28
30
31
32
35
37
40
6
12
15
17
18
19
20
25
26
28
2
8
10
12
14
16
17
22
24
26
3
11
13
60
62
63
64
67
69
72
5
9
12
13
15
17
18
22
25
26
1
5
8
12
13
14
16
20
23
33
6
11
13
15
17
19
20
25
27
29
5
11
14
62
64
66
67
71
74
76
4
8
11
50
52
54
55
59
62
70
82
