time_cost:8950ms
ontime_proportion:0.733333
max_delay:19
avg_delay:2.933333
avg_flowtime:28.666667
object function value:2622.222222
0
0
0
0
0
0
0
0
0
0
6
0
0
0
2
3
5
6
10
11
20
0
0
0
0
0
0
0
0
1
3
0
0
0
0
0
0
1
7
9
21
0
0
0
0
0
0
0
3
5
7
0
0
0
0
0
2
9
14
15
41
0
0
0
0
1
2
9
13
15
48
0
0
0
0
0
0
0
0
0
4
0
0
0
1
2
4
5
9
11
13
0
0
1
5
6
8
10
14
17
40
0
4
6
18
21
23
24
28
30
46
4
9
10
19
20
22
24
29
30
31
6
11
14
16
19
21
23
28
30
32
5
11
13
14
17
20
22
27
29
30
9
14
16
18
20
22
24
29
31
34
5
9
10
16
18
19
20
24
25
28
2
6
8
10
11
13
14
18
20
22
5
11
12
26
27
29
30
34
35
37
2
11
13
30
31
32
33
37
39
49
4
9
11
12
14
16
18
23
25
26
2
6
8
11
12
14
15
19
21
45
5
9
12
15
16
18
20
24
27
38
1
5
7
9
10
12
13
17
19
23
9
13
14
33
35
36
37
41
42
43
0
8
12
24
25
27
29
33
36
39
5
10
11
14
15
17
18
23
24
27
6
11
13
32
33
35
36
40
41
42
6
12
14
35
36
38
39
43
45
47
0
4
6
8
9
11
12
16
18
36
3
6
9
12
13
14
15
18
21
25
50
