time_cost:110755ms
ontime_proportion:0.800000
max_delay:35
avg_delay:4.300000
avg_flowtime:29.600000
object function value:1986.666667
0
0
0
0
0
0
0
0
0
0
1
0
0
0
0
0
0
1
4
7
15
0
0
0
0
0
2
3
7
8
19
0
0
0
0
0
0
0
0
1
9
0
0
0
0
0
0
0
0
1
4
0
0
0
0
1
3
4
7
12
18
0
0
0
0
0
0
0
0
1
6
0
0
0
0
0
0
0
0
0
2
0
4
6
13
15
16
17
22
24
26
0
0
0
0
0
0
0
0
1
7
7
12
15
18
20
22
23
28
30
32
5
10
12
28
30
31
32
37
39
42
4
11
13
36
38
39
40
45
47
57
8
13
15
17
18
19
20
25
26
28
4
8
11
22
24
26
27
31
34
53
1
5
8
30
32
34
35
39
42
44
4
10
12
40
42
43
44
47
49
59
4
8
9
12
13
15
17
21
22
25
7
12
14
16
17
18
19
24
25
27
1
4
5
8
9
11
12
15
16
19
5
9
12
21
22
23
25
29
32
52
0
4
7
50
52
54
55
59
62
63
1
4
7
11
12
14
15
18
21
24
1
6
8
38
40
41
42
47
49
55
4
9
10
17
18
20
22
26
27
32
3
7
10
16
17
18
20
24
27
35
0
4
7
33
35
37
38
42
45
46
4
12
14
16
18
20
21
26
28
30
9
14
16
18
19
20
21
26
27
29
6
11
13
48
50
51
52
57
59
61
65
