time_cost:62216ms
ontime_proportion:0.800000
max_delay:6
avg_delay:0.833333
avg_flowtime:22.433333
object function value:1747.777778
0
0
0
0
0
4
6
9
15
20
25
0
0
1
3
4
6
9
13
16
18
0
0
0
0
2
4
7
13
16
21
0
0
0
0
0
2
8
14
17
23
0
0
0
0
0
0
0
0
0
2
0
0
0
0
0
0
0
0
0
2
0
0
0
0
0
0
1
4
5
13
0
0
0
0
0
1
2
5
8
11
0
0
0
1
2
4
9
14
19
22
0
0
0
0
0
0
0
0
0
0
4
7
10
13
15
17
18
21
24
27
2
7
10
12
14
16
18
23
26
28
5
9
10
13
14
15
17
21
22
25
0
4
5
8
9
10
12
16
20
23
3
6
7
9
10
12
13
16
18
20
0
5
8
10
12
14
16
21
24
26
7
13
15
17
21
23
24
27
28
30
4
7
8
10
11
13
14
17
18
21
6
9
12
17
19
21
22
25
28
31
1
6
9
11
12
14
16
21
24
26
2
5
6
8
9
11
12
15
17
19
0
3
6
11
13
15
16
19
22
27
4
11
14
19
20
21
23
28
31
35
4
10
13
18
19
20
22
27
30
34
7
12
15
19
21
23
24
28
31
34
5
8
11
15
17
19
20
23
26
29
5
10
13
15
17
19
21
26
29
31
5
10
13
17
18
19
21
26
29
33
6
12
15
20
21
22
24
29
32
36
5
9
12
15
19
21
22
25
28
31
37
