time_cost:61018ms
ontime_proportion:0.900000
max_delay:12
avg_delay:0.633333
avg_flowtime:23.200000
object function value:773.333333
0
0
0
0
0
1
3
8
12
16
19
0
0
0
0
0
0
1
4
5
19
0
0
0
0
0
0
0
0
3
5
0
0
0
0
0
0
0
0
0
0
0
0
0
0
1
2
7
11
14
17
0
0
2
5
7
9
10
14
16
19
0
0
0
0
0
0
1
4
7
13
0
0
0
0
0
0
0
0
0
1
0
0
0
1
3
5
6
11
13
34
0
1
2
3
5
7
8
12
13
21
1
5
8
11
12
14
16
20
22
25
4
8
11
14
15
16
18
22
27
29
4
8
11
13
14
16
18
22
25
27
5
8
10
12
13
14
16
19
21
31
5
9
11
14
15
17
19
23
25
28
2
5
6
14
16
18
19
22
23
25
6
11
14
16
20
21
23
27
30
32
0
5
6
9
10
12
13
18
19
22
5
10
12
15
16
18
20
24
26
29
6
10
11
29
31
33
34
37
38
40
0
3
5
7
8
9
11
14
16
18
4
7
8
10
12
14
15
18
19
32
2
6
8
11
13
15
16
20
22
25
4
8
11
15
16
17
19
23
26
28
3
6
9
12
14
16
17
20
21
23
1
4
5
8
10
12
13
16
18
36
4
11
13
16
18
20
21
26
27
30
2
6
7
16
18
20
21
25
26
27
8
13
15
18
20
22
23
28
29
32
5
9
10
23
25
27
28
32
33
38
42
