time_cost:74439ms
ontime_proportion:0.900000
max_delay:1310546186112240300000000000000000000000000000000000000000000000000000000000000000000000000000000000000000000000000000000000000000000000000000000000000000000000.000000
avg_delay:0.333333
avg_flowtime:22.366667
object function value:745.555556
0
0
0
0
0
0
0
6
9
13
16
0
0
0
0
0
0
0
0
2
5
0
0
0
0
0
0
0
2
3
6
0
0
0
0
0
2
3
6
9
13
0
0
1
4
5
7
8
13
15
18
0
0
0
0
0
0
0
0
1
7
0
0
0
0
0
0
5
10
18
21
0
0
0
0
0
0
6
11
14
22
0
0
0
0
0
0
0
1
2
3
0
0
0
0
0
1
6
9
14
31
1
5
9
12
14
16
17
21
23
26
6
10
13
16
18
20
21
25
27
30
3
9
12
14
15
16
18
22
25
27
7
12
14
17
18
19
21
24
25
28
4
8
12
14
15
17
18
21
22
24
0
4
6
9
10
12
14
18
20
23
3
6
8
10
11
12
14
17
19
27
4
9
11
14
16
18
19
23
24
25
3
7
9
12
13
14
16
19
21
28
5
9
11
17
19
21
22
25
26
36
3
6
9
11
12
14
15
18
21
24
2
5
7
9
10
11
13
16
18
21
5
10
12
15
18
20
21
26
27
30
2
7
10
12
13
14
16
20
23
25
0
3
5
8
9
10
12
15
17
23
0
4
5
19
21
23
24
28
29
33
2
5
8
16
17
19
20
23
26
35
6
10
11
15
16
17
19
22
23
26
3
8
10
13
16
18
19
24
25
28
0
3
4
6
8
10
11
14
16
29
38
