time_cost:62266ms
ontime_proportion:1.000000
max_delay:0
avg_delay:0.000000
avg_flowtime:20.700000
object function value:-310.000000
0
0
0
0
0
0
0
6
10
12
15
0
0
0
0
0
2
6
9
14
18
0
0
1
3
4
6
7
10
13
17
0
0
0
0
0
0
0
0
0
2
0
0
2
5
7
9
10
14
16
19
0
0
0
0
0
0
0
4
21
25
0
0
1
4
5
7
9
13
15
19
0
0
0
0
1
3
6
10
13
20
0
0
0
0
0
0
0
0
1
5
0
0
0
0
0
0
1
4
6
9
8
11
13
16
19
20
22
25
27
29
5
9
11
13
14
16
17
20
21
23
5
8
10
14
15
17
18
21
22
24
1
4
5
14
17
19
20
23
25
27
5
8
10
13
14
15
17
20
25
28
5
8
9
11
12
14
15
18
19
21
3
6
8
11
12
13
15
18
20
23
0
3
5
7
8
9
11
14
16
18
1
4
6
8
9
10
12
15
17
19
5
9
12
14
15
16
18
22
25
27
3
6
8
10
11
12
14
17
19
22
6
11
13
16
18
20
21
26
27
30
0
5
6
9
10
12
13
18
19
22
1
6
7
12
13
15
16
21
22
26
8
11
14
17
20
21
23
26
28
30
3
7
10
15
17
19
20
24
26
29
2
6
8
11
13
15
16
20
22
25
4
8
10
13
15
17
18
22
24
27
1
5
7
10
12
14
16
20
22
27
2
6
7
12
16
18
19
23
24
25
31
