time_cost:85171ms
ontime_proportion:0.700000
max_delay:26
avg_delay:5.166667
avg_flowtime:29.633333
object function value:2987.777778
0
0
0
0
0
0
0
8
12
13
41
0
0
0
0
0
0
1
5
6
7
0
0
0
0
0
0
0
0
2
4
0
0
0
0
0
1
10
15
17
19
0
0
0
0
0
0
0
0
0
3
0
0
0
1
2
4
5
11
13
20
0
0
0
0
0
0
1
4
7
17
0
0
0
0
2
4
8
13
15
21
0
0
1
2
3
5
7
12
13
26
0
0
0
0
1
3
4
8
9
27
9
14
16
17
19
21
23
28
30
31
8
13
16
31
32
33
34
38
41
48
5
9
11
19
20
22
23
27
29
34
4
9
10
29
30
32
33
38
39
47
2
5
8
45
46
47
48
51
54
55
6
11
14
25
26
28
30
34
37
39
6
10
12
35
36
37
38
42
44
49
1
5
6
37
39
40
41
45
46
51
3
8
9
14
15
17
19
24
25
28
0
4
6
8
9
11
12
16
18
21
2
6
9
13
14
15
16
20
23
24
5
9
11
18
19
21
22
26
28
32
9
14
15
43
45
46
47
51
52
53
2
7
8
9
10
12
14
19
20
46
5
10
11
15
16
18
20
25
26
36
5
8
11
12
13
14
15
18
21
23
2
5
8
11
12
13
14
17
20
30
3
6
9
16
17
18
19
22
25
40
8
12
14
33
34
35
36
40
42
50
3
8
9
10
11
13
15
20
21
22
56
