time_cost:62358ms
ontime_proportion:0.800000
max_delay:12
avg_delay:1.033333
avg_flowtime:25.033333
object function value:1834.444444
0
0
5
8
11
14
15
17
22
25
28
0
0
0
0
2
4
5
9
12
27
0
0
0
3
4
5
7
13
19
23
0
0
0
0
0
0
0
0
3
6
0
0
0
2
3
4
6
11
14
18
0
0
0
0
0
0
0
0
3
5
0
0
0
0
0
0
4
11
15
19
0
0
0
0
0
0
0
0
6
9
0
0
0
0
1
3
7
14
19
21
0
2
3
8
10
12
13
16
17
23
0
3
4
6
10
12
13
17
21
39
0
4
6
7
8
10
12
16
18
20
5
8
9
12
13
15
16
19
20
22
6
12
15
18
19
20
22
26
27
30
0
3
6
10
12
14
15
18
21
33
4
7
8
15
17
19
20
23
24
29
5
10
13
16
17
18
20
24
25
28
0
3
4
7
8
10
11
14
15
17
3
8
11
14
15
16
18
23
26
29
3
6
9
13
15
17
18
21
24
31
4
7
11
18
20
22
23
26
29
35
3
9
12
20
22
24
25
28
31
37
0
6
9
11
12
14
16
21
24
26
6
11
16
19
21
23
24
27
30
33
3
7
10
25
27
29
30
33
36
40
6
10
12
15
16
17
19
23
24
27
0
4
5
8
9
10
12
16
17
20
2
9
11
12
13
15
17
21
23
25
0
4
7
9
10
12
14
18
21
24
0
11
14
16
18
20
22
29
32
34
42
