time_cost:333018ms
ontime_proportion:0.960000
max_delay:2
avg_delay:0.080000
avg_flowtime:21.440000
object function value:114.666667
0
0
0
0
0
0
0
10
14
16
17
0
0
0
0
0
1
16
20
23
25
0
0
0
2
4
5
8
12
13
15
0
0
0
0
0
0
11
15
16
21
0
0
0
0
0
0
0
2
4
6
0
0
0
0
0
0
0
0
2
3
0
2
4
6
7
8
10
13
17
19
0
0
0
0
1
2
12
15
19
21
0
0
0
0
0
0
0
0
0
1
0
0
0
0
0
0
0
0
0
2
0
0
0
0
0
1
8
12
15
17
0
4
7
9
11
13
14
20
22
23
0
0
0
0
0
1
13
17
20
22
0
0
0
0
0
0
0
2
3
5
0
0
0
0
0
4
12
18
21
23
0
0
0
0
0
0
9
15
17
20
0
0
0
0
1
3
13
16
19
21
0
0
2
4
5
6
16
22
25
27
0
0
1
3
5
6
13
17
19
22
0
4
5
9
11
12
15
19
21
23
6
10
12
13
15
16
19
23
25
28
3
6
8
10
12
14
16
20
22
24
0
3
5
7
8
9
12
16
18
20
9
12
13
15
17
19
21
24
27
29
3
8
10
12
13
14
16
21
23
26
0
4
6
7
9
10
12
16
18
19
5
10
12
14
16
18
20
25
27
29
4
8
9
11
13
14
15
19
21
23
3
8
10
12
13
15
17
22
24
26
0
4
6
7
9
10
17
21
23
25
4
9
12
13
15
17
20
25
28
29
5
11
13
15
16
17
19
24
26
28
10
13
15
17
20
24
26
29
31
33
3
6
8
9
10
12
14
18
20
21
0
6
13
15
17
20
22
25
27
29
0
3
4
7
9
11
13
16
17
20
2
6
7
9
11
12
13
18
23
25
2
5
7
9
20
22
24
27
29
31
8
13
15
16
18
21
22
27
29
30
6
9
10
12
14
17
19
22
23
25
6
11
13
15
17
18
21
25
26
30
8
11
14
16
18
22
24
27
30
32
1
4
6
8
9
10
13
17
19
21
4
9
11
13
14
15
17
22
25
27
9
13
15
17
19
22
24
27
29
31
6
10
11
13
15
16
17
23
24
26
10
14
17
19
20
21
23
26
28
30
2
6
8
9
12
13
16
20
22
24
5
8
11
14
16
19
21
24
27
29
10
13
15
17
18
20
22
26
29
31
34
