time_cost:908ms
ontime_proportion:0.840000
max_delay:14
avg_delay:1.360000
avg_flowtime:26.580000
object function value:1486.000000
0
0
0
3
4
6
7
14
24
27
28
0
0
0
0
0
0
0
0
1
3
0
0
0
0
1
2
12
19
25
28
0
0
0
0
0
0
12
21
22
25
0
0
2
4
5
6
17
33
36
38
0
4
6
8
10
12
14
22
24
26
0
0
0
0
0
0
9
15
19
21
0
0
0
0
0
0
10
16
20
23
0
0
0
0
0
0
18
35
38
40
0
0
0
0
2
4
12
21
24
26
0
0
0
0
0
0
0
0
1
4
0
1
3
5
7
9
12
19
21
24
0
0
0
0
0
0
0
0
0
1
0
0
0
0
0
0
1
18
23
27
0
0
0
1
3
5
10
16
21
25
0
0
0
0
0
0
0
0
0
3
0
0
0
0
0
0
0
0
0
5
0
3
6
8
10
12
13
20
25
27
0
0
0
0
0
0
0
0
0
1
0
0
0
0
0
0
0
0
0
0
9
13
16
17
19
20
21
27
30
31
7
12
15
16
18
19
20
26
29
30
1
6
8
10
12
14
16
21
23
25
4
9
15
17
20
23
27
36
39
41
2
7
10
12
14
16
17
24
27
29
0
5
8
9
11
12
13
19
22
23
5
10
13
14
16
17
18
23
26
28
9
15
18
20
22
24
27
36
40
42
0
14
17
19
21
22
23
27
30
31
4
9
12
15
17
19
20
25
28
31
11
16
19
20
22
23
24
30
33
34
0
3
6
7
9
10
12
22
25
28
9
14
16
19
20
21
23
28
31
34
0
5
6
10
12
13
19
32
33
36
4
9
10
13
15
16
18
27
28
33
3
8
9
12
15
16
22
33
34
37
0
7
10
12
14
15
16
21
24
25
5
13
14
17
19
20
22
28
31
34
10
18
21
22
24
25
26
30
33
39
9
13
15
18
19
22
24
30
34
37
6
12
17
20
21
24
26
29
34
37
0
5
7
9
11
13
15
26
29
33
5
10
11
15
17
18
25
35
37
40
1
6
9
11
13
15
16
23
26
31
4
9
12
17
19
21
24
34
35
38
10
14
18
21
22
23
25
28
31
34
11
17
20
22
23
24
27
38
41
43
6
11
14
15
17
18
19
29
32
35
8
11
13
16
18
20
24
33
40
43
5
10
13
15
16
18
19
24
27
29
44
