time_cost:905ms
ontime_proportion:0.780000
max_delay:7
avg_delay:0.720000
avg_flowtime:22.140000
object function value:1938.000000
0
0
0
0
0
0
0
0
0
0
1
0
0
0
0
3
7
21
28
31
33
0
0
0
0
0
2
11
14
18
20
0
0
0
0
2
6
17
20
23
25
0
0
1
3
4
5
15
18
23
25
0
0
1
3
5
6
9
13
16
18
0
0
0
0
0
0
18
21
30
33
0
0
0
0
0
0
0
0
0
0
0
0
0
0
0
0
0
0
0
4
0
0
0
0
0
0
0
0
0
2
0
0
0
0
2
3
14
18
21
27
0
0
0
0
0
0
0
0
0
0
5
9
12
14
17
19
20
24
25
30
0
0
0
0
0
0
0
1
2
4
0
1
3
4
6
7
9
13
17
20
0
0
0
0
0
0
8
11
14
18
0
0
0
0
1
4
25
31
33
35
0
0
0
0
0
0
8
12
13
15
0
0
0
0
0
0
9
13
18
19
0
0
0
0
1
2
12
17
19
22
10
15
17
19
20
22
24
27
28
30
1
4
10
14
15
17
19
22
25
27
7
11
14
16
19
22
24
28
29
31
12
15
19
21
22
24
26
29
31
33
4
8
10
12
17
19
21
25
26
28
2
5
8
11
12
14
16
19
22
24
0
5
8
10
11
18
20
25
27
29
8
11
13
14
16
26
28
31
33
34
0
3
4
6
7
9
11
14
16
18
5
10
12
14
15
17
19
22
24
26
3
7
8
12
14
16
18
22
23
25
1
5
6
8
10
13
15
19
20
22
6
10
13
15
18
21
23
26
29
31
9
13
14
16
17
20
22
25
26
28
2
5
7
8
9
11
13
16
18
20
0
4
5
7
9
10
12
16
17
20
4
9
11
13
14
15
17
22
24
26
2
6
7
9
11
12
13
17
18
20
1
7
9
11
12
22
24
27
29
31
5
10
12
13
15
19
20
25
27
29
0
8
10
12
15
18
19
24
27
28
4
8
10
11
13
14
16
20
22
23
5
10
12
15
18
20
22
26
27
29
6
13
15
17
18
20
22
27
29
31
11
15
17
18
21
26
28
32
34
35
4
9
11
13
14
16
18
23
25
27
9
12
15
17
20
23
25
28
29
31
5
9
10
12
14
15
17
21
22
24
9
12
15
17
19
24
26
29
33
35
3
6
8
10
11
12
14
17
19
21
37
