time_cost:1728ms
ontime_proportion:0.780000
max_delay:10
avg_delay:1.200000
avg_flowtime:24.880000
object function value:2029.333333
0
0
0
0
0
0
0
0
0
0
0
0
0
0
0
0
0
0
2
4
5
0
0
0
0
0
0
0
0
0
2
0
0
0
2
4
5
15
20
22
24
0
0
0
0
0
1
13
22
24
25
0
0
0
0
0
0
11
15
18
20
0
0
0
0
0
0
0
0
0
0
0
0
0
1
3
5
12
17
21
24
0
0
1
3
4
6
11
14
15
17
0
3
6
9
11
13
14
17
20
26
0
0
0
0
0
0
10
14
17
22
0
0
2
3
5
6
12
21
23
27
0
0
0
1
2
3
24
29
31
33
0
0
0
1
3
4
18
23
25
26
0
0
0
0
0
0
0
0
1
4
0
0
2
4
6
8
10
15
18
20
0
0
0
0
0
1
23
30
33
35
0
0
0
0
0
0
0
2
4
6
0
0
0
0
0
0
0
0
0
3
0
0
1
3
5
7
14
19
24
26
0
5
6
9
10
11
17
23
24
27
6
11
12
13
16
17
19
24
25
26
5
10
13
15
17
19
20
25
28
30
6
13
15
17
19
20
24
32
35
37
2
6
9
11
13
14
15
19
22
24
5
11
14
16
19
20
21
25
28
32
6
11
14
16
18
19
20
24
27
29
4
9
11
15
17
18
20
25
27
29
7
16
18
20
21
22
28
33
36
38
7
14
18
21
22
23
25
32
35
38
2
8
11
13
15
17
18
27
30
32
12
16
19
21
22
24
27
31
33
35
9
12
14
17
18
20
25
28
29
31
0
5
7
9
11
12
14
19
21
31
3
9
13
18
20
21
22
27
28
29
10
15
16
19
20
21
24
31
32
35
5
10
12
13
15
16
19
24
26
27
9
14
16
18
21
22
29
34
38
40
0
5
8
10
12
14
15
22
25
28
5
10
13
15
17
18
20
25
27
29
0
7
10
12
14
15
16
26
29
31
1
8
11
14
16
18
19
28
31
33
8
13
14
20
22
23
24
29
30
31
0
4
7
9
11
12
23
28
31
33
2
7
9
11
13
14
16
21
23
33
3
6
9
12
14
16
17
20
26
29
10
15
17
18
20
21
25
32
35
36
6
12
13
14
16
17
23
28
29
31
1
6
8
13
15
16
18
23
25
35
11
17
20
22
24
25
29
34
37
38
41
