time_cost:320337ms
ontime_proportion:0.920000
max_delay:7
avg_delay:0.420000
avg_flowtime:22.240000
object function value:541.333333
0
0
0
0
0
1
2
10
15
17
19
0
0
0
0
0
0
5
9
12
15
0
0
0
0
0
0
0
0
1
3
0
0
1
4
5
7
8
16
24
27
0
0
0
0
0
0
0
0
0
0
0
0
0
1
2
4
18
22
27
29
0
0
0
0
0
1
14
19
26
29
0
0
0
0
0
0
0
3
4
5
0
0
0
0
0
0
0
0
0
3
0
5
7
9
11
12
13
18
20
22
0
0
1
2
3
4
10
15
17
18
0
0
0
0
0
0
0
0
0
2
0
1
3
4
5
7
12
15
17
18
0
0
1
4
5
7
12
18
22
25
0
3
6
9
10
11
15
19
22
25
0
2
3
6
8
9
17
20
21
24
0
0
0
1
2
3
13
17
25
29
0
0
0
0
0
0
0
0
0
0
0
0
0
0
0
0
18
22
23
24
0
0
4
7
9
11
22
27
30
33
4
11
14
17
18
19
21
25
30
34
3
8
9
12
14
16
17
22
24
26
7
12
15
17
19
20
23
28
30
33
9
13
14
15
16
17
19
25
26
27
0
3
5
6
20
22
24
29
31
32
10
13
15
16
18
20
23
26
29
30
5
9
10
11
12
13
14
18
19
20
12
17
20
22
23
25
26
31
34
36
3
8
11
15
18
19
22
27
29
31
6
10
11
12
14
16
17
22
25
26
8
11
13
15
17
18
20
23
25
27
9
12
16
19
21
22
23
26
29
32
8
14
17
20
21
23
24
29
33
36
8
13
15
17
19
20
21
26
29
31
3
8
9
11
12
14
15
20
21
23
2
6
9
12
13
14
16
20
23
26
1
5
8
13
14
15
17
21
26
29
6
10
11
12
13
14
15
19
20
21
4
7
8
11
13
14
15
18
19
22
1
4
6
8
10
11
20
23
28
30
1
4
11
13
15
16
22
25
27
32
8
14
18
21
22
23
25
29
33
36
3
6
7
10
12
13
14
17
18
22
8
13
14
16
17
19
20
25
31
33
4
9
12
14
15
17
18
23
32
34
1
5
6
7
8
9
13
17
18
19
6
10
13
15
16
18
19
23
27
29
2
6
7
8
9
10
11
15
16
17
5
8
11
14
16
17
18
21
22
27
0
3
5
6
7
9
13
16
19
20
37
