time_cost:264518ms
ontime_proportion:0.980000
max_delay:3
avg_delay:0.060000
avg_flowtime:19.620000
object function value:-146.000000
0
0
4
6
11
12
15
16
21
26
29
0
0
1
4
5
6
11
16
17
20
0
0
0
0
0
1
15
18
24
25
0
0
0
0
0
0
0
4
5
7
0
0
0
2
3
4
7
11
12
14
0
4
5
8
9
10
11
16
18
21
0
0
0
0
0
0
0
0
3
6
0
0
0
0
0
0
0
3
10
12
0
0
0
0
0
0
0
0
2
4
0
0
0
0
0
0
0
0
2
5
0
0
0
0
0
0
0
0
0
0
0
0
0
1
2
4
11
16
20
25
0
0
0
2
4
5
11
17
21
23
0
0
0
0
0
0
0
3
5
6
0
0
0
0
0
0
0
0
0
0
0
0
0
0
0
0
6
11
13
16
0
0
0
0
0
0
0
0
0
0
0
0
0
0
0
0
0
0
0
1
0
0
1
3
4
6
8
13
15
17
0
0
1
3
5
7
11
15
21
23
8
11
14
16
18
20
21
24
29
31
4
9
10
12
15
18
19
23
24
26
4
7
9
10
11
12
14
17
19
20
5
10
11
15
17
18
20
25
26
28
2
5
6
8
10
12
13
16
17
23
10
14
15
17
18
19
21
26
27
29
7
11
13
18
19
20
21
25
26
28
7
11
12
14
15
16
17
21
22
24
1
5
6
9
11
13
14
18
19
22
2
7
8
11
13
14
16
21
22
24
6
10
11
14
16
18
19
23
24
27
8
12
16
19
21
23
24
28
29
32
7
10
14
16
20
22
23
26
27
29
18
21
23
24
25
26
28
31
33
34
5
8
10
11
12
13
15
18
20
21
0
5
7
10
15
17
20
25
28
31
11
15
17
19
21
23
24
28
29
31
3
6
8
9
10
11
13
16
19
20
3
7
10
12
14
15
16
20
24
26
5
10
14
18
20
21
25
30
31
33
1
4
5
10
12
14
25
28
29
31
15
19
20
22
24
26
27
31
32
34
10
13
19
21
23
25
26
29
30
32
1
8
10
12
14
16
18
23
25
27
10
14
16
18
19
20
21
25
27
29
6
11
12
14
16
17
19
24
25
27
4
8
9
11
13
15
18
22
24
28
4
7
9
12
14
16
18
21
23
25
10
15
16
18
20
21
23
28
31
33
2
6
7
9
10
11
16
20
22
25
36
