time_cost:743ms
ontime_proportion:0.800000
max_delay:8
avg_delay:0.980000
avg_flowtime:23.360000
object function value:1778.666667
0
0
0
0
0
0
0
0
0
0
0
0
0
0
2
3
5
10
14
21
24
0
0
0
1
2
4
13
19
22
24
0
0
0
0
0
0
0
0
0
2
0
0
0
0
2
3
8
14
18
21
0
1
4
7
8
10
11
16
29
32
0
0
0
0
0
0
0
0
0
1
0
0
0
0
0
0
0
0
0
2
0
0
0
0
0
0
10
15
20
22
0
5
8
11
12
14
15
20
28
31
0
2
5
7
8
10
11
15
21
23
0
0
0
0
0
0
0
0
0
0
0
4
7
10
11
12
14
18
21
24
0
0
0
0
0
0
0
0
0
0
0
0
0
0
3
5
12
15
31
34
0
0
0
0
1
3
10
16
31
33
0
5
11
14
15
17
18
25
28
32
0
0
0
0
0
0
0
0
0
2
0
1
2
5
7
8
9
13
18
25
0
0
0
0
0
0
13
17
33
35
7
10
13
14
17
19
21
24
26
27
2
5
6
9
12
14
15
18
20
23
5
10
12
16
18
19
20
25
27
33
6
11
15
17
19
21
22
26
27
28
1
6
9
12
13
15
16
21
35
38
7
12
14
15
19
21
23
26
28
29
2
7
10
13
14
16
17
22
25
28
3
7
10
12
13
15
16
20
23
25
6
10
15
16
18
19
20
24
25
26
10
13
15
16
21
23
25
28
30
31
10
15
16
19
25
27
28
32
33
36
3
8
12
15
17
18
19
22
23
27
2
5
7
9
11
12
14
17
19
21
10
13
15
16
19
21
23
26
28
29
6
9
14
15
17
19
21
25
27
28
7
14
16
20
26
28
29
32
33
36
8
12
17
20
22
24
25
28
34
37
10
15
17
18
23
25
27
30
32
33
5
10
12
14
16
17
18
23
25
28
5
8
10
12
14
15
17
20
22
25
10
16
18
19
21
23
25
28
30
32
2
9
11
13
15
17
18
24
25
27
7
12
13
14
17
18
19
23
24
25
4
7
9
14
16
17
19
22
24
27
11
15
19
20
27
29
31
34
36
37
4
12
16
18
20
22
23
27
32
34
3
9
14
17
19
20
21
24
26
29
13
17
19
20
25
26
27
31
32
34
5
10
14
17
23
25
26
31
34
37
0
11
16
19
20
22
23
27
34
36
39
