time_cost:971ms
ontime_proportion:0.880000
max_delay:4
avg_delay:0.280000
avg_flowtime:21.320000
object function value:910.666667
0
0
0
0
0
1
3
8
12
14
17
0
0
0
0
0
0
12
19
22
25
0
0
0
0
0
2
11
16
19
21
0
0
0
0
0
0
0
0
0
1
0
0
1
2
3
4
13
17
19
20
0
0
0
0
0
0
0
3
5
8
0
0
0
0
0
0
0
0
1
3
0
0
0
0
0
0
0
0
0
0
0
0
0
0
0
0
0
0
0
0
0
0
0
0
0
1
12
16
18
21
0
0
0
0
0
0
0
0
2
5
0
0
0
0
1
3
16
23
25
28
0
0
0
0
0
0
0
0
0
0
0
0
0
0
0
0
23
27
28
30
0
0
0
0
2
4
9
12
17
19
0
0
0
0
0
0
0
0
3
5
0
0
0
1
3
5
9
13
15
19
0
1
2
4
6
8
13
16
18
22
0
1
2
4
6
8
9
13
17
20
0
1
4
6
8
9
10
14
19
21
0
3
5
6
7
8
14
17
20
21
6
9
12
14
16
18
19
22
23
25
5
9
12
14
16
17
18
22
25
27
3
6
8
9
10
11
13
16
18
19
5
10
12
14
20
22
25
30
32
34
4
9
11
13
14
18
21
26
28
30
1
5
6
9
11
13
14
18
19
22
1
4
6
7
8
9
12
17
21
22
1
6
7
10
12
13
15
20
21
23
2
5
6
8
10
12
16
19
20
22
9
14
17
19
21
23
24
28
29
31
8
11
13
14
15
16
18
21
23
24
4
8
9
14
16
18
19
23
24
29
0
5
7
10
11
13
20
25
30
33
4
9
12
15
18
19
20
25
26
29
1
4
5
7
12
14
17
20
21
23
7
10
12
14
18
20
21
24
25
31
10
14
16
17
19
20
22
25
27
28
0
4
5
7
9
11
14
18
21
24
3
7
10
12
14
15
16
20
23
26
5
9
10
17
19
21
22
26
27
29
5
12
14
17
18
20
21
27
33
36
4
8
9
11
16
18
19
23
24
27
2
5
7
12
17
19
20
24
26
28
10
14
16
18
22
24
26
30
31
33
2
7
9
12
13
15
16
21
23
26
7
12
14
16
22
24
26
31
34
36
9
13
14
18
23
25
27
30
33
35
11
15
17
18
20
21
25
28
30
31
6
11
14
17
20
21
22
27
28
32
37
