time_cost:1357ms
ontime_proportion:0.720000
max_delay:13
avg_delay:2.020000
avg_flowtime:24.740000
object function value:2624.666667
0
0
0
0
0
0
0
26
32
35
37
0
0
0
0
0
0
0
0
0
0
0
0
0
0
0
0
0
0
0
2
0
1
2
4
5
7
18
21
22
24
0
0
3
4
6
7
24
31
32
33
0
0
1
3
4
5
13
20
22
24
0
0
1
4
5
6
14
22
24
26
0
0
0
0
0
1
28
35
37
39
0
0
0
0
1
2
29
35
38
39
0
0
0
0
0
3
31
37
39
41
0
0
0
0
0
0
18
23
26
28
0
0
3
5
7
8
24
28
31
33
0
0
0
0
0
0
1
4
7
12
0
0
0
0
0
0
0
2
4
6
0
0
0
0
0
0
0
0
0
1
0
0
0
2
4
5
13
19
22
24
0
0
0
0
1
2
10
16
17
20
0
0
0
0
0
0
0
2
4
6
0
0
0
0
1
2
13
18
19
22
0
0
0
0
0
0
0
0
0
1
6
11
13
15
16
17
18
23
25
29
10
13
16
19
21
23
28
32
35
38
0
5
6
9
10
11
12
17
18
21
5
8
9
11
12
14
16
19
20
22
9
12
15
16
20
22
23
26
29
30
10
15
18
21
23
25
28
32
35
38
1
6
8
9
11
12
13
18
21
22
9
14
15
18
19
20
21
26
27
30
0
7
10
15
17
19
21
26
29
33
8
13
14
17
19
20
21
26
27
32
11
16
19
23
25
27
31
35
38
41
8
15
16
19
22
23
24
30
31
32
0
5
7
13
15
16
31
37
39
41
2
5
8
9
10
12
13
16
19
21
4
11
14
16
18
20
21
26
29
31
9
14
16
17
20
21
22
29
31
32
3
8
10
11
13
14
19
25
28
30
5
10
11
13
15
16
17
22
23
24
8
13
14
17
19
20
26
31
33
35
5
10
12
14
16
17
19
24
26
28
2
7
10
15
17
19
22
27
30
32
0
5
8
10
14
16
17
22
25
27
5
8
9
11
12
14
16
19
20
23
4
8
11
13
16
17
18
23
26
28
4
9
11
12
14
15
16
21
24
27
4
9
10
11
13
14
15
20
21
22
10
14
17
18
21
23
26
29
32
37
7
10
13
14
16
18
19
22
25
26
5
10
13
15
17
19
23
29
33
35
8
13
16
18
20
22
23
28
31
33
43
