time_cost:277070ms
ontime_proportion:1.000000
max_delay:0
avg_delay:0.000000
avg_flowtime:22.300000
object function value:-256.666667
0
0
1
2
5
7
8
14
17
18
23
0
0
0
0
1
3
12
20
22
24
0
0
2
3
4
6
8
13
16
17
0
0
0
0
0
2
7
10
11
15
0
0
0
0
0
0
1
7
9
11
0
0
1
3
5
6
9
15
17
19
0
0
0
0
0
0
17
21
22
24
0
0
0
0
0
0
20
25
27
29
0
0
1
3
4
7
11
16
18
20
0
0
0
0
0
0
0
2
4
6
0
0
0
0
0
1
13
18
21
25
0
0
0
0
0
0
0
0
0
0
0
0
0
2
3
4
10
14
20
22
0
0
0
1
2
3
14
19
21
23
0
0
0
0
0
1
10
14
17
21
0
2
8
10
11
13
17
20
23
25
0
0
1
3
5
6
9
13
15
17
0
0
0
0
0
0
0
1
3
4
0
0
1
3
4
6
20
24
25
28
0
0
0
0
0
0
0
0
0
0
6
9
10
12
16
20
24
27
28
32
4
9
11
13
14
15
17
22
24
26
2
6
8
10
12
14
16
20
22
26
0
3
5
7
8
9
11
14
16
19
5
9
10
14
16
17
18
22
23
25
1
5
6
8
11
12
13
17
19
21
1
5
7
8
10
11
13
17
19
20
1
4
7
9
10
12
14
17
20
22
1
4
5
8
10
11
12
15
16
19
9
14
15
17
21
25
27
30
31
33
9
12
14
17
19
23
25
28
30
32
4
7
12
14
15
18
20
23
26
28
8
11
12
14
17
20
22
25
26
28
0
3
6
8
12
23
25
28
31
33
5
10
13
15
17
19
21
24
27
29
0
3
4
6
7
9
11
15
17
19
4
8
10
11
13
15
20
24
26
27
6
10
14
16
19
21
23
26
29
31
5
10
12
13
15
18
22
26
29
30
5
8
9
12
14
15
16
19
20
25
5
8
11
13
14
16
18
21
24
26
5
11
13
14
18
22
23
28
30
31
9
13
14
16
18
21
23
27
29
31
3
6
8
12
14
17
18
23
25
28
0
5
13
15
17
19
21
25
27
29
8
13
16
18
20
24
26
31
33
35
1
4
7
9
10
12
14
17
20
22
8
11
13
14
15
17
19
22
24
27
2
7
9
10
12
14
15
20
22
23
7
12
14
16
19
22
24
29
31
33
36
