time_cost:311386ms
ontime_proportion:0.860000
max_delay:9
avg_delay:0.860000
avg_flowtime:23.260000
object function value:1175.333333
0
0
0
2
3
5
6
13
18
21
24
0
0
0
0
0
0
0
4
5
8
0
0
0
0
0
0
0
2
5
7
0
0
0
0
0
0
0
0
1
4
0
0
0
0
0
0
11
22
25
27
0
3
4
7
9
10
12
17
19
25
0
0
0
0
0
0
0
0
0
1
0
0
0
0
0
1
11
17
20
24
0
0
0
0
0
0
0
0
1
4
0
0
0
0
1
2
14
20
22
25
0
0
0
1
3
5
16
21
23
27
0
0
0
0
0
1
11
17
20
21
0
0
0
0
0
0
0
0
1
2
0
0
0
0
2
3
13
18
20
23
0
0
0
0
0
0
0
0
0
0
0
0
0
0
0
0
0
2
5
6
0
0
0
0
0
0
0
1
2
9
0
5
6
12
14
15
17
22
23
26
0
0
0
0
0
0
10
17
19
22
0
0
0
0
0
0
0
3
6
8
1
4
6
9
10
11
14
20
22
25
10
15
16
19
21
22
25
30
33
38
8
13
14
18
20
21
23
28
29
34
10
15
18
20
21
23
24
29
32
34
16
19
22
23
25
26
29
35
38
39
3
8
11
13
17
19
21
26
29
31
2
7
9
11
13
15
18
25
27
29
6
14
17
19
22
24
26
32
36
38
11
16
19
20
23
24
27
32
35
36
8
14
17
19
21
23
24
29
32
34
3
9
10
16
18
19
21
27
28
31
11
14
18
22
24
25
26
30
34
35
1
6
9
10
12
13
14
21
25
26
1
6
9
12
14
16
21
26
29
32
6
11
15
17
19
21
22
27
30
32
5
10
12
16
18
19
21
26
27
30
7
12
15
17
19
21
22
31
34
36
6
11
12
15
17
18
20
25
31
34
4
10
13
16
20
22
23
28
31
36
7
10
13
15
16
17
18
23
26
28
9
16
17
20
22
23
25
31
32
35
3
8
10
12
14
16
18
23
26
28
15
18
21
22
24
25
26
29
32
34
5
10
11
14
16
17
19
24
25
28
2
11
15
16
18
20
28
34
37
38
8
13
16
18
19
21
22
25
28
30
8
11
14
15
17
18
19
22
25
26
15
19
22
23
25
26
29
35
38
39
1
6
7
10
12
13
17
22
23
26
3
8
11
14
16
18
19
24
30
32
41
