time_cost:1452ms
ontime_proportion:0.820000
max_delay:10
avg_delay:0.940000
avg_flowtime:21.900000
object function value:1530.000000
0
0
0
0
0
0
0
3
4
9
11
0
3
5
9
10
12
13
18
20
23
0
0
0
0
0
0
25
29
33
36
0
0
0
0
0
0
0
0
0
0
0
0
0
2
3
4
25
29
34
36
0
0
0
0
0
0
0
0
2
4
0
0
0
0
0
0
0
0
0
0
0
0
0
0
0
0
8
12
15
19
0
0
0
0
0
0
0
1
2
5
0
0
0
0
0
0
0
0
1
4
0
0
0
0
0
0
0
0
0
3
0
3
4
7
9
11
12
16
17
20
0
0
0
0
0
0
0
0
0
1
0
0
1
5
7
9
10
14
16
22
0
0
0
3
5
7
20
24
26
29
0
1
3
4
5
6
13
18
29
30
0
0
0
0
0
0
0
5
13
18
0
0
0
0
0
0
0
0
1
2
0
2
5
7
9
10
11
15
18
22
0
0
0
0
1
3
8
13
15
18
6
9
12
14
16
18
19
22
24
26
4
8
11
16
18
19
21
25
28
32
2
6
10
12
14
15
16
20
24
26
3
6
7
9
11
13
14
17
18
20
0
4
6
9
15
18
19
23
24
27
6
11
13
15
17
19
20
24
25
27
17
21
24
27
29
31
32
36
37
40
5
9
12
14
16
17
18
22
25
27
5
10
13
16
17
18
28
33
36
39
8
12
17
19
20
21
22
26
27
29
0
4
5
7
10
12
13
17
20
26
12
16
19
21
23
25
26
30
33
35
5
10
12
13
15
16
18
21
23
24
9
13
17
19
21
23
24
28
30
32
3
7
8
11
13
15
16
20
21
24
4
8
9
11
13
15
16
21
22
24
1
5
6
9
10
11
21
25
29
31
0
4
7
13
18
20
28
32
35
37
0
5
7
10
11
13
14
19
21
24
1
5
9
11
17
18
19
23
27
29
13
17
19
21
22
23
24
28
31
33
5
9
12
14
15
16
17
22
26
28
3
8
9
12
13
14
15
20
21
24
8
13
14
17
18
19
20
25
30
33
4
9
11
13
15
17
20
24
28
30
8
13
16
18
19
21
23
28
32
34
0
3
4
6
8
10
11
14
15
17
7
12
14
15
19
20
22
25
27
28
0
3
4
8
12
14
15
18
19
21
4
9
10
12
14
15
17
22
23
25
42
