time_cost:24239ms
ontime_proportion:0.680000
max_delay:15
avg_delay:2.620000
avg_flowtime:28.320000
object function value:3144.000000
0
0
0
0
0
0
0
0
0
0
1
13
18
22
23
25
26
27
34
37
38
0
0
0
0
0
0
0
0
0
0
0
1
4
5
7
8
13
21
24
25
0
0
0
0
0
0
11
19
27
39
0
0
0
0
1
2
23
33
37
39
0
0
0
0
0
1
25
36
39
40
0
0
0
0
0
0
0
0
0
2
0
0
0
0
0
0
19
23
34
37
0
0
0
0
0
0
10
16
19
21
0
2
5
6
8
9
18
31
36
38
0
0
0
0
0
0
11
28
31
33
0
0
3
5
6
8
10
16
19
22
0
3
4
7
9
10
12
17
20
24
0
3
6
8
10
12
13
18
21
23
0
0
0
0
0
0
8
15
17
20
0
0
0
0
0
1
32
39
42
44
0
0
0
0
0
0
0
0
0
0
0
0
0
0
0
0
30
37
39
41
0
0
0
0
0
0
0
0
0
1
9
17
20
23
25
27
28
33
36
41
6
12
15
16
19
21
22
29
32
33
14
29
33
34
36
37
38
41
44
45
5
10
13
16
18
19
20
25
28
29
8
13
16
17
19
20
21
26
29
30
10
18
19
22
24
25
27
32
33
36
4
9
12
15
17
19
20
25
28
31
8
15
18
20
22
24
25
30
34
36
2
7
10
13
15
17
18
28
31
34
0
5
8
9
11
12
14
21
25
26
0
5
6
14
16
18
20
25
26
29
4
7
9
12
13
16
18
21
23
26
7
13
15
18
19
20
22
27
30
33
5
8
11
13
14
15
16
19
22
25
0
5
8
11
13
15
16
21
24
27
0
3
6
7
9
10
11
14
21
22
1
6
7
10
12
13
15
20
23
26
0
6
9
13
15
17
30
39
41
43
5
12
15
18
20
22
23
36
39
43
9
15
16
19
21
22
28
39
40
43
10
16
18
21
22
23
25
28
30
33
5
11
13
15
20
22
24
31
33
35
3
8
9
12
14
15
17
22
23
26
5
10
13
15
17
19
20
25
28
30
1
9
14
21
22
23
25
32
35
37
7
13
16
18
20
22
23
29
32
35
6
11
13
16
19
20
22
25
27
30
3
9
12
14
17
20
22
27
29
31
0
5
6
12
14
15
17
22
23
28
1
6
11
14
16
17
18
23
26
27
47
