time_cost:1168ms
ontime_proportion:0.720000
max_delay:11
avg_delay:1.920000
avg_flowtime:25.320000
object function value:2644.000000
0
0
0
0
0
0
0
12
17
20
22
0
0
0
0
0
0
0
0
0
0
0
0
0
0
0
0
0
0
0
1
0
1
2
4
6
8
27
30
31
33
0
0
1
2
5
6
19
26
27
28
0
0
2
4
5
7
25
31
33
35
0
0
2
5
6
7
24
29
35
37
0
0
0
0
0
1
14
19
21
23
0
0
0
0
1
2
14
20
22
23
0
0
0
0
0
3
26
31
32
34
0
0
0
0
0
0
11
16
19
21
0
0
0
2
4
5
13
19
22
24
0
0
0
0
0
0
1
4
7
10
0
0
0
0
0
0
0
2
4
6
0
0
0
0
0
0
0
0
0
4
0
0
0
2
4
5
17
24
26
28
0
0
0
0
1
2
10
15
16
19
0
0
0
0
0
0
0
2
4
6
0
0
0
0
1
2
10
16
17
20
0
0
0
0
0
0
0
0
0
2
6
14
16
18
25
26
29
34
36
38
5
8
11
15
17
19
20
23
27
30
0
5
6
9
10
11
12
17
18
21
11
15
18
20
23
25
29
33
34
36
5
11
14
15
16
18
19
22
25
26
4
7
10
13
15
17
18
21
24
27
1
9
11
12
14
15
16
22
24
30
7
13
16
19
26
27
30
36
37
40
0
5
8
10
12
14
15
26
29
34
5
10
11
14
15
16
17
22
23
26
3
6
12
17
19
21
22
28
31
34
9
14
15
17
20
22
23
28
29
30
6
11
13
15
17
18
19
24
26
32
11
16
19
20
21
23
24
31
34
35
4
9
12
14
16
18
19
24
27
36
2
7
9
10
12
13
14
19
21
25
6
13
15
17
19
20
21
26
28
34
8
14
15
16
21
22
23
30
31
32
10
16
17
18
20
21
22
27
28
30
0
5
7
9
11
12
23
28
30
36
2
7
10
12
14
16
17
23
26
30
0
5
8
10
12
14
15
20
23
25
8
12
13
15
18
20
22
26
27
29
4
8
11
14
20
21
22
27
30
38
8
14
16
19
25
27
30
35
38
39
10
15
16
20
22
23
24
29
30
32
7
13
16
19
21
23
24
27
30
34
7
11
14
16
18
20
21
25
28
29
5
11
14
19
23
25
28
34
37
39
1
10
14
16
21
23
27
32
35
37
41
