time_cost:1122ms
ontime_proportion:0.800000
max_delay:8
avg_delay:0.960000
avg_flowtime:26.800000
object function value:1893.333333
0
0
0
0
0
0
0
10
15
16
20
0
0
0
0
0
2
14
19
22
24
0
0
0
0
0
0
14
21
24
26
0
0
0
0
1
3
13
16
19
22
0
0
0
0
0
1
17
24
26
28
0
0
0
0
0
0
0
0
5
8
0
0
0
0
0
0
12
15
17
22
0
0
3
5
7
9
11
17
20
22
0
0
0
0
0
1
12
17
19
21
0
0
0
0
1
2
13
18
19
22
0
0
0
3
5
7
10
15
18
21
0
0
0
0
3
5
20
23
24
26
0
0
0
0
0
0
23
28
29
32
0
0
0
1
3
4
19
24
25
26
0
4
7
9
11
12
16
21
26
28
0
0
0
0
0
0
0
2
4
5
0
0
2
5
7
9
14
18
21
24
0
1
4
6
8
9
11
15
18
20
0
0
0
0
0
0
14
16
18
20
0
0
0
1
2
3
16
25
27
29
6
11
12
18
19
20
21
26
27
30
0
3
6
9
11
13
14
18
21
24
1
6
9
10
16
18
24
29
33
34
4
9
10
13
14
15
24
29
30
33
5
10
12
16
18
19
21
26
28
30
0
6
8
9
12
13
19
24
26
32
3
9
15
18
19
21
22
27
28
31
0
3
6
8
9
11
16
21
24
25
8
11
12
14
17
19
21
24
25
27
0
5
8
10
12
14
15
20
23
25
5
12
14
16
17
18
19
24
26
28
9
14
15
16
18
19
22
27
28
29
2
7
10
12
14
16
17
28
31
33
5
10
12
14
16
17
19
24
26
34
0
5
9
15
16
17
27
32
33
36
1
6
9
11
14
16
17
25
28
30
5
10
12
13
15
16
22
27
29
30
10
14
17
18
20
22
24
28
31
32
3
8
10
11
13
14
15
20
22
24
4
10
13
21
23
24
27
32
34
35
2
7
9
11
12
13
14
19
21
23
0
4
7
14
16
17
18
26
30
35
8
13
15
17
18
19
24
29
31
33
0
3
4
6
9
11
26
31
32
34
9
14
15
18
20
21
26
31
32
33
4
9
16
19
20
21
29
34
35
38
10
14
17
19
22
24
25
30
33
34
7
12
14
19
21
22
23
28
30
35
9
14
15
20
22
23
28
33
34
35
7
12
16
18
19
20
27
32
35
37
39
