time_cost:1134ms
ontime_proportion:0.840000
max_delay:11
avg_delay:1.180000
avg_flowtime:22.780000
object function value:1359.333333
0
0
0
0
0
0
0
0
1
3
4
0
3
5
8
9
11
12
17
20
23
0
0
0
0
0
0
13
17
21
24
0
0
0
0
0
0
0
0
0
0
0
0
0
2
3
4
17
22
33
35
0
0
0
0
0
0
0
0
2
4
0
0
0
0
0
0
0
0
0
3
0
0
0
0
0
0
7
12
14
17
0
0
0
0
0
0
0
1
2
5
0
0
0
0
0
0
0
0
1
4
0
0
0
0
0
0
0
0
0
1
0
3
4
7
9
11
12
16
17
20
0
0
0
0
0
0
0
0
0
1
0
0
1
5
7
9
10
14
15
18
0
0
0
3
5
7
14
18
25
28
0
1
3
4
5
6
17
20
32
33
0
0
0
0
0
0
9
14
25
28
0
0
0
0
0
0
0
0
1
2
0
2
5
7
9
10
13
17
21
23
0
0
0
0
1
3
8
13
15
19
5
8
11
13
15
17
18
21
22
24
4
8
11
13
15
16
17
21
24
26
2
6
9
11
13
14
15
19
23
28
3
6
7
9
11
13
14
17
18
20
0
4
8
11
13
15
16
20
21
24
2
6
7
9
11
13
14
18
19
23
4
8
10
13
15
17
18
22
24
30
5
9
12
15
17
18
19
23
26
30
3
9
13
16
24
25
26
31
32
35
10
14
17
19
23
24
25
29
30
32
0
4
5
11
13
15
16
20
24
26
3
7
8
10
17
19
20
24
26
28
6
9
11
12
13
14
16
19
21
22
6
10
13
15
17
19
20
24
28
30
3
7
9
13
15
17
18
22
23
26
8
12
15
17
19
21
22
26
28
32
10
14
20
22
23
24
25
29
31
33
6
10
13
15
19
21
22
26
27
29
0
5
10
13
21
23
24
29
33
36
1
5
9
17
19
21
22
26
27
29
12
16
19
21
25
26
27
31
35
37
11
15
19
22
26
27
29
33
35
37
8
13
17
20
25
26
29
34
37
40
8
13
16
19
24
25
28
33
36
39
7
11
15
17
21
23
24
28
30
32
1
6
8
10
11
13
19
24
37
39
0
3
4
6
8
10
14
17
29
31
6
11
13
14
18
19
21
24
26
27
0
3
4
8
16
18
19
22
23
26
4
11
12
15
18
19
21
26
28
34
41
