time_cost:1145ms
ontime_proportion:0.780000
max_delay:8
avg_delay:1.220000
avg_flowtime:24.320000
object function value:2010.666667
0
0
0
2
3
5
6
11
18
21
23
0
0
0
0
0
0
0
4
7
10
0
0
0
0
0
0
0
2
5
7
0
0
0
0
0
0
0
0
1
4
0
0
0
0
0
0
14
20
23
25
0
3
4
7
9
10
15
21
22
30
0
0
0
0
0
0
0
0
0
1
0
0
0
0
0
1
13
21
26
28
0
0
0
0
0
0
0
0
1
4
0
0
0
0
1
2
12
16
18
22
0
0
0
1
3
5
13
19
21
23
0
0
0
0
0
1
11
18
21
22
0
0
0
0
0
0
0
0
1
2
0
0
0
0
2
3
15
21
25
28
0
0
0
0
0
0
0
0
0
0
0
0
0
0
0
0
0
2
5
9
0
0
0
0
0
0
0
1
2
5
0
5
6
9
11
12
14
20
22
25
0
0
0
0
0
0
13
19
20
25
0
0
0
0
0
0
0
3
6
8
1
4
6
9
10
11
13
21
23
26
6
11
12
15
17
18
20
25
26
30
4
12
13
17
19
20
22
27
28
32
2
9
16
18
22
24
25
30
33
35
12
15
18
19
21
22
23
26
29
30
3
9
12
14
16
18
19
24
34
36
2
7
9
11
13
15
17
22
24
26
7
12
18
20
24
26
27
32
35
37
11
16
19
20
22
23
24
29
32
33
1
6
9
11
13
15
16
21
24
27
3
10
11
17
19
20
22
27
28
31
9
12
15
19
22
24
25
31
34
35
8
13
16
17
21
23
25
30
33
34
1
6
9
12
14
16
17
22
25
34
8
13
16
19
20
22
23
28
31
33
5
11
13
16
19
20
22
27
28
32
3
8
11
13
15
17
18
23
30
34
7
12
14
17
19
20
22
27
28
31
4
9
12
15
17
19
20
25
31
36
12
17
20
22
24
25
27
32
35
37
6
11
14
17
20
22
24
29
30
35
3
8
10
12
14
16
18
23
25
28
0
3
6
7
9
10
20
28
31
32
8
13
15
19
21
22
24
29
31
34
9
14
20
21
25
26
29
35
38
39
10
15
18
21
23
25
27
33
36
38
8
16
19
20
22
24
27
31
34
37
13
18
21
22
26
27
29
33
36
37
8
13
17
21
23
24
26
31
32
36
3
8
11
15
17
19
20
28
33
36
41
