time_cost:326425ms
ontime_proportion:0.800000
max_delay:15
avg_delay:1.480000
avg_flowtime:27.120000
object function value:1904.000000
0
0
0
2
4
5
6
10
14
17
19
0
0
0
0
0
1
12
19
22
27
0
0
0
3
5
7
8
13
16
20
0
0
0
0
0
0
0
0
0
7
0
4
7
9
10
12
14
20
23
25
0
0
0
0
0
0
0
0
0
1
0
0
0
0
0
0
0
0
0
1
0
0
0
2
3
4
22
30
33
35
0
0
0
0
0
0
12
19
22
25
0
0
3
5
7
9
12
17
20
22
0
0
0
0
0
0
0
30
33
36
0
0
0
0
0
1
14
22
25
27
0
0
0
0
1
2
10
16
17
24
0
1
4
7
9
11
24
33
36
39
0
0
1
2
4
5
13
18
21
22
0
1
2
5
7
8
10
15
19
22
0
0
0
3
5
6
9
15
17
20
0
0
0
0
1
2
13
24
27
28
0
0
0
0
0
0
0
2
5
9
0
0
0
0
0
0
0
0
0
0
3
8
11
14
16
18
19
24
27
30
11
16
19
22
24
25
29
39
42
43
7
12
14
16
18
20
22
27
29
31
14
17
20
22
23
24
25
30
33
35
10
17
20
21
23
24
28
39
42
43
0
9
12
14
17
19
20
25
28
30
0
5
8
11
15
17
18
23
26
32
0
3
6
7
9
10
28
36
39
40
5
10
13
18
20
22
23
28
31
34
3
8
9
12
14
15
17
22
23
26
9
14
17
19
21
23
26
36
39
41
7
11
14
15
17
18
19
23
26
30
7
16
19
20
22
23
24
29
32
34
1
4
7
9
10
11
15
32
35
37
12
16
18
21
22
23
25
31
33
36
4
9
12
14
15
17
18
27
30
32
17
25
28
30
31
33
34
39
42
44
5
11
12
21
23
24
26
31
32
35
4
8
11
12
14
15
16
20
23
24
7
12
13
16
18
19
21
26
27
31
6
10
14
17
18
19
21
28
30
33
1
6
9
10
12
13
24
33
36
37
4
7
11
12
16
18
19
22
25
28
7
12
15
19
21
22
23
28
31
32
8
13
16
18
21
22
27
36
39
40
0
5
7
9
11
13
15
20
22
24
2
7
10
16
19
21
23
33
36
41
2
7
8
11
13
14
16
22
24
29
2
7
8
13
15
16
18
23
24
27
5
12
15
17
19
21
22
27
30
32
45
