time_cost:266141ms
ontime_proportion:0.880000
max_delay:16
avg_delay:1.240000
avg_flowtime:22.640000
object function value:954.666667
0
0
0
0
0
1
3
9
12
16
18
0
0
0
0
0
0
0
0
2
6
0
0
0
0
0
0
0
0
5
7
0
0
0
0
0
1
11
15
19
22
0
0
0
0
0
0
0
2
3
5
0
0
1
3
6
8
25
29
35
37
0
0
0
2
4
6
7
11
14
20
0
0
0
0
0
0
0
0
2
3
0
0
0
4
6
7
10
14
18
20
0
0
0
0
0
0
0
0
3
10
0
0
0
0
0
0
0
0
0
0
0
0
0
3
4
6
7
12
15
18
0
0
0
0
0
1
10
14
17
20
0
0
0
0
0
0
0
1
3
5
0
0
0
2
4
5
8
12
15
17
0
0
0
0
1
3
11
15
18
20
0
3
6
8
10
12
25
29
36
38
0
0
0
0
1
3
10
15
18
21
0
0
0
0
0
0
0
0
0
0
0
0
0
0
0
0
22
27
32
35
6
11
13
15
18
19
21
26
27
31
0
3
4
9
11
13
14
17
18
20
2
7
13
16
18
19
20
25
26
29
2
6
9
11
13
14
15
19
25
28
4
9
11
13
14
16
18
23
25
27
5
10
11
14
15
16
17
22
23
26
14
18
21
23
25
27
28
32
36
38
5
8
11
14
16
18
19
22
23
25
9
14
16
18
20
21
23
28
34
36
5
8
9
11
13
15
16
19
20
22
22
25
30
31
32
33
35
38
40
41
7
10
11
13
16
18
19
22
23
27
14
19
28
30
31
33
35
40
42
44
12
17
27
30
31
32
33
38
39
42
4
9
10
13
14
15
16
21
22
25
9
12
14
16
18
20
21
24
26
28
22
26
30
32
34
36
37
41
42
44
5
10
11
14
15
16
17
22
23
26
1
6
8
10
11
13
26
31
37
39
1
7
18
20
22
23
24
28
32
34
8
12
15
18
20
22
23
27
29
33
7
11
13
15
19
21
22
26
27
30
1
4
5
7
9
11
22
25
31
33
1
4
6
7
8
9
11
14
17
18
12
16
20
23
25
27
28
32
33
36
5
9
13
15
17
18
19
23
26
28
18
23
28
31
33
35
36
40
41
44
2
7
8
11
12
13
14
19
20
23
2
6
9
13
15
16
17
21
24
26
2
5
7
8
9
10
19
22
31
32
46
