time_cost:280947ms
ontime_proportion:1.000000
max_delay:0
avg_delay:0.000000
avg_flowtime:20.320000
object function value:-322.666667
0
0
0
0
0
1
3
7
11
14
17
0
0
0
0
0
0
9
15
17
20
0
0
0
0
0
2
9
14
16
18
0
0
0
0
0
0
0
0
0
1
0
0
1
2
3
4
16
19
21
22
0
0
0
0
0
0
0
3
5
6
0
0
0
0
0
0
0
0
1
3
0
0
0
0
0
0
0
0
0
0
0
0
0
0
0
0
0
0
0
0
0
0
0
0
0
1
7
11
12
18
0
0
0
0
0
0
0
0
2
5
0
0
0
0
1
3
14
20
22
26
0
0
0
0
0
0
0
0
0
0
0
0
0
0
0
0
8
12
13
15
0
0
0
0
2
4
10
13
20
23
0
0
0
0
0
0
0
0
3
5
0
0
0
1
3
5
10
14
17
22
0
1
2
4
12
14
22
25
26
28
0
1
2
4
6
8
9
13
15
18
0
1
4
6
8
9
10
14
18
20
0
3
5
6
7
8
10
13
15
16
2
5
6
8
10
12
13
16
17
19
12
17
21
23
25
26
27
31
34
36
7
10
14
15
17
18
20
23
27
28
5
10
12
14
15
17
20
27
29
31
4
9
11
13
14
16
19
24
26
28
1
5
6
9
11
13
14
18
19
24
1
4
6
7
8
9
11
15
20
21
1
6
7
9
12
13
15
20
21
25
13
16
17
19
21
23
25
28
31
33
12
16
17
19
20
21
22
26
27
29
4
7
10
11
12
13
19
22
25
26
6
10
13
16
18
20
21
25
26
29
0
5
7
10
16
18
25
30
32
36
4
9
10
13
14
15
16
21
22
25
1
4
5
7
9
11
19
22
24
26
4
7
8
13
15
17
18
21
22
24
0
3
5
6
7
8
11
14
16
17
0
5
6
8
10
12
16
20
22
25
8
12
15
17
19
20
21
25
28
30
5
9
12
14
17
19
20
24
25
27
7
12
14
17
18
20
21
26
28
31
4
8
10
15
17
19
24
28
31
33
14
17
19
21
23
25
26
29
30
32
3
7
8
10
11
12
17
21
24
26
2
7
9
12
13
15
16
21
23
26
12
17
19
21
22
24
26
31
33
35
5
8
9
11
13
15
16
19
20
22
0
5
7
8
9
10
17
21
23
24
5
10
11
15
16
17
18
23
24
27
38
