time_cost:284360ms
ontime_proportion:0.980000
max_delay:4
avg_delay:0.080000
avg_flowtime:21.740000
object function value:-75.333333
0
0
0
0
0
0
0
17
20
22
23
0
0
0
0
0
1
14
18
20
22
0
0
0
2
4
5
10
14
17
19
0
0
0
0
0
0
9
13
14
16
0
0
0
0
0
0
0
2
4
7
0
0
0
0
0
0
0
0
2
3
0
2
4
6
7
8
17
20
22
25
0
0
0
0
1
2
11
15
17
20
0
0
0
0
0
0
0
0
0
1
0
0
0
0
0
0
0
0
0
2
0
0
0
0
0
1
13
17
19
23
0
4
6
7
9
11
12
17
19
21
0
0
0
0
0
1
17
22
25
27
0
0
0
0
0
0
0
2
3
5
0
0
0
0
0
3
13
18
21
24
0
0
0
0
0
0
17
22
24
25
0
0
0
0
1
4
18
21
24
26
0
0
2
4
5
6
11
16
22
24
0
0
1
3
5
6
10
15
16
19
6
10
11
13
16
18
20
24
25
27
5
9
11
15
17
18
20
24
26
28
3
6
8
10
11
12
14
17
19
21
0
3
5
7
8
9
11
14
16
18
2
5
6
9
12
18
20
23
26
28
3
8
10
12
13
14
16
21
23
25
9
13
15
16
18
20
22
26
28
29
5
10
12
14
15
16
19
24
26
28
4
8
9
11
13
14
15
19
20
22
3
8
10
12
13
18
20
25
27
29
0
4
6
7
9
10
12
16
18
21
6
11
13
14
16
20
21
26
28
29
5
10
12
14
15
16
18
23
25
27
0
5
7
9
10
12
14
20
23
25
8
12
14
15
16
21
23
26
28
29
0
6
8
10
11
14
16
19
21
23
8
11
14
18
20
23
24
27
28
31
2
6
7
9
11
13
14
18
19
22
2
7
12
14
18
20
22
26
29
31
6
11
13
14
18
20
21
28
31
32
11
15
18
20
21
24
26
29
31
33
4
8
9
13
15
16
18
22
23
25
8
12
15
18
20
22
24
27
30
32
1
4
6
8
9
10
12
15
17
19
8
13
15
17
18
22
24
29
31
33
2
5
6
8
9
11
13
16
17
19
5
9
10
12
14
15
16
20
21
23
8
11
13
15
17
21
23
26
28
30
2
6
8
9
11
12
14
18
20
21
5
8
11
13
14
16
18
21
24
26
10
13
15
17
19
23
25
28
30
32
34
