time_cost:312889ms
ontime_proportion:1.000000
max_delay:0
avg_delay:0.000000
avg_flowtime:18.480000
object function value:-384.000000
0
0
0
0
0
0
0
0
0
0
0
0
0
0
0
0
0
0
0
0
0
0
0
0
0
0
2
9
12
16
18
0
0
0
0
0
0
13
17
19
21
0
3
4
7
9
10
13
16
19
22
0
0
0
0
0
0
2
5
10
12
0
0
0
0
0
1
3
6
7
9
0
0
0
0
0
2
9
13
16
18
0
0
0
0
0
1
10
13
15
18
0
0
0
0
0
0
0
0
1
2
0
0
0
2
4
5
6
10
11
13
0
5
7
10
11
12
14
19
21
23
0
0
0
0
0
0
0
0
0
0
0
0
0
0
0
0
0
0
1
3
0
0
0
0
0
0
0
1
2
4
0
0
0
0
0
0
0
2
4
6
0
0
0
0
0
0
0
0
0
1
0
0
0
0
0
0
0
0
0
0
0
0
0
0
1
3
8
11
13
19
0
0
0
0
0
0
0
0
0
0
4
7
10
12
13
15
17
20
23
25
5
8
9
11
12
14
16
19
20
24
0
5
7
9
10
11
13
18
20
22
2
7
9
10
12
14
15
20
22
24
7
11
13
15
17
18
19
23
25
27
5
8
10
13
15
16
18
21
23
25
1
4
5
14
16
17
18
21
22
25
5
9
11
13
15
17
19
23
25
26
4
9
11
13
14
15
17
22
24
26
2
6
8
9
11
13
15
20
22
23
9
13
15
16
18
19
21
25
27
28
10
13
15
18
20
21
22
25
28
31
7
10
14
16
17
19
21
24
27
29
5
10
12
14
16
18
20
25
27
29
3
7
8
10
14
16
17
21
26
30
5
9
12
14
16
17
19
23
24
27
7
10
12
13
17
22
24
27
29
30
1
4
12
16
18
20
21
24
25
28
11
15
18
19
22
24
26
29
31
32
1
5
7
8
10
11
13
17
19
20
6
11
13
15
16
19
21
26
28
30
0
3
4
9
11
13
14
17
22
25
11
15
16
18
19
21
23
26
29
31
2
5
6
11
14
15
16
19
20
23
7
12
14
16
19
21
22
27
29
31
10
14
18
19
21
22
24
28
31
32
3
7
9
11
13
14
15
19
20
22
8
12
15
17
19
21
23
26
27
29
0
3
4
7
9
10
14
17
28
31
12
16
18
20
21
23
25
28
31
33
34
