time_cost:312058ms
ontime_proportion:0.880000
max_delay:7
avg_delay:0.460000
avg_flowtime:20.740000
object function value:891.333333
0
0
0
0
0
0
0
0
0
0
1
0
0
1
4
5
6
11
15
17
20
0
0
0
0
0
0
10
16
20
21
0
0
1
4
6
7
11
16
20
23
0
0
0
0
0
0
0
0
0
1
0
0
0
0
0
0
0
0
2
4
0
0
0
0
0
0
0
0
1
2
0
0
0
1
3
4
11
17
20
21
0
0
0
0
0
0
0
0
0
0
0
3
5
8
9
10
12
15
17
20
0
3
4
7
9
10
12
17
18
21
0
0
0
0
0
0
0
1
4
6
0
0
0
0
0
0
0
0
0
1
0
0
0
0
0
0
0
0
0
1
0
0
0
0
0
0
0
0
2
4
0
0
0
1
2
3
13
17
19
23
0
0
0
0
0
0
0
1
4
6
0
0
0
0
0
0
1
4
18
20
0
0
0
0
0
0
0
0
1
2
0
0
0
0
0
0
12
18
23
24
13
19
22
23
25
26
27
30
33
34
8
11
14
16
18
19
20
23
26
27
4
9
12
13
15
16
17
22
25
26
6
11
13
19
21
22
24
29
30
33
11
17
19
22
23
24
26
30
32
35
3
6
9
10
12
13
14
18
21
22
2
5
7
10
11
12
14
21
23
26
5
8
11
12
14
15
16
19
22
23
8
13
16
18
19
20
21
24
27
29
0
5
6
9
11
12
14
19
21
25
1
4
7
9
10
12
13
21
24
26
5
10
11
14
16
17
19
24
25
28
6
12
15
17
19
21
22
27
30
32
3
8
10
13
15
17
19
24
26
28
1
6
9
10
12
14
15
20
23
24
4
9
10
13
15
16
18
23
24
31
7
12
15
17
19
21
22
27
30
34
5
10
11
14
17
19
21
26
27
30
6
11
12
15
17
18
20
27
28
31
3
10
13
15
20
22
23
28
31
33
8
14
15
18
21
22
24
30
31
35
10
13
16
19
20
21
22
25
28
30
2
7
9
11
13
15
17
22
24
26
3
8
11
14
16
18
19
24
27
30
1
6
7
10
12
13
15
20
21
24
9
15
18
19
22
23
24
29
32
33
9
14
17
19
21
24
25
30
33
35
8
11
14
15
17
19
20
25
28
29
1
4
8
17
18
22
24
28
30
33
0
3
6
9
10
11
16
26
29
31
37
