time_cost:350983ms
ontime_proportion:0.900000
max_delay:16
avg_delay:1.040000
avg_flowtime:22.440000
object function value:748.000000
0
0
0
0
0
2
4
5
11
13
15
0
0
0
0
0
2
12
15
17
19
0
0
0
0
0
0
0
1
3
5
0
0
0
0
1
3
30
35
37
40
0
0
0
0
0
1
8
12
15
25
0
0
0
0
0
0
21
26
29
34
0
0
0
0
0
0
0
0
0
0
0
0
0
0
0
0
0
0
0
3
0
0
0
0
0
0
0
0
1
3
0
0
0
0
0
0
0
3
4
7
0
0
0
0
0
1
33
38
42
45
0
0
1
3
5
7
9
13
14
19
0
0
2
5
6
8
9
14
16
21
0
0
0
0
0
0
0
0
0
2
0
0
0
0
2
3
8
12
15
20
0
0
0
0
0
0
0
0
0
1
0
0
0
0
0
1
6
11
13
14
0
0
0
0
0
0
1
4
5
9
0
2
3
5
7
8
30
35
36
38
0
0
0
0
0
0
0
1
3
4
0
5
6
9
10
11
12
17
18
22
23
27
30
32
34
35
36
40
43
45
4
9
11
12
13
14
16
19
22
23
12
17
19
22
23
24
25
30
32
35
25
29
30
32
33
34
35
39
41
43
3
6
8
9
10
11
13
16
18
19
15
20
28
30
32
34
35
39
40
42
13
17
21
23
25
26
29
33
37
39
12
17
19
21
22
24
26
31
35
37
5
10
12
14
16
18
20
25
27
29
8
13
17
20
21
25
28
33
35
38
4
8
11
13
15
16
17
21
24
26
0
4
5
7
8
9
27
31
33
35
3
7
12
14
16
17
18
22
25
27
3
7
8
10
12
14
15
19
20
22
22
25
26
28
30
32
35
38
40
42
4
8
9
12
14
16
17
21
22
25
7
12
15
17
18
20
31
36
39
41
4
8
11
15
17
18
19
23
26
28
2
5
6
8
10
12
13
16
18
20
5
10
13
19
20
21
22
26
27
33
4
9
10
13
14
15
16
21
22
25
19
23
24
26
28
30
31
36
38
40
25
28
32
33
34
35
38
41
44
45
7
12
13
15
17
18
20
25
26
28
8
13
14
17
19
22
33
38
42
44
7
12
14
17
18
20
21
26
31
34
10
15
16
18
20
21
25
30
34
36
1
4
5
7
11
13
14
17
19
24
4
8
11
17
19
20
21
25
28
30
47
