time_cost:865ms
ontime_proportion:0.740000
max_delay:14
avg_delay:1.620000
avg_flowtime:26.800000
object function value:2493.333333
0
0
0
0
0
0
0
17
33
35
37
0
0
0
0
0
0
0
0
3
5
0
0
0
0
0
0
0
2
3
6
0
0
0
0
0
1
14
27
30
32
0
0
0
0
1
3
23
30
33
36
0
0
0
0
1
2
20
28
31
33
0
0
1
3
5
6
20
31
33
38
0
0
0
0
1
3
14
21
22
24
0
0
0
2
4
5
13
20
25
27
0
0
0
7
9
11
14
30
32
42
0
0
0
0
0
0
11
21
24
30
0
0
0
0
0
0
0
0
3
8
0
0
0
1
3
4
11
17
19
24
11
18
21
24
26
28
29
32
35
38
0
0
0
0
0
0
0
0
2
5
0
0
0
0
0
0
13
24
27
30
0
0
1
3
4
6
15
22
27
29
0
0
0
0
2
4
15
28
31
33
0
0
0
0
0
0
7
12
15
17
0
2
5
7
9
10
11
15
18
22
3
10
12
18
20
21
23
28
30
32
8
13
15
22
24
25
27
32
34
36
1
9
10
11
13
14
15
20
21
22
0
12
14
15
17
18
19
24
26
27
3
8
10
12
14
15
17
22
24
26
2
7
9
16
18
19
21
26
28
30
4
8
11
13
15
16
17
21
24
28
1
4
7
8
9
11
12
15
18
19
5
10
12
14
16
19
21
26
28
34
2
5
8
11
13
15
16
19
22
25
11
17
20
21
23
25
26
30
33
34
0
3
4
6
7
9
11
20
21
23
8
13
16
17
21
23
24
28
31
32
6
11
13
16
18
21
24
31
32
33
8
17
19
21
23
25
26
35
38
40
3
6
9
10
11
13
14
17
20
21
10
19
22
25
26
27
28
35
37
40
9
14
17
20
22
24
25
33
36
39
1
4
5
7
8
10
12
16
17
19
1
6
8
10
11
12
13
18
20
22
6
12
14
20
22
23
25
33
35
40
8
12
14
16
17
19
21
24
25
27
6
12
13
14
16
17
18
23
24
25
9
15
17
19
23
24
25
31
33
34
4
9
12
15
17
19
20
25
28
30
3
8
11
13
15
17
18
23
26
28
6
9
12
13
14
16
17
20
23
24
2
6
9
15
17
18
19
23
26
28
5
11
14
17
19
21
22
25
28
31
8
14
17
18
21
23
24
27
30
31
44
