time_cost:320853ms
ontime_proportion:0.860000
max_delay:17
avg_delay:1.480000
avg_flowtime:26.720000
object function value:1290.666667
0
0
0
0
0
2
4
11
17
20
23
0
0
0
0
0
1
9
16
19
21
0
0
0
0
0
0
9
15
18
20
0
0
0
0
0
0
10
17
20
21
0
0
0
0
0
0
14
24
27
29
0
0
0
0
0
0
0
12
14
18
0
0
0
0
0
0
12
19
21
23
0
0
0
0
0
0
12
20
22
28
0
0
0
0
1
3
19
32
35
38
0
0
0
0
1
2
15
29
32
34
0
0
0
0
2
3
15
32
35
36
0
0
0
0
0
0
0
0
2
4
0
0
0
0
0
0
0
2
4
7
0
0
0
0
0
1
13
18
23
26
0
0
0
0
0
0
0
0
3
6
0
0
3
4
6
7
12
20
23
28
0
0
0
1
3
5
9
16
18
20
0
0
0
0
0
0
0
0
0
0
0
0
0
0
0
0
0
0
0
2
0
0
0
0
0
0
6
10
12
16
5
8
11
13
15
17
18
24
27
30
15
27
30
31
33
34
35
40
43
44
8
15
16
19
21
22
24
35
36
39
17
30
33
34
36
37
38
41
44
45
3
8
11
13
14
16
17
22
25
27
8
14
17
19
20
22
23
29
32
35
2
5
8
10
11
12
13
17
20
22
8
13
16
21
23
25
26
31
34
37
1
6
9
11
13
15
22
36
39
41
14
24
27
30
32
34
35
40
43
46
0
3
5
8
10
11
20
33
37
40
5
12
15
16
18
19
20
30
33
34
4
11
14
16
18
20
21
26
29
31
4
9
12
14
15
17
18
27
30
32
5
10
13
14
16
17
18
23
26
27
9
14
17
18
20
21
22
27
30
36
4
9
12
15
19
21
22
33
36
39
0
3
6
7
9
10
14
21
24
26
2
7
9
11
13
15
17
22
24
26
17
29
32
34
36
38
39
44
47
49
12
21
24
27
29
31
32
37
40
43
19
32
35
37
38
39
40
43
46
48
0
3
6
8
9
10
11
18
21
23
9
20
23
25
26
28
29
38
41
43
7
13
14
17
19
21
23
28
29
32
7
14
17
19
21
23
24
35
39
41
0
5
6
9
11
12
14
19
20
23
2
7
10
12
13
15
16
23
26
28
3
12
15
17
18
20
21
26
29
33
4
11
13
15
17
19
21
26
28
30
51
