time_cost:361476ms
ontime_proportion:1.000000
max_delay:0
avg_delay:0.000000
avg_flowtime:19.220000
object function value:-359.333333
0
0
0
0
0
0
0
0
0
0
0
0
0
0
0
0
0
0
0
0
0
0
0
0
0
0
2
9
12
16
21
0
0
0
0
0
0
11
15
17
19
0
3
4
7
9
10
14
17
21
25
0
0
0
0
0
0
8
12
15
17
0
0
0
0
0
1
14
17
19
21
0
0
0
0
0
2
8
13
16
20
0
0
0
0
0
1
8
13
17
19
0
0
0
0
0
0
0
0
1
2
0
0
0
2
4
5
12
17
19
23
0
5
7
9
10
11
13
18
20
22
0
0
0
0
0
0
0
0
0
0
0
0
0
0
0
0
0
0
1
3
0
0
0
0
0
0
0
1
2
4
0
0
0
0
0
0
0
2
4
6
0
0
0
0
0
0
0
0
0
1
0
0
0
0
0
0
0
0
0
0
0
0
0
0
1
3
11
16
18
20
0
0
0
0
0
0
0
0
0
0
5
10
13
15
16
22
24
27
30
32
5
8
10
12
17
20
22
25
27
29
8
13
15
17
18
20
22
27
29
31
2
7
9
10
12
14
15
20
22
23
7
11
12
14
16
18
19
23
25
27
2
5
7
9
10
11
13
16
18
20
5
8
10
13
15
17
18
21
24
27
4
8
10
11
13
14
16
20
22
23
4
9
11
13
14
16
18
23
25
27
2
7
9
12
14
16
18
22
24
28
1
5
7
10
12
13
15
19
21
25
3
6
7
10
13
15
16
19
22
25
6
9
13
15
16
18
20
23
27
29
0
5
7
9
10
11
13
18
20
22
7
11
14
16
19
21
22
26
29
31
3
7
8
10
14
15
17
21
23
25
6
10
12
14
15
19
21
24
26
27
5
10
11
15
17
18
19
22
23
27
11
15
18
19
20
22
24
27
31
32
1
7
9
10
12
15
17
22
25
26
0
5
7
9
11
13
15
20
22
24
0
3
4
7
9
10
11
15
16
20
1
4
5
7
8
10
12
15
16
18
5
9
10
13
15
17
18
21
22
25
8
12
13
18
20
21
22
26
27
29
8
13
15
16
18
19
21
25
27
28
8
12
14
16
18
22
23
27
28
30
5
9
10
12
13
18
20
23
25
27
0
3
4
7
10
12
19
22
28
31
9
12
13
16
19
22
24
27
29
31
33
