time_cost:927ms
ontime_proportion:0.800000
max_delay:10
avg_delay:1.100000
avg_flowtime:23.220000
object function value:1774.000000
0
0
0
0
0
0
0
13
19
27
30
0
0
0
0
0
0
0
0
0
0
0
0
1
4
5
7
8
13
16
19
0
1
3
4
5
7
29
32
36
37
0
0
0
1
2
4
9
14
28
31
0
0
0
0
0
0
0
0
1
2
0
0
0
1
3
4
19
24
26
28
0
0
0
0
0
0
0
1
2
4
0
0
0
0
0
0
12
16
21
22
0
0
0
1
8
10
18
21
27
30
0
4
5
6
7
8
9
13
15
16
0
0
0
1
2
4
8
11
13
16
0
0
0
0
0
0
0
3
5
6
0
0
0
1
2
4
10
14
18
22
0
1
2
5
6
8
10
14
16
19
0
0
0
0
0
1
11
16
22
25
0
0
0
0
0
0
0
0
0
0
0
0
2
3
4
6
9
12
16
17
0
0
0
0
0
0
0
2
3
5
0
0
0
0
1
3
21
32
36
39
12
17
19
21
25
26
27
32
35
37
2
5
6
9
11
12
13
16
19
22
5
9
12
14
15
17
18
22
25
27
16
21
22
24
25
27
28
34
37
39
5
10
11
13
14
16
17
22
23
25
4
11
13
15
17
18
19
24
26
34
0
4
5
7
8
9
30
34
37
38
4
8
11
13
14
16
17
21
28
30
3
6
7
10
11
13
14
17
18
21
8
12
14
15
17
18
19
23
24
25
0
5
8
11
13
15
16
21
24
27
6
9
11
14
15
17
18
22
27
30
2
7
8
10
11
13
14
19
20
22
0
3
5
7
9
10
16
19
24
30
5
8
11
12
17
19
21
24
27
28
4
10
11
13
21
23
24
29
33
35
9
12
13
16
21
23
24
27
30
33
4
9
11
14
16
17
18
23
25
29
12
15
21
24
26
27
28
31
33
36
3
8
9
11
12
14
15
20
21
23
6
11
14
16
18
20
21
26
28
30
9
13
16
19
20
21
23
27
30
33
11
16
17
19
23
25
26
31
33
35
1
4
6
7
8
10
12
15
17
18
7
11
13
16
18
19
20
23
24
27
4
7
10
11
23
25
27
30
35
36
7
12
15
18
19
21
22
27
30
33
1
5
6
11
13
14
15
18
21
32
2
6
9
11
12
14
15
19
22
24
1
4
6
9
11
12
14
17
19
24
40
