time_cost:283022ms
ontime_proportion:0.900000
max_delay:6
avg_delay:0.340000
avg_flowtime:23.460000
object function value:782.000000
0
0
0
1
4
5
7
21
26
30
33
0
0
0
1
2
4
16
24
28
29
0
0
0
1
2
3
12
16
17
18
0
0
0
0
0
0
10
14
16
25
0
0
0
0
0
0
0
0
4
7
0
0
0
0
0
0
11
21
25
29
0
0
0
2
4
5
11
19
23
25
0
0
0
0
0
0
0
0
0
3
0
0
0
0
1
2
9
18
19
22
0
0
3
6
7
9
13
26
29
32
0
0
0
0
0
0
0
0
1
4
0
0
0
0
0
0
0
2
4
6
0
0
0
0
0
0
0
0
0
0
0
0
2
4
6
7
16
21
23
25
0
2
3
6
7
9
21
24
25
28
0
0
0
0
1
2
4
8
11
15
0
3
6
8
9
11
12
16
19
21
0
0
0
0
0
0
8
15
21
24
0
0
0
2
3
4
10
15
20
21
0
0
0
0
0
1
3
8
9
10
1
7
10
13
14
16
17
22
25
30
0
5
8
11
12
14
19
24
27
30
5
11
12
13
14
15
16
20
21
22
9
14
16
18
19
21
22
27
28
30
3
9
13
15
16
18
19
23
27
29
11
16
21
24
25
27
28
33
36
39
5
10
11
14
16
17
18
21
24
27
0
4
7
9
11
14
16
25
28
30
2
7
8
10
11
13
14
19
20
22
4
9
11
13
15
16
17
22
24
26
1
5
8
11
12
13
15
19
22
25
3
10
13
15
17
18
24
29
32
34
8
13
16
22
24
25
26
29
30
33
9
12
13
16
18
19
20
23
24
27
5
11
14
17
18
20
21
26
32
34
7
11
14
20
22
23
25
28
30
32
7
14
17
19
20
22
23
30
33
35
13
17
18
21
22
24
25
28
29
32
9
13
16
17
21
22
27
31
34
35
6
9
11
18
21
22
24
29
32
34
5
8
10
14
16
17
27
30
34
36
2
6
8
9
10
12
14
17
19
20
8
12
13
14
15
16
17
21
22
23
2
5
6
9
11
12
13
16
17
20
2
6
7
8
9
10
15
19
22
23
7
11
14
16
17
19
20
24
27
29
6
12
15
17
18
20
21
29
32
36
0
3
5
7
9
10
12
19
21
27
8
13
15
17
19
21
23
28
30
32
12
15
18
21
23
24
26
29
33
36
40
