time_cost:328215ms
ontime_proportion:0.900000
max_delay:9
avg_delay:0.580000
avg_flowtime:23.080000
object function value:769.333333
0
0
0
0
0
0
0
0
0
0
0
0
0
0
0
0
0
0
0
0
1
0
0
0
0
0
0
0
0
2
4
0
0
0
0
0
0
0
2
3
6
0
0
0
0
0
0
1
19
21
28
0
0
0
0
0
2
18
32
36
38
0
0
0
1
2
4
12
20
24
26
0
0
0
0
0
0
0
1
2
3
0
0
0
0
0
0
0
0
0
1
0
0
0
0
0
0
12
15
26
29
0
0
0
0
1
2
10
15
18
22
0
0
1
2
3
5
15
18
22
23
0
0
0
0
0
0
0
0
0
1
0
0
0
0
0
0
0
0
3
6
0
0
0
1
2
3
11
16
21
24
0
1
4
5
6
8
16
22
26
27
0
1
3
5
7
8
10
22
24
26
0
4
6
8
10
12
13
18
20
22
0
0
1
4
5
7
13
17
30
33
0
0
0
0
0
2
9
20
23
26
0
4
7
9
11
13
14
19
22
24
8
15
18
20
22
23
24
30
33
35
9
14
16
19
21
23
24
31
35
37
13
16
19
22
23
25
26
33
34
37
7
10
11
14
16
17
18
21
23
26
2
7
11
14
15
17
18
23
26
29
7
11
14
16
17
19
20
24
27
29
8
12
17
19
20
22
23
27
33
35
0
5
8
11
13
15
18
30
33
36
5
10
14
17
18
20
21
27
30
33
4
7
8
11
13
14
15
18
20
23
3
8
10
12
14
15
16
21
23
27
4
8
12
16
17
18
20
24
29
32
0
3
5
7
9
10
12
17
19
24
5
10
13
15
16
18
19
23
26
28
2
7
11
15
16
18
19
24
27
30
5
8
9
12
14
15
16
22
25
28
0
3
4
7
8
10
12
17
20
23
1
5
8
10
11
13
14
19
25
27
9
13
16
19
20
21
23
29
32
36
5
9
10
11
12
13
14
18
19
20
0
5
9
11
13
14
15
20
23
25
2
5
6
9
11
12
17
21
28
31
9
16
18
20
22
23
25
28
30
33
3
7
8
9
10
11
12
16
17
18
7
12
15
18
20
22
23
28
32
35
8
13
16
19
20
22
23
28
31
34
7
13
15
17
19
20
21
26
28
30
5
10
11
12
13
14
15
19
20
21
4
10
13
16
18
20
21
26
29
32
39
