time_cost:25797ms
ontime_proportion:0.740000
max_delay:19
avg_delay:2.640000
avg_flowtime:27.880000
object function value:2529.333333
0
0
0
0
0
2
4
10
17
20
25
0
0
0
0
0
1
21
43
46
48
0
0
0
0
0
0
15
35
38
40
0
0
0
0
0
0
9
14
17
20
0
0
0
0
0
0
17
37
40
42
0
0
0
0
0
0
0
5
7
9
0
0
0
0
0
0
14
33
35
37
0
0
0
0
0
0
14
21
23
26
0
0
0
0
1
2
11
15
18
20
0
0
0
0
1
3
14
18
23
25
0
0
0
0
2
3
15
30
33
34
0
0
0
0
0
0
0
0
2
4
0
0
0
0
0
0
0
2
4
7
0
0
0
0
0
1
10
17
18
21
0
0
0
0
0
0
0
0
3
6
0
0
3
4
6
7
15
21
25
26
0
0
0
1
3
5
11
20
22
24
0
0
0
0
0
0
0
0
0
0
0
0
0
0
0
0
0
0
0
1
0
0
0
0
0
0
16
35
37
40
7
18
21
23
24
25
26
32
35
37
8
20
23
24
26
27
28
40
43
44
3
10
11
14
16
17
19
24
25
28
0
3
6
7
10
11
13
20
23
24
3
8
11
13
14
16
17
23
26
30
3
6
9
11
12
13
15
29
32
34
14
23
26
28
29
30
31
34
37
39
5
10
13
16
18
20
21
26
29
33
1
6
9
11
13
15
16
21
24
26
8
17
20
23
25
27
28
37
40
43
0
3
5
8
9
10
12
15
17
20
6
14
17
18
20
21
22
27
30
31
4
9
12
14
16
18
19
24
27
29
7
14
17
19
20
22
23
29
32
34
6
12
15
16
19
21
22
27
30
31
8
12
15
16
20
21
22
27
31
32
13
25
28
31
33
35
36
41
44
47
11
17
20
21
23
24
25
32
35
36
2
7
9
11
13
15
17
22
24
26
1
9
12
14
16
18
19
30
33
35
6
11
14
18
21
23
24
40
43
49
8
12
15
17
18
19
20
26
29
31
0
3
6
8
9
10
11
17
20
22
3
8
11
13
14
16
17
31
34
36
5
11
12
16
18
19
21
26
27
31
11
23
26
28
30
32
33
38
41
43
0
5
6
9
11
12
18
24
28
31
2
7
10
12
22
24
25
43
46
48
3
11
14
16
17
19
20
28
31
33
10
15
17
19
21
23
25
30
32
34
51
