time_cost:335899ms
ontime_proportion:0.840000
max_delay:10
avg_delay:0.960000
avg_flowtime:24.840000
object function value:1428.000000
0
0
0
0
0
0
0
0
2
5
7
0
0
0
2
3
5
10
16
20
22
0
0
0
3
4
5
13
18
20
23
0
0
0
0
0
0
17
27
30
32
0
0
0
1
3
4
14
19
22
23
0
0
0
0
0
0
0
0
0
0
0
0
0
0
0
1
3
9
11
26
0
0
0
0
0
1
15
21
24
26
0
0
0
0
1
2
11
16
21
24
0
0
0
0
0
1
14
21
24
25
0
0
0
0
0
0
0
0
0
0
0
0
0
0
0
0
0
0
3
4
0
2
5
7
8
9
12
16
20
22
0
0
0
0
0
0
0
0
0
0
0
0
0
0
0
0
0
0
1
4
0
0
0
0
0
0
0
4
7
10
0
0
0
0
0
0
12
18
22
28
0
0
1
3
4
5
13
18
22
24
0
0
0
0
0
0
15
23
26
28
0
0
1
4
6
7
12
17
19
22
3
6
8
11
12
13
26
33
36
39
9
14
19
24
26
27
29
34
35
38
1
6
9
10
12
13
16
22
25
28
7
12
17
20
22
23
25
32
33
36
16
24
27
29
30
31
32
35
38
40
2
9
12
18
20
22
23
29
32
35
4
9
10
13
15
16
18
23
24
27
5
10
11
14
16
17
19
24
25
29
8
14
16
22
24
25
27
32
33
36
2
7
10
11
13
14
15
20
23
24
13
17
20
21
23
24
25
30
33
34
2
7
10
12
14
16
17
23
26
28
5
10
15
20
22
24
25
32
35
38
5
10
13
16
18
20
21
26
29
32
0
8
14
18
21
23
24
30
34
36
10
15
18
22
24
26
27
33
36
38
8
14
18
20
22
24
25
30
34
36
0
3
6
7
9
10
16
26
29
30
2
7
9
11
15
17
19
24
26
28
6
11
15
17
20
22
23
29
32
34
0
15
18
20
23
25
26
33
36
38
3
8
9
12
14
15
17
22
23
26
7
12
14
16
18
20
22
27
29
31
7
13
16
18
20
22
23
29
32
34
6
11
12
15
17
18
20
25
26
29
10
13
16
18
19
20
21
25
28
30
0
3
6
7
9
10
12
19
22
26
11
14
16
19
20
21
23
28
30
33
7
12
14
16
18
20
22
27
29
31
0
5
8
10
11
13
15
20
23
25
41
