time_cost:25507ms
ontime_proportion:0.780000
max_delay:7
avg_delay:0.960000
avg_flowtime:22.460000
object function value:1948.666667
0
0
0
0
0
0
0
0
0
2
5
0
0
2
3
4
6
24
27
33
34
0
0
0
0
0
0
0
0
28
31
0
0
0
0
0
0
9
14
21
25
0
0
0
0
0
0
0
0
1
4
0
0
0
0
0
1
25
29
34
35
0
0
0
1
3
4
8
13
15
17
0
0
0
0
0
0
8
13
15
17
0
1
2
5
7
8
13
16
17
21
0
0
1
3
5
6
22
27
31
33
0
0
0
0
0
0
0
0
3
5
0
0
0
0
0
0
0
0
0
2
0
2
3
6
8
9
21
25
27
30
0
0
0
2
3
5
13
18
22
26
0
0
0
0
0
0
17
22
30
32
0
0
0
0
1
2
12
15
16
19
0
0
0
0
0
0
0
0
0
0
0
0
0
0
0
0
0
0
0
0
0
0
0
0
1
3
13
16
24
25
0
0
0
0
0
0
0
0
0
0
9
13
18
20
21
22
23
27
30
31
11
16
18
20
22
23
24
29
33
35
9
15
20
22
23
25
26
30
35
37
3
8
10
12
14
15
16
21
23
25
4
7
8
11
12
14
15
18
19
22
5
10
13
16
17
19
20
25
29
32
1
4
5
8
10
11
12
15
19
22
9
12
15
18
19
21
22
27
28
31
4
9
10
12
13
15
16
21
22
24
8
11
13
15
18
19
21
24
26
28
1
4
5
8
10
11
23
26
30
33
0
3
4
7
9
10
16
19
22
25
4
7
9
11
13
14
16
19
21
23
13
18
27
28
29
30
31
35
36
37
4
8
9
10
11
12
13
17
20
21
4
9
12
15
16
18
19
24
27
30
10
13
15
16
19
21
27
30
35
36
8
11
13
17
19
20
22
25
27
30
4
9
10
13
17
19
20
25
28
30
8
13
16
19
20
22
23
28
31
35
7
10
12
13
14
16
18
21
23
24
3
9
11
13
16
17
18
23
25
27
0
3
6
10
12
13
24
27
32
35
0
3
7
10
11
13
14
17
18
22
3
8
9
11
12
14
15
20
21
23
4
8
11
13
14
16
17
21
24
26
4
10
11
14
15
17
18
23
24
26
0
3
4
7
8
10
11
14
15
19
7
12
13
15
16
18
19
24
25
27
0
5
6
8
9
11
12
17
19
21
38
