time_cost:26076ms
ontime_proportion:0.780000
max_delay:11
avg_delay:1.320000
avg_flowtime:23.880000
object function value:1996.000000
0
0
0
0
0
0
0
0
0
0
2
0
0
0
0
0
0
0
0
2
5
0
0
0
2
3
5
10
16
20
22
0
0
0
0
0
0
0
0
0
4
0
0
0
0
0
0
0
2
4
6
0
0
0
0
0
1
12
21
24
25
0
0
0
2
4
6
13
22
24
29
0
0
0
0
2
3
11
21
22
25
0
2
3
6
8
9
17
24
29
35
0
0
0
0
0
0
0
0
0
0
0
0
0
0
0
0
0
0
0
0
0
0
0
0
0
0
0
0
0
3
0
0
0
0
0
1
12
22
23
26
0
0
1
4
6
7
16
24
25
29
0
0
0
0
0
0
0
0
0
0
0
0
0
2
4
5
17
25
31
34
0
0
0
0
0
0
0
0
0
0
0
0
0
0
2
4
16
34
37
39
0
0
0
0
0
0
12
28
30
32
0
0
0
0
0
0
0
0
2
6
6
12
15
17
18
20
21
26
29
31
7
15
18
20
23
25
26
32
35
37
9
14
16
19
20
21
23
26
28
31
6
11
13
15
17
19
21
26
28
31
9
16
19
22
24
26
27
32
35
36
3
6
9
10
12
13
14
18
21
23
8
15
18
21
23
24
26
32
34
37
5
9
12
14
15
16
17
21
24
27
4
9
11
13
19
21
23
34
36
38
8
14
15
18
21
22
24
31
32
35
4
8
11
12
14
15
16
19
22
24
3
6
8
11
12
13
15
24
26
29
8
15
17
20
22
24
26
30
33
36
3
11
14
16
17
19
20
25
28
30
11
19
21
24
25
26
28
32
34
37
4
9
12
14
19
21
22
27
30
32
2
11
14
15
17
18
19
23
26
27
0
3
5
8
9
10
13
22
24
28
7
13
16
18
21
23
24
29
32
34
3
12
15
17
19
21
22
28
31
34
4
7
10
11
13
14
15
18
21
25
6
13
16
20
21
23
24
29
32
34
8
16
19
20
22
23
24
29
32
33
5
8
11
13
14
15
16
19
22
24
0
5
8
10
11
13
14
24
27
29
3
6
9
13
15
16
17
22
25
26
1
4
6
9
10
11
18
32
36
39
11
16
19
22
24
25
26
31
34
37
11
19
22
24
25
27
28
33
36
38
5
10
13
15
17
19
20
25
28
30
41
