time_cost:327508ms
ontime_proportion:0.860000
max_delay:15
avg_delay:1.340000
avg_flowtime:24.740000
object function value:1224.666667
0
0
0
0
0
0
0
0
2
5
7
0
3
4
7
9
10
12
17
18
22
0
0
0
0
0
0
20
34
36
40
0
1
4
5
7
8
14
24
27
28
0
0
0
0
0
0
0
0
0
0
0
0
0
0
0
0
10
15
20
24
0
0
0
0
0
0
10
17
23
28
0
0
0
0
0
0
0
0
0
0
0
5
8
9
11
12
13
19
22
23
0
0
3
5
8
10
25
33
36
38
0
0
0
0
0
1
10
15
18
20
0
0
0
0
0
0
0
0
0
1
0
0
0
0
0
0
0
0
0
0
0
0
0
0
0
0
8
14
17
26
0
1
3
6
7
8
11
17
19
22
0
0
0
0
0
0
0
0
1
4
0
0
0
0
0
0
0
0
1
2
0
4
6
8
10
15
17
22
24
27
0
0
0
0
0
0
0
0
3
5
0
0
0
0
1
2
14
21
24
26
9
14
17
18
20
21
22
30
34
35
1
4
7
9
10
11
27
36
39
41
17
25
28
30
31
32
33
36
39
42
2
7
10
12
13
14
15
19
22
24
5
10
11
20
22
23
25
30
31
34
0
3
5
10
12
13
15
18
20
23
1
6
7
10
12
13
15
20
21
24
6
9
12
13
15
16
17
21
24
25
12
24
27
28
30
31
32
39
42
43
7
11
14
15
17
18
19
22
25
26
3
8
10
12
14
16
18
23
25
27
3
8
11
18
20
22
23
28
31
34
3
6
9
11
12
13
14
19
22
24
10
17
20
22
24
26
27
33
36
41
0
5
8
9
11
12
13
18
21
24
6
12
13
17
19
20
22
29
31
34
14
27
30
31
33
34
35
40
43
44
9
14
17
19
21
23
24
30
33
37
2
5
8
12
13
14
15
20
23
25
5
11
14
16
18
20
21
26
29
31
5
11
14
16
17
19
20
25
28
30
8
14
15
18
20
21
23
28
29
32
4
10
13
16
18
19
21
28
29
32
10
16
19
20
22
23
26
36
39
40
8
11
16
18
19
20
21
24
27
29
2
7
10
13
15
17
18
28
31
36
3
8
12
14
15
17
18
23
26
29
4
11
15
19
20
22
23
31
34
36
5
10
11
15
17
18
20
27
28
31
9
13
16
19
23
24
28
39
42
44
46
