time_cost:359219ms
ontime_proportion:0.900000
max_delay:7
avg_delay:0.520000
avg_flowtime:22.500000
object function value:750.000000
0
0
0
0
2
4
6
10
15
18
22
0
0
0
0
0
0
0
0
0
1
0
0
0
0
0
0
0
0
1
4
0
0
0
0
0
0
0
0
0
3
0
0
0
0
0
0
0
0
0
0
0
0
0
0
0
0
0
2
3
5
0
0
0
0
0
0
11
17
22
24
0
0
0
0
0
0
16
19
20
23
0
2
4
6
7
8
14
20
22
24
0
0
0
0
0
0
0
0
0
4
0
0
0
0
0
1
11
18
20
22
0
0
0
0
0
0
0
0
3
5
0
0
0
0
0
0
0
0
1
5
0
0
0
0
2
4
11
18
21
23
0
3
5
6
8
9
15
21
23
24
0
0
0
0
0
0
0
0
1
7
0
0
2
3
4
6
19
22
25
26
0
0
0
0
0
1
12
18
19
24
0
0
0
1
3
4
13
19
22
26
0
0
0
1
2
4
17
20
23
24
6
11
13
15
16
17
18
23
25
27
6
14
17
20
22
24
25
30
33
35
8
13
14
15
17
18
20
25
27
30
11
16
17
18
20
22
24
29
30
31
0
15
18
20
22
24
25
30
33
35
3
8
9
10
12
13
15
20
21
22
1
6
8
10
12
13
16
21
24
28
3
7
10
12
14
15
16
20
23
25
10
15
17
19
20
21
22
28
30
32
6
13
16
18
21
23
25
30
33
35
5
10
12
14
16
17
20
28
30
32
1
6
7
8
10
11
12
17
18
19
8
13
14
15
17
18
19
25
26
27
5
10
13
15
17
19
20
25
28
30
3
6
7
9
10
12
16
19
20
22
7
12
15
17
19
21
22
27
30
32
0
7
9
10
12
13
20
25
27
29
9
12
15
18
20
22
23
26
29
32
1
6
9
11
13
15
17
22
25
27
7
12
15
17
19
20
21
25
28
32
6
11
13
14
16
17
18
23
26
27
5
15
18
19
21
23
24
27
30
33
1
6
7
8
11
12
13
18
19
28
0
5
6
9
10
11
16
21
24
29
11
17
19
22
24
25
26
31
32
35
2
7
10
12
14
16
25
30
33
35
0
7
9
12
14
17
26
31
33
35
5
9
12
17
19
20
21
25
28
30
6
11
12
13
15
16
19
24
25
26
11
14
15
17
18
20
23
26
27
29
37
