time_cost:286561ms
ontime_proportion:0.900000
max_delay:11
avg_delay:0.580000
avg_flowtime:21.600000
object function value:720.000000
0
0
0
0
0
0
0
0
1
3
4
0
3
5
8
9
11
12
17
19
22
0
0
0
0
0
0
28
32
36
39
0
0
0
0
0
0
0
0
0
0
0
0
0
2
3
4
19
23
26
28
0
0
0
0
0
0
0
0
2
4
0
0
0
0
0
0
0
0
0
0
0
0
0
0
0
0
1
4
17
22
0
0
0
0
0
0
0
1
2
13
0
0
0
0
0
0
0
0
1
4
0
0
0
0
0
0
0
0
0
1
0
3
4
9
15
17
18
22
23
26
0
0
0
0
0
0
0
0
0
1
0
0
1
5
7
9
10
14
15
18
0
0
0
3
5
7
9
13
15
20
0
1
3
4
5
6
11
14
19
21
0
0
0
0
0
0
8
13
14
17
0
0
0
0
0
0
0
0
1
2
0
2
5
7
9
10
12
16
20
22
0
0
0
0
1
3
7
12
14
17
14
17
20
22
24
26
27
30
34
36
4
10
13
16
18
19
20
24
27
31
2
6
9
11
13
14
15
19
22
24
3
6
7
9
11
13
14
17
18
20
0
4
5
8
10
12
13
17
18
21
6
10
11
16
18
20
21
25
26
28
0
4
6
10
22
24
25
29
35
38
5
9
12
14
16
17
18
22
25
29
7
12
14
17
18
19
20
25
26
29
13
18
24
26
27
28
29
33
34
36
16
20
24
26
28
30
31
35
36
38
3
7
10
12
14
16
17
21
22
24
5
8
10
11
12
13
15
18
20
21
10
14
17
19
21
23
25
29
32
34
3
7
8
11
13
15
16
20
21
24
4
8
10
12
14
16
17
21
24
26
6
10
12
14
18
21
25
29
33
35
0
4
5
7
9
11
17
22
26
28
0
5
7
10
11
13
14
19
21
24
1
5
11
13
15
16
17
21
24
27
3
7
8
10
11
12
13
17
18
20
7
11
13
15
19
20
24
28
32
34
9
14
17
20
21
22
23
28
30
33
8
13
14
18
19
20
21
26
29
32
5
9
11
14
16
18
21
25
30
32
4
9
12
14
16
18
20
25
28
30
0
3
4
6
12
14
21
24
28
30
8
11
13
14
17
18
20
23
28
29
0
3
8
14
19
21
22
25
26
28
4
9
10
12
14
15
17
22
23
25
41
