time_cost:1108ms
ontime_proportion:0.760000
max_delay:9
avg_delay:1.280000
avg_flowtime:21.900000
object function value:2130.000000
0
0
0
0
0
0
0
0
0
0
1
0
0
1
4
5
6
13
19
21
24
0
0
0
0
0
0
11
17
20
21
0
0
1
4
6
7
11
16
21
24
0
0
0
0
0
0
0
0
0
1
0
0
0
0
0
0
0
0
2
4
0
0
0
0
0
0
0
0
1
2
0
0
0
1
3
4
11
16
19
22
0
0
0
0
0
0
0
0
0
0
0
3
5
8
9
10
13
20
34
37
0
3
4
7
9
10
13
19
20
23
0
0
0
0
0
0
0
1
4
6
0
0
0
0
0
0
0
0
0
1
0
0
0
0
0
0
0
0
0
1
0
0
0
0
0
0
0
0
2
4
0
0
0
1
2
3
14
19
21
26
0
0
0
0
0
0
0
1
4
6
0
0
0
0
0
0
1
4
7
9
0
0
0
0
0
0
0
0
1
2
0
0
0
0
0
0
12
17
20
21
2
5
8
9
11
12
13
19
22
23
8
12
15
16
18
19
20
24
27
28
6
11
14
15
17
19
20
25
28
30
5
10
11
14
16
17
19
24
25
28
8
11
13
16
17
20
22
27
33
36
10
13
16
18
20
21
22
25
28
29
7
11
18
21
22
23
25
28
33
36
8
12
15
16
18
19
20
23
26
32
10
16
19
21
22
25
27
30
34
36
0
5
6
9
11
12
14
20
21
24
10
14
17
19
21
22
25
29
32
34
5
10
12
16
18
19
23
28
29
32
3
8
11
13
15
18
19
24
27
31
3
8
10
12
14
16
18
23
25
27
8
13
16
17
19
24
25
31
36
37
4
10
11
14
16
17
19
26
27
30
2
7
10
12
14
16
17
22
25
27
5
11
15
18
20
22
24
29
30
34
4
11
14
17
19
20
22
27
28
31
3
9
12
14
16
18
19
25
28
30
9
15
16
19
21
22
24
29
30
33
11
16
19
21
22
23
24
28
31
33
2
7
9
11
13
15
17
22
24
29
3
8
11
16
19
21
22
27
30
35
9
15
16
21
23
24
26
31
32
35
7
13
17
18
20
22
23
30
33
36
1
6
9
11
13
15
16
21
24
26
10
16
19
20
22
24
25
30
33
34
1
4
7
10
12
13
15
22
34
37
0
3
6
8
9
10
14
20
24
26
39
