time_cost:1096ms
ontime_proportion:0.800000
max_delay:7
avg_delay:0.820000
avg_flowtime:23.340000
object function value:1778.000000
0
0
0
0
0
0
0
0
0
7
13
0
0
2
3
4
6
15
18
22
23
0
0
0
0
0
0
0
0
24
27
0
0
0
0
0
0
9
14
19
22
0
0
0
0
0
0
0
0
1
3
0
0
0
0
0
1
22
26
30
31
0
0
0
1
3
4
8
14
17
19
0
0
0
0
0
0
10
15
17
19
0
1
2
5
7
8
12
16
19
22
0
0
1
3
5
6
11
16
18
21
0
0
0
0
0
0
0
0
3
5
0
0
0
0
0
0
0
0
0
5
0
2
3
6
8
9
13
17
19
22
0
0
0
2
3
5
18
25
32
35
0
0
0
0
0
0
12
17
20
22
0
0
0
0
1
2
15
18
22
25
0
0
0
0
0
0
0
0
0
0
0
0
0
0
0
0
0
0
0
0
0
0
0
0
1
3
13
16
22
23
0
0
0
0
0
0
0
0
0
0
6
10
14
16
18
19
20
24
25
26
3
8
10
12
14
15
16
21
23
25
3
7
10
12
15
17
18
22
30
32
3
8
10
12
14
15
16
21
23
25
8
13
14
17
18
20
21
24
27
30
8
13
16
19
21
23
24
29
32
36
1
4
5
8
10
11
12
15
17
20
9
12
14
17
21
23
24
27
28
31
4
9
10
12
15
17
18
23
24
27
5
8
10
12
14
15
17
20
22
24
1
4
5
8
10
11
15
19
25
28
0
3
4
10
12
13
16
19
27
30
4
10
12
14
16
17
19
22
25
27
8
14
16
17
22
23
24
28
33
34
11
15
17
18
23
24
26
30
35
36
4
9
12
15
16
18
19
24
30
33
7
12
15
16
21
23
26
29
36
37
3
6
8
10
12
13
15
18
20
22
7
12
14
16
17
19
22
27
32
34
1
6
9
12
13
15
16
21
24
27
8
13
16
18
19
21
23
26
31
33
3
10
12
14
17
18
19
24
28
32
0
3
7
10
12
13
20
23
30
33
0
3
4
7
8
10
11
14
17
20
3
8
12
14
17
19
20
25
26
28
4
10
13
16
20
22
24
28
34
36
6
11
12
15
19
21
22
27
28
30
0
3
4
7
8
10
11
16
20
24
0
5
6
8
9
11
23
28
34
36
8
13
15
17
19
21
22
27
28
30
38
