time_cost:1109ms
ontime_proportion:0.820000
max_delay:9
avg_delay:1.120000
avg_flowtime:21.940000
object function value:1531.333333
0
0
0
0
0
0
0
0
0
0
1
0
0
1
4
5
6
12
18
22
25
0
0
0
0
0
0
13
20
23
24
0
0
1
4
6
7
13
22
23
26
0
0
0
0
0
0
0
0
0
1
0
0
0
0
0
0
0
0
2
4
0
0
0
0
0
0
0
0
1
2
0
0
0
1
3
4
12
20
23
24
0
0
0
0
0
0
0
0
0
0
0
3
5
8
9
10
13
20
22
25
8
12
16
20
22
23
25
30
31
34
0
0
0
0
0
0
0
1
4
6
0
0
0
0
0
0
0
0
0
1
0
0
0
0
0
0
0
0
0
1
0
0
0
0
0
0
0
0
2
4
0
0
0
1
2
3
10
16
19
22
0
0
0
0
0
0
0
1
4
6
0
0
0
0
0
0
1
4
7
9
0
0
0
0
0
0
0
0
1
2
0
0
0
0
0
0
12
19
22
25
10
14
19
20
22
25
26
29
32
36
9
12
15
16
19
20
21
24
27
30
8
13
18
19
21
22
23
31
34
36
5
11
13
16
18
19
21
26
28
31
10
13
17
20
21
24
26
29
32
35
10
16
20
21
23
26
27
31
34
35
2
5
7
10
11
12
14
17
19
22
7
10
15
16
20
21
22
27
30
34
4
7
10
12
13
14
15
18
21
23
0
5
6
9
11
12
14
19
20
23
1
11
16
18
19
21
22
25
28
30
5
10
11
14
17
18
20
25
26
29
3
8
11
13
15
17
18
23
26
28
3
8
14
16
18
20
22
27
30
32
9
15
19
20
23
26
27
32
35
36
4
10
12
16
18
19
21
26
27
30
2
7
10
15
17
19
20
25
28
30
5
10
11
14
16
17
19
24
25
28
4
9
10
13
15
16
18
23
24
27
10
15
18
20
23
26
27
32
35
39
5
10
12
18
22
24
26
31
32
37
0
3
6
8
9
10
11
17
20
22
2
7
13
18
20
22
24
30
32
34
7
13
16
19
21
23
24
29
32
35
9
15
16
22
24
25
27
32
34
37
7
12
15
16
19
21
22
27
30
32
1
6
9
11
13
15
16
21
24
26
2
5
8
11
13
14
15
18
21
22
6
11
14
18
20
22
24
27
29
32
0
3
6
9
10
11
15
21
25
29
41
