time_cost:1104ms
ontime_proportion:0.740000
max_delay:13
avg_delay:1.640000
avg_flowtime:25.940000
object function value:2464.666667
0
0
0
3
4
6
7
20
37
40
41
0
0
0
0
0
0
0
0
1
3
0
0
0
0
1
2
11
17
22
26
0
0
0
0
0
0
13
18
19
22
0
0
2
4
5
6
10
16
19
22
0
4
6
8
10
12
14
19
21
23
0
0
0
0
0
0
10
15
18
22
0
0
0
0
0
0
14
21
25
36
0
0
0
0
0
0
13
27
30
32
0
0
0
0
2
4
18
34
37
39
0
0
0
0
0
0
0
0
1
4
0
1
3
5
7
9
12
25
27
29
0
0
0
0
0
0
0
0
0
1
0
0
0
0
0
0
1
4
18
21
0
0
0
1
3
5
10
19
23
26
0
0
0
0
0
0
0
0
0
3
0
0
0
0
0
0
0
0
0
5
0
3
6
8
10
12
13
25
28
31
0
0
0
0
0
0
0
0
0
1
0
0
0
0
0
0
0
0
0
0
5
8
11
12
14
15
16
19
22
23
0
17
20
21
23
24
25
34
37
38
6
13
15
17
19
21
23
28
30
32
11
20
23
25
26
28
29
37
40
42
2
7
10
12
14
16
17
22
25
27
9
14
17
20
22
23
24
29
32
33
5
10
13
14
16
17
18
23
26
27
3
6
9
11
12
13
18
27
30
32
0
3
6
7
9
10
28
36
39
40
4
9
12
15
17
19
20
25
28
32
0
9
12
13
15
16
17
31
35
38
0
3
6
7
9
10
12
21
24
25
9
15
17
20
22
24
26
31
33
38
8
14
15
20
22
23
25
30
32
35
4
9
10
16
18
19
21
26
27
30
3
11
12
16
18
19
21
26
27
33
0
5
8
9
11
12
13
18
21
22
1
6
7
10
12
13
15
20
21
24
4
11
14
15
17
18
19
22
25
29
9
13
15
18
21
24
26
30
32
35
3
6
8
11
12
13
15
18
20
23
0
7
9
17
20
22
24
29
31
33
5
10
11
14
16
17
19
24
25
28
7
13
16
18
20
23
24
31
34
36
6
12
13
18
20
21
23
30
31
34
6
12
14
18
19
20
22
27
29
32
10
15
18
21
22
25
26
33
36
38
8
14
18
19
21
22
23
30
35
36
7
12
15
18
19
20
22
28
32
35
5
10
13
15
16
18
19
24
27
29
43
