time_cost:1218ms
ontime_proportion:0.640000
max_delay:20
avg_delay:4.340000
avg_flowtime:29.720000
object function value:3590.666667
0
0
0
0
0
0
0
0
0
0
0
0
0
0
0
2
4
12
18
21
23
0
0
0
0
1
2
14
21
24
26
0
0
0
0
0
0
0
0
0
2
8
13
16
17
19
20
23
32
37
38
0
3
6
8
9
10
11
14
20
22
0
0
0
0
1
2
29
38
42
43
0
0
0
0
0
0
0
0
1
4
0
3
6
8
10
12
13
19
22
24
0
0
3
5
6
8
17
27
34
36
0
0
1
3
4
6
13
18
21
23
0
0
3
6
8
10
14
27
30
33
0
0
0
0
0
0
10
16
17
20
0
0
0
1
3
5
10
18
21
23
0
24
27
29
30
32
33
44
47
49
0
2
4
6
8
10
12
17
19
21
0
0
0
2
3
5
28
35
39
42
0
0
0
0
0
0
0
0
3
5
19
24
25
28
30
31
33
43
45
48
0
0
0
0
2
3
28
37
38
41
11
16
18
21
22
23
25
29
31
34
10
16
18
21
22
24
26
31
33
36
0
5
8
10
12
14
15
20
23
25
17
29
32
34
35
36
37
40
43
45
3
6
9
11
12
13
14
17
21
23
9
15
16
19
21
23
25
30
31
37
0
3
6
9
10
11
28
37
41
43
10
16
19
21
23
25
27
37
40
42
9
15
18
21
23
25
26
31
34
37
3
8
11
12
14
15
16
21
24
25
5
11
14
15
17
18
19
24
27
28
3
10
13
17
19
21
22
31
36
39
7
13
17
18
21
22
31
43
46
47
4
9
12
15
17
19
20
25
28
31
4
9
11
13
15
17
19
24
26
28
6
12
13
16
18
21
23
28
29
32
2
7
10
13
15
17
18
23
26
29
0
6
9
11
12
14
15
22
25
27
0
13
16
23
25
26
27
30
33
34
4
9
10
13
15
16
18
23
24
27
2
5
8
9
11
12
14
20
23
25
8
13
15
18
19
20
22
25
27
30
5
10
16
19
21
23
31
40
43
46
1
6
9
12
14
15
24
34
37
40
6
12
13
16
18
19
21
28
34
38
5
11
13
15
17
19
21
26
28
30
1
4
7
9
10
11
19
34
38
40
14
26
29
31
33
35
36
41
44
46
5
10
12
14
19
22
24
29
31
35
9
14
15
18
20
21
23
30
33
36
50
