time_cost:22342ms
ontime_proportion:0.820000
max_delay:7
avg_delay:0.840000
avg_flowtime:22.320000
object function value:1544.000000
0
0
0
0
0
0
0
0
0
0
0
0
0
0
2
3
5
20
23
33
36
0
0
0
1
2
4
13
18
22
24
0
0
0
0
0
0
0
0
0
2
0
0
0
0
3
4
13
17
26
30
0
1
4
7
8
10
12
18
30
34
0
0
0
0
0
0
0
0
0
2
0
0
0
0
0
0
0
0
0
2
0
0
0
0
0
0
10
16
20
22
6
11
15
18
19
21
22
27
30
33
0
2
5
7
8
10
11
15
18
20
0
0
0
0
0
0
0
0
0
0
0
4
7
12
16
17
19
23
26
29
0
0
0
0
0
0
0
0
0
0
0
0
0
0
1
3
11
14
26
29
0
0
0
0
1
3
11
16
24
26
0
5
8
11
13
15
16
21
24
27
0
0
0
0
0
0
0
0
0
3
0
1
2
5
7
8
9
12
13
16
0
0
0
0
0
0
6
10
16
18
1
4
6
7
8
10
12
16
18
19
11
18
19
22
24
25
26
29
32
35
7
12
14
16
19
20
21
26
28
31
7
13
15
16
18
19
20
24
29
30
1
9
12
15
16
18
19
24
27
30
1
4
6
8
9
11
13
16
18
20
2
7
10
13
14
16
17
22
25
28
3
7
10
12
13
15
16
20
23
25
3
8
11
12
13
14
15
19
21
23
10
14
16
17
22
26
28
31
35
36
12
18
19
22
24
26
27
30
33
36
3
6
7
10
12
13
14
17
18
24
9
14
16
18
20
21
23
26
28
30
4
8
10
11
12
14
16
19
21
22
4
7
9
10
11
13
15
18
20
21
10
15
16
19
21
23
24
28
29
32
6
9
12
15
16
18
19
22
23
26
7
11
13
14
19
21
23
28
30
33
8
14
18
20
22
23
24
29
31
33
5
8
10
12
14
15
17
20
22
24
7
10
12
13
15
17
19
22
24
25
2
7
8
10
11
13
14
19
22
24
4
10
11
12
25
27
28
32
34
35
11
16
19
21
23
24
26
29
32
35
8
13
15
16
17
19
21
24
26
27
7
13
16
18
19
21
22
26
29
31
3
7
10
13
15
16
17
20
21
26
7
13
14
15
21
23
24
28
31
32
4
10
13
16
17
19
20
25
30
33
0
4
7
9
10
12
16
21
33
35
37
