time_cost:24326ms
ontime_proportion:0.660000
max_delay:13
avg_delay:2.660000
avg_flowtime:27.220000
object function value:3307.333333
0
0
0
0
1
4
7
25
32
35
36
0
0
0
0
0
1
17
22
24
34
0
0
0
0
1
2
12
17
24
25
0
0
0
0
0
0
20
27
32
36
0
0
0
0
0
0
0
0
2
4
0
0
0
1
3
4
12
20
21
24
0
0
1
4
6
7
15
21
24
27
0
0
3
5
7
9
29
34
37
39
0
0
0
0
0
0
0
3
4
7
0
0
0
0
0
0
0
0
0
0
0
0
0
0
1
5
15
30
32
34
0
1
3
6
7
8
12
15
17
21
0
16
19
21
22
26
27
30
36
38
0
0
0
2
4
6
18
23
26
29
0
0
0
0
0
0
0
2
5
6
0
0
0
0
0
0
0
0
0
0
0
0
0
1
4
6
15
21
24
26
0
0
0
0
2
4
10
18
23
28
0
0
0
0
1
2
12
17
19
22
0
0
0
0
0
0
7
12
14
17
5
11
14
16
25
28
31
37
40
42
5
10
11
16
18
19
22
28
33
36
10
15
16
19
21
22
24
29
30
33
9
14
17
20
21
22
24
30
33
35
13
20
21
24
26
27
30
37
38
41
5
10
13
16
18
20
21
26
29
32
10
16
19
22
24
25
27
32
33
36
0
5
7
9
11
13
15
20
22
24
8
13
16
19
21
22
24
29
30
33
5
11
14
15
17
18
19
24
27
28
6
9
12
13
15
16
17
22
25
28
7
17
20
24
26
27
28
33
36
37
10
14
17
18
20
21
22
25
28
29
0
5
8
10
13
15
17
22
27
29
3
8
11
14
16
18
19
24
27
30
2
7
8
11
13
14
16
21
22
25
7
13
18
20
22
24
25
30
35
37
12
17
20
22
23
27
29
34
38
40
0
5
8
10
11
13
14
19
22
24
5
10
11
14
16
17
19
24
25
28
2
7
9
11
13
15
30
35
39
41
10
17
18
21
23
24
26
32
33
38
2
8
10
15
19
24
26
33
36
38
4
9
11
13
15
19
21
28
30
32
1
6
9
10
12
13
14
19
22
26
0
11
14
15
17
19
20
25
28
29
9
14
17
18
20
21
24
29
32
34
2
7
10
12
18
21
22
27
30
32
1
4
6
9
10
11
15
22
26
30
7
12
15
17
18
20
21
26
29
31
43
