time_cost:935ms
ontime_proportion:0.840000
max_delay:11
avg_delay:1.020000
avg_flowtime:24.920000
object function value:1430.666667
0
0
0
0
0
0
0
0
2
5
9
0
0
0
0
0
0
0
0
2
5
0
0
0
0
0
1
10
16
21
24
0
0
0
0
0
0
0
0
0
1
0
0
0
0
0
0
13
18
29
32
0
0
0
0
0
1
11
17
29
32
0
0
0
0
0
0
0
0
0
0
0
1
4
7
8
9
11
17
24
27
0
0
0
0
0
0
0
0
1
4
0
0
0
0
0
0
0
0
4
7
0
0
0
0
0
0
11
15
20
21
0
0
2
4
6
7
11
16
21
23
0
1
2
5
6
8
15
18
32
35
0
0
0
0
0
0
0
0
0
1
0
0
0
0
0
0
0
0
0
2
0
0
0
0
0
0
0
0
0
0
0
0
0
0
1
2
10
15
20
22
0
0
0
0
0
0
0
16
19
21
0
0
0
0
1
2
15
19
32
35
0
0
0
0
0
0
9
14
20
22
9
13
17
20
22
24
25
28
35
38
0
4
7
10
11
12
15
21
32
35
3
6
8
10
12
13
15
18
20
22
2
7
10
13
14
16
17
27
35
38
4
8
11
14
15
16
18
22
25
28
0
3
4
7
9
10
11
17
22
26
4
7
14
17
19
20
21
24
25
28
2
7
9
11
13
14
15
20
22
24
5
10
13
15
17
19
20
24
27
29
6
11
14
17
18
19
21
27
30
33
3
6
8
18
20
21
23
26
28
30
7
14
16
19
21
22
23
26
27
30
6
11
14
18
19
21
22
26
29
31
7
14
19
20
22
23
24
28
35
36
5
8
10
12
14
15
17
20
22
24
1
6
9
12
20
23
24
29
36
39
7
12
15
16
19
21
23
26
28
29
8
15
19
22
23
25
26
30
35
38
6
11
14
19
21
22
23
27
29
33
8
12
16
19
24
26
27
30
38
41
0
13
16
19
21
23
25
29
32
36
2
8
11
14
15
17
18
23
35
40
3
10
12
16
18
19
20
25
27
29
2
5
7
14
16
17
19
22
24
28
0
9
12
14
16
17
18
23
25
27
7
14
17
20
22
23
25
29
32
36
0
3
5
7
9
10
12
16
22
32
8
13
17
20
23
25
26
29
38
41
2
5
7
16
18
19
21
24
26
34
5
10
13
16
22
25
26
31
34
37
42
