time_cost:1717ms
ontime_proportion:0.720000
max_delay:8
avg_delay:1.040000
avg_flowtime:24.180000
object function value:2606.000000
0
0
0
2
4
6
7
10
14
17
22
0
0
3
5
7
9
11
16
19
21
0
0
0
0
0
0
0
1
3
5
0
0
0
0
0
1
13
17
20
22
0
0
0
0
0
0
21
26
28
30
0
3
4
6
7
9
22
25
26
28
0
0
0
2
4
5
12
17
18
19
0
0
0
0
0
0
0
0
0
1
0
0
0
0
1
2
12
25
27
29
0
0
0
1
3
4
13
17
20
22
0
0
0
0
0
0
0
0
0
1
0
2
5
6
7
9
18
26
29
30
0
0
0
0
0
0
0
0
0
3
0
0
0
0
0
0
0
0
1
4
0
3
5
7
9
10
21
28
30
32
0
0
1
2
4
5
17
22
23
24
0
0
0
0
0
0
0
0
0
2
0
0
0
0
1
3
26
29
30
32
0
0
0
0
0
0
11
16
18
20
0
0
0
0
2
3
13
18
19
24
5
14
17
18
22
24
26
29
32
33
4
8
11
13
15
16
17
21
24
26
5
11
12
13
15
16
17
22
23
26
3
11
13
15
17
18
22
27
29
31
0
8
11
13
15
16
17
21
24
26
8
13
16
17
18
20
23
27
30
31
2
7
9
11
15
16
18
23
25
27
1
6
9
11
13
15
16
21
24
26
7
12
13
14
16
18
19
24
25
26
6
11
13
16
18
19
21
28
30
33
0
5
8
11
13
15
16
23
26
28
3
12
14
16
19
20
25
30
32
34
2
5
8
11
13
15
16
19
22
28
1
5
8
10
12
13
14
19
22
24
5
11
12
16
18
19
21
26
27
28
0
5
7
9
11
12
14
19
21
23
4
9
11
12
16
17
19
24
26
27
0
6
9
11
13
15
16
21
28
33
0
3
6
9
11
13
14
17
20
23
5
10
11
17
19
20
21
26
27
30
10
14
17
19
21
23
29
32
35
36
4
8
11
15
17
18
21
25
28
30
8
13
14
19
21
22
24
29
30
32
8
13
15
17
18
19
25
30
33
35
5
10
13
14
16
17
26
32
35
36
10
15
17
19
20
21
26
31
34
36
8
13
14
15
17
18
19
24
25
28
8
14
16
19
20
21
24
29
32
35
9
12
15
17
22
24
26
30
31
33
10
13
14
16
20
22
24
27
28
30
38
