time_cost:27398ms
ontime_proportion:0.800000
max_delay:11
avg_delay:1.100000
avg_flowtime:24.300000
object function value:1810.000000
0
0
0
0
0
0
0
0
2
5
7
0
0
0
0
0
0
0
0
4
7
0
0
0
0
0
1
8
15
20
31
0
0
0
0
0
0
0
0
0
1
0
0
0
0
0
0
6
10
14
24
0
0
0
0
0
1
13
26
36
39
0
0
0
0
0
0
0
0
0
0
0
1
4
7
8
9
11
16
22
25
0
0
0
0
0
0
0
0
1
4
0
0
0
0
0
0
0
0
1
4
0
0
0
0
0
0
9
15
18
19
0
0
2
4
6
7
8
13
17
19
0
1
2
5
6
8
9
12
14
17
0
0
0
0
0
0
0
0
0
1
0
0
0
0
0
0
0
0
0
1
0
0
0
0
0
0
0
0
0
0
0
0
0
0
1
2
11
16
27
29
0
0
0
0
0
0
0
13
18
20
0
0
0
0
1
2
13
17
30
34
0
0
0
0
0
0
20
26
34
36
3
7
11
14
16
18
19
22
27
35
0
4
7
10
11
12
14
18
21
24
3
7
9
19
21
22
24
27
29
33
6
12
17
20
21
23
24
29
33
36
4
8
14
17
18
20
22
28
31
35
0
3
4
28
30
31
32
35
36
39
10
15
19
22
24
25
26
29
33
36
7
15
20
22
24
25
26
31
34
36
5
9
12
14
15
17
18
22
25
27
6
12
16
19
20
21
23
28
31
34
3
11
13
15
17
18
20
23
26
38
6
13
15
20
22
23
24
27
28
32
4
9
12
14
15
17
18
22
25
27
4
10
12
13
15
16
17
21
22
23
5
8
10
12
14
15
17
20
22
24
1
6
9
12
13
15
16
21
24
27
0
3
5
6
7
9
21
27
36
37
8
14
17
20
21
24
25
29
31
35
6
11
15
18
20
21
22
25
29
32
3
7
8
11
12
14
15
18
26
29
0
4
7
11
12
14
16
20
23
26
2
7
10
13
14
16
17
22
25
30
8
13
19
21
23
24
25
30
32
34
2
5
7
17
19
20
22
25
29
36
0
8
13
15
17
18
19
24
31
33
0
4
7
10
11
12
14
18
21
25
0
3
5
7
9
10
12
15
20
26
13
16
23
26
27
29
30
33
36
39
2
5
7
9
11
12
14
17
19
21
5
10
13
16
17
19
20
25
28
31
41
