time_cost:911ms
ontime_proportion:0.660000
max_delay:9
avg_delay:1.680000
avg_flowtime:26.040000
object function value:3268.000000
0
0
0
0
0
0
0
29
33
34
35
0
0
0
0
0
2
14
21
24
26
0
0
0
0
0
0
9
14
17
19
0
0
0
0
1
3
8
11
14
17
0
0
0
0
0
1
27
32
35
37
0
0
0
0
0
0
0
0
3
6
0
0
0
0
0
0
6
8
9
13
0
0
3
5
7
9
10
19
22
24
0
0
0
0
0
1
13
25
28
31
0
0
0
0
1
2
20
25
32
35
0
0
0
3
5
7
16
19
22
25
0
0
0
0
2
4
23
26
29
31
0
0
0
0
0
0
29
34
35
38
0
0
0
1
3
4
24
29
30
32
0
4
7
9
11
12
14
18
21
23
0
0
0
0
0
0
0
2
4
5
0
0
2
5
7
9
13
16
19
22
0
1
4
6
8
9
10
24
27
29
0
0
0
0
0
0
0
2
4
6
0
0
0
1
4
5
29
34
36
38
0
7
9
12
13
14
15
23
26
29
11
14
17
20
22
24
26
29
32
35
1
4
8
11
14
16
19
24
27
28
9
14
15
19
20
21
22
27
30
33
5
10
12
13
16
17
25
30
32
35
10
17
19
20
22
23
24
29
31
33
5
12
13
16
17
18
19
24
25
28
0
11
14
15
16
18
19
22
25
26
10
17
18
20
23
25
27
30
33
35
0
12
15
17
19
21
22
27
30
32
5
10
12
14
15
16
17
22
24
26
4
9
10
11
13
14
15
21
22
23
2
7
10
12
16
18
20
25
28
30
5
10
12
17
19
20
22
27
29
31
0
5
6
9
10
11
12
17
26
29
8
14
17
19
21
23
24
30
33
35
14
19
21
22
24
25
27
32
34
35
2
5
8
10
11
13
14
17
20
21
3
8
10
11
13
14
15
20
22
24
7
12
14
15
17
18
19
24
28
29
9
15
17
19
20
22
23
28
31
33
0
4
7
9
12
13
14
18
21
23
4
9
11
13
14
15
16
21
23
25
10
15
16
18
21
23
25
29
30
32
8
13
14
15
18
19
22
27
29
30
4
10
11
14
15
16
18
23
24
27
2
5
8
9
10
12
13
16
19
20
5
13
15
20
23
24
25
30
32
33
1
6
7
8
10
11
19
24
27
28
3
8
10
12
13
14
17
22
25
27
39
