time_cost:311602ms
ontime_proportion:0.920000
max_delay:10
avg_delay:0.560000
avg_flowtime:20.240000
object function value:474.666667
0
0
0
0
0
0
0
0
1
2
4
0
0
0
0
0
0
7
12
15
19
0
0
0
0
0
2
9
13
15
18
0
0
0
0
0
0
0
0
0
1
0
0
0
0
1
3
8
13
15
18
0
0
0
1
2
3
7
11
15
17
0
0
0
0
0
0
0
0
1
4
0
0
0
0
4
6
31
35
36
38
0
0
0
0
2
4
7
11
12
15
0
0
0
1
3
4
17
23
24
26
0
0
0
0
0
0
0
0
0
0
0
0
0
0
0
0
0
0
0
0
0
0
0
0
0
0
9
14
16
19
0
0
0
0
0
0
0
0
0
0
0
0
0
0
0
0
18
21
25
26
0
0
0
0
0
2
5
9
10
13
0
0
0
0
0
0
0
0
0
0
0
0
0
0
0
0
0
0
0
3
0
0
0
0
0
0
0
3
4
6
0
0
0
0
0
0
0
0
2
5
0
4
7
9
11
12
13
17
20
24
2
6
7
9
10
11
23
27
31
33
1
6
8
10
14
16
19
24
26
28
16
20
24
26
28
29
30
34
37
39
11
15
17
19
20
21
32
36
39
41
22
25
26
28
30
32
33
36
38
40
6
11
13
15
16
18
20
25
27
29
5
10
13
16
18
20
21
25
26
28
5
10
11
13
15
16
18
23
24
26
2
7
9
11
14
16
21
26
34
36
3
6
7
9
11
13
14
17
18
20
7
12
14
16
17
19
21
26
28
30
15
18
21
22
23
24
26
29
31
32
3
7
10
12
14
15
16
20
23
25
4
8
11
14
16
17
18
22
25
28
2
7
12
15
16
18
19
24
26
29
15
19
21
23
24
25
28
32
33
35
25
28
30
31
32
33
35
38
40
41
4
9
13
17
19
20
22
27
28
30
13
16
19
21
23
27
28
31
35
37
9
13
15
18
20
22
24
28
29
32
6
9
11
13
18
20
31
34
38
40
2
7
9
11
12
14
16
21
23
25
13
16
22
24
26
28
29
32
34
36
16
20
22
24
25
26
27
31
32
34
12
16
20
22
25
26
28
32
36
38
2
5
6
11
15
18
25
28
29
31
11
15
19
21
22
23
26
30
32
34
6
9
11
12
13
14
20
23
26
27
2
5
7
8
9
10
12
15
17
18
42
