time_cost:254122ms
ontime_proportion:0.960000
max_delay:7
avg_delay:0.260000
avg_flowtime:21.940000
object function value:131.333333
0
0
0
0
0
0
0
0
0
0
0
0
0
0
0
0
0
0
0
0
0
0
0
1
4
5
6
29
33
34
36
0
0
0
1
3
5
10
15
21
23
0
0
0
0
0
0
0
3
4
6
0
0
0
0
0
0
0
0
2
4
0
0
0
0
0
1
12
16
21
23
0
4
5
8
10
12
13
17
18
22
0
0
0
0
0
0
0
0
0
0
0
0
0
0
0
0
0
1
2
4
0
0
0
0
0
0
0
0
1
3
0
0
1
3
5
7
8
13
15
17
0
0
0
0
0
2
15
20
25
28
0
0
0
0
0
0
0
1
3
4
0
0
0
2
4
5
10
14
17
19
0
0
0
0
0
1
7
12
16
17
0
0
0
0
0
1
19
24
26
28
0
0
1
4
6
8
10
14
17
20
0
0
0
2
4
5
13
19
22
24
0
0
0
0
0
0
0
2
3
13
8
13
15
17
19
20
22
27
31
34
10
14
16
18
20
22
23
27
28
30
7
10
14
19
20
21
23
26
28
29
5
10
11
14
15
16
18
23
24
27
6
11
12
15
16
17
21
26
27
30
5
10
12
14
15
17
19
24
26
28
2
5
6
8
10
12
27
30
34
36
5
8
9
11
13
15
16
19
20
22
13
18
19
22
26
27
30
35
36
39
0
3
4
6
8
10
11
14
19
21
1
6
8
10
11
13
29
34
37
39
9
13
18
20
22
24
27
31
33
35
3
7
8
11
13
15
18
22
23
26
2
7
9
12
13
15
16
21
23
26
12
15
17
19
22
24
26
29
32
34
7
11
14
18
20
21
22
26
29
34
3
7
11
14
17
19
20
24
25
28
11
14
15
17
19
21
26
29
30
32
0
3
5
6
7
8
18
21
24
25
7
11
14
16
18
19
20
24
28
30
14
19
21
23
24
26
28
33
36
38
4
8
10
12
14
16
17
21
22
24
14
17
19
20
21
22
24
27
30
31
11
15
17
19
24
26
29
33
35
37
4
7
8
10
12
14
15
18
20
22
7
12
13
15
17
18
21
26
30
32
2
9
12
14
17
19
21
26
28
30
2
7
9
14
15
17
18
23
25
28
4
9
10
12
16
17
24
29
32
36
7
12
14
17
19
20
21
28
29
32
40
