time_cost:311566ms
ontime_proportion:0.860000
max_delay:12
avg_delay:1.040000
avg_flowtime:22.400000
object function value:1146.666667
0
0
0
0
0
0
0
0
1
4
6
0
0
2
5
6
7
9
14
17
20
0
0
0
0
0
0
0
0
0
0
0
1
4
6
7
8
16
24
27
29
0
0
0
3
4
5
13
19
21
24
0
0
0
0
0
0
0
0
3
5
0
0
0
0
0
0
0
0
1
2
0
0
0
0
0
0
0
0
0
1
0
0
0
0
0
0
0
0
0
3
0
0
0
0
0
0
0
0
3
5
0
0
0
0
2
3
10
16
18
26
0
0
0
0
0
0
0
1
4
7
0
0
0
0
1
2
18
31
34
36
0
0
0
0
0
0
0
0
0
1
0
0
0
0
0
0
0
0
0
0
0
0
0
0
0
0
19
30
33
36
0
0
0
0
0
0
0
0
2
3
0
0
1
4
6
8
13
18
22
28
0
0
0
0
0
0
0
0
0
1
0
0
0
1
2
3
11
19
23
25
6
11
14
16
18
20
21
26
29
31
8
14
15
18
20
21
23
30
31
34
1
6
8
10
12
15
17
22
24
27
5
10
13
16
18
20
21
26
29
32
0
5
8
10
13
15
18
27
30
32
9
15
16
20
23
25
27
36
37
40
0
3
6
8
9
10
15
21
24
26
8
11
14
17
18
19
21
24
26
29
4
9
12
13
15
16
17
22
25
26
5
13
16
18
23
25
26
35
38
40
1
6
7
10
12
13
15
20
21
24
3
10
13
15
17
19
20
25
28
30
3
6
9
10
12
13
15
21
24
25
8
13
20
22
25
27
28
34
38
40
8
16
19
22
24
25
26
31
34
35
0
3
5
8
9
10
12
16
20
23
4
8
10
13
14
15
18
24
26
29
3
8
11
14
16
18
19
24
27
30
4
7
10
12
13
14
15
18
22
24
0
5
8
10
11
13
14
19
22
24
6
13
16
19
21
23
24
29
32
34
7
13
16
18
19
21
22
27
30
32
11
16
19
22
24
26
27
32
35
38
3
8
11
18
20
22
23
28
31
34
12
16
18
21
22
23
25
28
30
33
7
12
13
17
19
20
22
29
32
35
5
8
10
19
20
22
24
30
35
38
6
11
14
16
17
18
19
22
25
27
2
5
8
10
11
12
13
17
20
22
10
16
19
20
22
24
25
33
36
37
42
