time_cost:1113ms
ontime_proportion:0.840000
max_delay:9
avg_delay:0.660000
avg_flowtime:22.420000
object function value:1347.333333
0
0
0
0
0
0
0
12
17
21
23
0
0
0
0
0
0
0
3
4
6
0
0
0
0
0
0
0
0
0
0
0
0
3
5
7
8
12
16
21
23
0
0
0
0
0
0
0
4
5
18
0
0
0
0
0
0
11
15
17
22
0
0
0
0
0
0
0
0
0
2
0
0
0
0
0
1
12
16
20
27
0
0
0
0
0
0
0
3
6
8
0
0
0
0
0
0
15
20
32
35
0
0
0
0
1
2
15
20
30
33
0
0
0
0
1
3
12
16
17
21
0
0
0
0
0
0
0
0
0
0
0
0
0
0
0
0
0
0
2
3
0
0
0
0
0
0
0
0
0
2
0
0
0
0
0
0
0
0
0
1
0
0
0
0
0
1
11
15
18
20
0
0
0
0
0
0
10
15
20
22
0
0
0
0
0
0
0
1
4
10
0
0
1
3
5
7
13
17
22
24
3
7
10
12
14
15
16
20
23
25
4
8
11
14
16
17
18
22
25
28
5
9
10
12
14
16
17
21
22
24
0
5
7
10
11
13
14
19
24
27
7
13
17
20
21
22
23
28
32
36
7
13
17
20
25
26
27
32
35
38
1
6
8
10
11
13
15
20
22
24
3
7
10
12
14
15
16
20
23
25
1
6
8
11
12
14
16
23
35
38
12
15
20
21
22
23
25
28
30
31
2
6
9
14
16
17
18
22
25
27
4
9
10
12
14
15
17
22
23
25
9
14
18
21
24
25
26
31
34
37
10
13
15
17
21
23
24
27
28
31
3
10
12
16
18
20
21
28
30
33
8
12
15
17
19
21
22
26
27
29
5
10
13
16
18
19
20
24
27
31
6
11
13
16
21
24
26
31
32
39
9
12
16
17
20
22
24
28
30
31
12
16
20
22
23
24
25
29
30
32
3
8
11
13
17
19
21
26
28
30
8
11
14
19
21
23
24
27
28
30
1
5
6
8
10
12
14
18
24
26
7
12
13
15
17
18
20
25
26
28
8
12
15
17
20
21
22
26
27
29
6
10
12
14
16
18
19
23
24
26
3
10
12
17
19
21
22
26
29
32
6
11
15
19
23
25
26
30
31
34
0
4
5
7
8
9
17
21
25
30
9
12
16
17
19
21
23
26
29
30
40
