time_cost:919ms
ontime_proportion:0.940000
max_delay:6
avg_delay:0.240000
avg_flowtime:20.460000
object function value:282.000000
0
0
0
0
0
0
0
9
12
15
23
0
0
0
0
0
0
0
2
4
5
0
0
0
0
0
1
9
13
15
16
0
0
0
0
0
0
0
0
0
2
0
0
0
0
0
0
0
3
5
7
0
0
0
0
0
1
20
25
31
32
0
0
0
1
4
6
15
18
27
29
0
0
0
0
0
0
0
0
0
0
0
0
0
0
1
2
8
12
14
21
0
0
0
0
0
0
0
0
0
0
0
0
0
0
0
0
0
0
1
3
0
0
0
0
0
1
7
11
14
16
0
0
0
0
0
0
0
0
1
3
0
0
0
0
3
4
13
17
21
23
0
0
0
0
1
3
10
15
19
20
0
0
0
0
4
6
17
22
28
31
0
0
0
1
3
5
6
11
13
14
0
0
0
0
0
0
0
0
0
0
0
0
0
0
0
0
0
1
2
6
0
0
0
0
2
4
13
16
20
22
0
3
5
6
7
9
17
20
25
26
1
7
9
10
15
18
19
24
26
28
3
6
8
10
11
12
15
18
23
25
5
9
10
12
14
15
16
20
21
23
1
6
8
10
12
14
15
20
22
23
3
7
9
14
16
17
19
23
25
26
0
3
5
7
8
9
11
14
16
18
10
13
18
20
21
23
25
28
29
31
0
8
10
13
15
16
18
23
25
27
1
4
5
8
10
11
12
15
16
19
6
10
12
14
18
21
22
26
27
30
1
8
10
14
16
17
19
23
25
26
5
8
9
12
14
15
16
19
22
28
1
4
6
8
9
10
14
17
21
23
4
10
12
13
15
18
19
24
26
28
9
13
17
19
21
22
23
27
32
34
2
6
7
9
11
12
13
17
19
21
3
6
8
9
12
16
18
21
29
30
1
4
7
9
10
12
14
17
20
22
4
7
10
12
13
15
17
20
23
25
7
11
13
15
17
19
21
24
25
27
6
9
11
13
15
22
24
27
32
34
6
10
12
16
18
19
20
23
24
27
11
14
20
21
22
24
26
29
31
32
3
6
7
10
12
13
14
17
18
21
5
9
10
12
14
15
16
20
21
23
10
13
15
16
19
25
27
30
33
34
9
12
15
18
20
21
23
26
30
33
6
11
13
15
17
19
21
25
26
28
6
11
13
16
17
19
21
26
28
30
36
