time_cost:1197ms
ontime_proportion:0.620000
max_delay:13
avg_delay:3.120000
avg_flowtime:28.920000
object function value:3764.000000
0
0
0
0
1
5
7
26
33
36
38
0
0
3
5
7
9
14
20
25
27
0
0
0
0
0
0
0
0
0
0
0
0
0
0
0
0
12
17
20
30
0
0
0
2
4
5
24
29
30
33
0
0
0
0
0
0
24
34
35
38
0
0
0
0
1
2
16
31
36
38
0
0
0
0
0
0
0
1
2
5
0
0
1
3
4
6
13
28
33
35
0
0
0
2
4
5
15
22
25
28
0
0
0
0
0
1
29
35
37
41
0
3
6
7
9
10
30
34
38
39
0
0
0
0
0
1
15
20
23
25
0
0
0
0
0
0
25
32
36
39
0
3
6
8
9
10
11
18
23
27
0
0
0
0
5
7
25
32
35
39
0
0
0
0
2
3
15
21
28
30
0
0
0
0
2
4
14
23
27
29
0
0
0
0
0
0
0
0
2
3
0
0
0
0
0
0
11
16
19
23
8
11
15
17
19
20
21
24
27
29
3
8
11
16
18
20
21
26
29
31
3
8
12
14
17
19
21
26
28
30
10
15
18
20
23
25
26
31
34
37
8
13
16
18
21
23
25
30
32
34
0
5
8
9
11
12
16
21
24
25
10
19
21
23
25
27
29
35
39
41
3
8
9
14
16
17
19
24
25
28
3
8
9
12
14
15
17
22
23
26
8
13
16
18
20
22
29
35
38
40
2
5
8
9
11
12
13
16
19
21
2
7
8
11
13
14
16
21
22
25
5
10
13
16
17
19
20
25
28
30
8
13
14
18
20
21
24
29
30
33
7
12
15
16
18
19
20
25
29
33
9
14
17
20
21
23
24
30
34
36
6
11
12
15
17
18
20
28
29
32
10
15
17
19
23
25
27
32
34
36
0
3
5
8
9
10
15
27
33
36
0
5
7
9
11
13
15
20
22
24
13
18
21
22
25
26
29
34
38
39
5
10
13
15
19
21
23
29
32
34
4
9
10
13
15
16
18
23
24
27
1
4
7
8
10
11
12
15
18
19
5
10
11
14
16
17
19
24
25
28
5
10
13
15
16
18
19
24
27
29
2
9
14
16
19
21
22
27
30
32
7
12
17
20
22
23
25
30
31
37
1
6
9
12
14
16
19
29
32
35
10
17
20
23
25
27
28
33
38
41
43
