time_cost:925ms
ontime_proportion:0.920000
max_delay:3
avg_delay:0.160000
avg_flowtime:22.120000
object function value:537.333333
0
0
0
1
4
6
7
10
13
17
20
0
0
0
0
0
0
0
0
1
3
0
0
0
0
0
0
0
0
0
3
0
4
6
8
9
10
12
17
19
22
0
0
2
4
5
6
13
18
20
22
0
0
0
0
0
1
10
14
16
19
0
0
0
0
0
0
0
0
0
0
0
0
0
0
0
0
0
0
0
1
0
0
0
0
0
0
12
16
18
19
0
0
1
3
4
5
12
15
19
21
0
0
0
0
1
3
10
15
18
19
0
0
0
0
0
0
0
2
4
6
0
5
7
9
10
11
15
20
22
24
0
0
0
0
0
1
8
14
21
23
0
0
0
0
0
0
0
0
0
1
0
0
0
0
0
2
16
21
24
26
0
0
0
0
1
3
10
16
23
25
0
0
0
0
1
2
19
22
24
26
0
4
8
17
18
19
21
26
28
30
0
0
2
3
5
6
8
13
16
20
3
6
9
12
13
15
17
20
23
25
0
9
13
15
17
19
21
24
27
29
4
8
9
11
13
14
16
20
21
23
4
8
9
11
13
14
15
19
20
22
4
7
11
14
16
17
18
21
22
25
5
9
11
13
15
18
20
23
25
27
5
10
12
18
19
20
22
27
29
31
1
5
7
8
10
11
13
17
19
24
10
14
17
19
21
26
28
31
32
34
9
12
16
18
19
23
25
28
29
31
10
13
16
17
23
28
30
33
35
36
2
6
7
9
11
12
14
18
19
21
0
4
5
7
9
10
11
15
16
21
1
4
5
10
12
13
14
17
19
22
2
7
9
10
12
14
15
20
22
23
6
9
12
14
16
22
24
27
30
32
6
12
13
15
17
20
22
26
27
31
6
11
15
18
20
21
23
27
29
30
3
6
9
11
15
17
19
22
25
27
12
15
17
19
23
26
28
31
33
35
2
6
8
13
15
16
18
22
24
27
5
10
12
14
15
16
18
24
26
28
7
12
15
17
19
23
25
28
30
31
6
11
14
16
18
22
23
27
28
30
8
12
14
20
22
25
26
30
31
33
0
3
6
8
10
12
14
17
21
23
0
9
11
13
14
15
17
22
25
27
8
13
15
17
18
21
23
29
31
33
4
8
10
15
17
18
20
24
26
29
7
12
14
16
20
24
26
31
33
35
37
