time_cost:316662ms
ontime_proportion:0.880000
max_delay:7
avg_delay:0.540000
avg_flowtime:21.960000
object function value:932.000000
0
0
0
0
2
4
6
19
24
27
29
0
0
0
0
0
0
0
0
0
2
0
0
0
0
0
0
0
0
1
9
0
0
0
0
0
0
0
0
0
5
0
0
0
0
0
0
0
0
0
0
0
0
0
0
0
0
0
2
3
5
0
0
0
0
0
0
5
11
13
15
0
0
0
0
0
0
11
14
16
18
0
2
4
6
7
8
20
25
27
29
0
0
0
0
0
0
0
0
0
4
0
0
0
0
0
1
13
18
20
22
0
0
0
0
0
0
0
0
3
5
0
0
0
0
0
0
0
0
1
7
0
0
0
0
2
4
22
27
30
32
0
3
5
6
8
9
11
16
18
19
0
0
0
0
0
0
0
0
1
3
0
0
2
3
4
6
13
16
19
20
0
0
0
0
0
1
18
25
27
28
0
0
0
1
3
4
15
20
22
24
0
0
0
1
2
4
19
22
25
26
0
5
7
9
10
12
22
27
29
31
5
10
13
16
18
20
21
26
29
31
10
16
17
18
20
22
23
29
30
31
9
14
15
16
18
19
24
29
30
31
0
6
9
11
13
15
17
22
25
27
7
12
14
15
17
18
26
31
32
33
5
13
15
17
19
20
22
27
31
33
3
7
10
12
14
15
16
20
23
25
10
15
17
19
21
22
23
29
31
33
2
7
10
12
14
16
17
22
25
27
4
9
11
13
15
16
18
23
25
27
1
7
8
9
11
12
14
19
20
21
4
9
10
11
13
14
15
20
21
22
8
13
16
18
20
22
23
28
31
35
3
6
7
10
11
13
15
18
19
21
6
11
14
16
18
20
25
30
33
35
0
5
7
8
10
11
12
17
19
21
5
8
11
14
16
18
19
22
25
28
10
15
18
20
22
24
25
30
33
35
9
13
16
18
20
21
22
26
29
33
8
13
15
16
18
19
20
25
27
28
5
8
11
12
13
15
16
19
22
23
7
12
13
14
16
17
18
23
24
26
0
5
6
9
10
11
12
17
18
23
0
5
6
10
11
12
13
18
19
22
6
11
14
16
19
21
25
30
33
37
10
15
17
19
21
22
27
32
34
36
1
5
8
10
12
13
15
19
22
27
5
10
11
12
15
16
17
22
23
24
1
4
5
7
8
10
22
25
26
29
39
