time_cost:314498ms
ontime_proportion:0.900000
max_delay:8
avg_delay:0.540000
avg_flowtime:21.660000
object function value:722.000000
0
0
0
1
3
5
6
16
20
23
25
0
0
0
0
0
0
0
0
0
0
0
2
3
6
7
8
17
22
24
27
0
0
0
0
0
0
0
0
1
4
0
0
0
0
0
0
0
0
1
4
0
0
0
1
3
4
14
19
21
22
0
0
0
0
0
1
10
14
17
19
0
0
1
3
4
6
13
16
19
21
0
0
0
0
0
0
0
0
0
0
0
0
0
0
0
0
2
6
7
9
0
0
0
0
0
0
0
0
2
4
0
0
0
0
0
0
0
0
0
0
0
0
0
0
0
0
0
3
6
8
0
0
0
1
4
5
27
31
34
36
0
0
0
0
2
3
12
17
20
25
0
0
0
2
6
8
17
20
22
24
0
0
0
0
0
0
0
6
9
13
0
0
0
0
0
0
0
5
8
10
0
0
0
0
0
0
3
11
19
21
0
0
0
0
2
4
9
14
18
21
0
3
6
9
11
13
14
17
20
24
0
3
6
9
11
14
15
18
21
24
5
8
11
14
16
18
19
22
25
30
9
14
16
18
20
21
23
28
30
32
6
11
17
20
21
22
23
28
29
32
5
10
13
15
17
19
20
25
28
30
6
11
13
18
20
21
22
27
28
32
8
13
14
16
19
20
21
26
27
28
9
14
17
19
20
21
22
27
29
31
3
8
11
13
15
17
18
23
26
31
4
9
12
14
16
18
19
24
27
29
5
10
11
14
15
16
17
22
23
26
3
8
10
12
13
14
15
20
22
24
8
13
14
17
18
19
20
25
26
29
1
6
9
13
14
15
16
21
24
26
4
9
10
11
13
14
15
21
22
23
4
7
10
13
15
17
18
21
24
27
1
4
5
7
8
10
20
23
27
29
12
17
18
19
21
23
25
30
31
32
0
3
6
7
8
10
11
15
19
21
13
17
20
22
24
25
26
30
33
35
10
13
15
17
21
23
25
28
32
34
0
5
7
9
11
12
14
19
23
27
7
12
13
14
18
19
20
25
26
30
0
3
4
6
7
9
11
14
15
17
4
12
15
18
20
22
24
29
30
36
1
6
8
11
12
13
14
19
21
23
8
12
15
17
19
20
21
25
28
32
10
15
18
19
21
23
24
28
31
34
5
10
14
16
19
20
22
27
29
34
38
