time_cost:338609ms
ontime_proportion:0.900000
max_delay:9
avg_delay:0.560000
avg_flowtime:24.520000
object function value:817.333333
0
0
0
3
4
6
7
14
22
25
26
0
0
0
0
0
0
0
0
1
3
0
0
0
0
1
2
9
13
16
19
0
0
0
0
0
0
0
4
7
10
0
0
2
4
5
6
19
27
30
32
0
6
8
14
16
21
23
30
34
36
0
0
0
0
0
0
8
17
20
22
0
0
0
0
0
0
11
16
19
23
0
0
0
0
0
0
9
16
19
21
0
0
0
0
2
4
16
27
30
32
0
0
0
0
0
0
0
0
1
4
0
1
3
5
7
9
11
17
19
21
0
0
0
0
0
0
0
0
0
1
0
0
0
0
0
0
1
4
14
17
0
0
0
1
3
5
10
17
22
25
0
0
0
0
0
0
0
0
0
8
0
0
0
0
0
0
0
0
0
6
0
3
6
8
10
12
13
27
30
32
0
0
0
0
0
0
0
0
0
1
0
0
0
0
0
0
0
0
0
0
13
18
21
23
25
26
28
36
39
40
9
15
18
19
21
22
23
30
33
34
1
6
8
10
12
14
16
21
25
29
11
20
23
25
26
28
29
36
39
41
8
13
16
18
20
23
24
30
33
35
0
5
8
9
11
12
13
22
27
28
5
10
13
15
18
20
21
26
29
30
8
12
15
19
22
23
24
32
35
37
0
3
6
7
9
10
16
19
22
23
4
9
12
15
17
19
20
25
28
31
10
14
17
20
22
24
26
33
36
38
0
3
6
7
9
10
12
19
22
23
5
8
10
13
14
15
17
20
22
25
0
5
6
9
11
12
14
19
20
23
4
9
10
13
15
16
18
23
24
27
3
8
9
12
14
19
21
26
27
32
6
12
15
17
19
20
21
26
30
31
1
6
7
11
13
17
19
24
27
30
6
10
13
14
16
21
27
33
36
37
6
10
13
16
17
18
20
23
25
28
9
12
19
22
23
24
26
29
31
34
0
7
9
16
19
21
23
31
33
35
5
10
13
16
18
19
21
26
32
35
1
6
14
17
19
24
26
35
38
40
4
9
10
13
15
16
18
23
24
34
12
15
17
20
21
23
25
29
31
34
3
9
12
14
15
16
17
21
24
26
6
11
14
15
17
18
19
24
27
28
5
8
10
13
14
17
19
24
26
29
9
14
17
19
20
22
23
28
31
33
42
