time_cost:1071ms
ontime_proportion:0.660000
max_delay:15
avg_delay:2.540000
avg_flowtime:28.180000
object function value:3339.333333
0
0
0
0
1
4
5
14
20
23
24
0
0
0
0
0
1
16
24
26
29
0
0
0
0
1
2
15
21
24
25
0
0
0
0
0
0
15
20
25
31
0
0
0
0
0
0
0
0
2
4
0
0
0
1
3
5
13
19
20
23
0
0
1
4
6
7
15
23
24
27
0
0
3
5
7
9
13
18
21
23
0
0
0
0
0
0
0
3
4
7
0
0
0
0
0
0
0
0
0
0
0
0
0
0
1
3
13
20
22
24
0
1
3
6
7
8
18
22
24
28
0
3
6
8
9
10
12
27
37
39
0
0
0
1
3
5
15
21
24
26
0
0
0
0
0
0
0
2
5
7
0
0
0
0
0
0
0
0
0
0
0
0
0
1
4
6
12
18
20
22
0
0
0
0
2
4
12
18
21
23
0
0
0
0
1
2
17
29
31
36
0
0
0
0
0
0
20
26
29
32
6
11
14
16
17
19
20
27
36
38
5
10
11
14
16
17
20
25
28
31
1
6
7
10
12
13
20
25
27
30
10
16
19
21
22
23
26
32
35
37
0
5
8
11
13
15
24
29
30
33
5
10
13
16
18
20
21
26
33
36
7
12
14
17
20
21
25
30
31
34
0
5
7
9
11
13
25
30
32
34
7
13
16
19
21
23
25
31
34
37
5
10
13
14
16
17
18
23
26
27
10
13
16
17
19
20
21
24
27
28
7
12
15
16
18
19
20
26
29
30
12
18
21
22
26
27
30
37
40
41
8
13
16
18
22
25
29
34
37
39
3
8
11
14
16
18
19
24
34
40
2
7
8
11
13
14
16
21
23
26
10
15
18
20
25
27
30
38
41
43
10
15
18
20
24
26
30
35
39
41
11
16
19
21
23
25
30
35
38
40
5
10
11
16
18
19
21
26
27
33
2
7
9
15
19
21
25
30
41
43
3
8
12
18
20
23
25
31
32
35
2
7
10
13
21
23
26
32
39
41
4
9
11
13
15
17
19
24
26
28
7
12
15
19
21
22
23
28
31
32
0
5
8
9
11
12
17
31
34
36
8
15
18
19
21
22
23
28
31
32
2
7
10
12
14
16
24
31
34
36
1
4
6
9
10
11
13
22
28
31
9
15
18
20
22
24
25
34
37
39
45
