time_cost:328342ms
ontime_proportion:0.960000
max_delay:8
avg_delay:0.220000
avg_flowtime:21.960000
object function value:132.000000
0
0
0
0
0
0
0
0
1
3
5
0
0
0
0
0
0
5
14
16
18
0
0
0
2
3
5
10
14
17
19
0
0
0
0
0
0
8
13
16
17
0
0
0
2
4
5
15
18
25
27
0
0
0
0
1
3
8
20
25
28
0
0
1
2
4
5
10
14
15
18
0
0
0
0
0
0
0
3
6
11
0
0
0
0
0
0
0
0
0
0
0
0
0
1
2
3
7
11
12
13
0
0
0
0
0
0
0
0
1
11
0
0
0
0
0
1
13
17
20
23
0
0
0
0
0
0
0
0
0
4
0
0
0
1
3
4
10
16
18
26
0
0
0
2
4
5
16
21
23
26
0
0
0
0
0
0
0
2
8
11
0
0
0
0
0
0
0
0
3
6
0
0
1
4
6
7
11
14
18
21
0
0
0
0
1
3
12
15
18
21
0
0
0
0
0
0
0
0
0
6
0
3
5
7
9
10
14
17
21
23
1
4
5
8
9
11
21
24
36
39
7
10
11
14
16
17
18
21
23
26
8
12
14
15
17
19
21
25
27
28
11
14
16
19
23
24
25
28
33
36
2
6
7
8
9
10
11
16
21
22
0
5
6
8
10
12
13
18
19
21
0
5
7
9
11
12
14
19
22
24
4
7
8
11
12
14
16
20
26
29
8
13
16
18
20
21
22
27
29
31
3
8
13
16
17
19
20
25
28
31
3
8
11
14
15
17
18
23
26
29
5
8
9
12
19
21
22
25
31
34
13
16
19
21
23
24
26
29
31
33
13
16
17
20
21
23
24
27
33
36
6
11
14
16
19
21
22
26
29
31
7
11
14
16
17
19
20
24
27
29
3
8
9
11
12
14
17
23
29
33
10
15
17
18
20
21
22
27
28
29
3
7
8
9
10
11
14
18
21
23
8
11
13
14
15
17
19
22
24
25
11
15
21
23
24
26
27
31
34
36
5
11
12
14
16
18
19
24
25
27
0
5
7
9
11
12
14
19
21
23
4
8
11
14
15
16
18
22
25
28
1
5
8
11
12
13
15
19
22
25
2
7
11
13
14
16
21
26
31
34
10
13
14
17
21
23
24
28
36
39
5
10
14
17
18
20
21
26
29
32
0
3
5
9
12
13
15
18
23
25
40
