time_cost:1154ms
ontime_proportion:0.760000
max_delay:9
avg_delay:1.260000
avg_flowtime:24.420000
object function value:2214.000000
0
0
0
1
4
5
7
8
13
16
21
0
0
0
1
2
4
6
10
12
14
0
0
0
1
2
3
25
30
33
34
0
0
0
0
0
0
10
13
21
27
0
0
0
0
0
0
0
0
4
7
0
0
0
0
0
0
4
10
13
16
0
0
0
2
4
5
9
18
21
23
0
0
0
0
0
0
0
0
0
3
0
0
0
0
1
2
13
19
29
33
0
0
3
6
7
9
10
15
18
21
0
0
0
0
0
0
0
0
1
4
0
0
0
0
0
0
0
2
4
6
0
0
0
0
0
0
0
0
0
0
0
0
2
4
6
7
24
30
35
37
0
2
3
6
7
9
12
15
19
22
0
0
0
0
1
2
9
23
26
29
7
12
18
21
22
24
25
29
32
34
0
0
0
0
0
0
9
24
27
32
0
0
0
2
3
4
15
30
34
35
0
0
0
0
0
1
14
29
31
32
1
6
9
12
15
17
18
23
26
29
0
5
8
12
15
17
18
27
32
35
10
14
16
17
19
20
21
25
26
27
13
18
20
22
23
25
26
31
34
36
3
7
10
12
13
15
16
20
23
25
4
9
12
15
16
18
19
24
27
30
0
3
4
7
9
10
11
14
15
19
0
4
7
9
11
13
14
21
24
26
10
15
18
20
21
23
24
29
30
32
4
9
11
13
15
16
17
22
25
27
5
12
15
18
19
20
22
26
30
33
3
8
10
12
14
15
16
21
23
25
0
3
6
13
17
18
19
29
33
37
3
6
7
10
12
13
14
17
22
25
3
7
10
12
13
15
16
20
23
25
7
15
17
19
21
22
24
27
29
32
7
18
21
23
24
26
27
31
34
36
17
20
23
26
27
29
30
33
35
38
6
11
12
13
14
15
16
20
22
23
14
17
20
22
24
25
27
30
33
35
9
12
14
16
18
19
21
24
26
30
2
5
7
8
9
11
13
16
20
21
5
10
11
12
13
14
15
19
22
23
9
12
15
18
20
21
22
26
27
30
12
16
19
20
22
23
29
33
36
37
6
11
14
16
17
19
20
26
29
31
3
9
12
14
15
17
18
26
32
34
0
3
5
7
10
11
13
17
19
24
9
14
17
19
20
22
24
29
31
33
3
6
7
10
12
13
23
27
30
33
39
