time_cost:1065ms
ontime_proportion:0.660000
max_delay:13
avg_delay:2.920000
avg_flowtime:27.660000
object function value:3322.000000
0
0
0
0
1
4
6
16
30
33
34
0
0
0
0
0
1
24
29
35
39
0
0
0
0
1
2
31
36
39
40
0
0
0
0
0
0
17
22
25
28
0
0
0
0
0
0
0
0
2
4
0
0
0
1
3
4
12
17
19
22
0
0
1
4
6
7
24
30
34
37
0
0
3
5
7
9
15
21
24
32
0
0
0
0
0
0
0
3
4
7
0
0
0
0
0
0
0
0
0
0
0
0
0
0
1
3
11
16
18
20
0
1
3
6
7
8
13
21
23
26
0
3
6
8
9
10
20
27
37
39
0
0
0
1
3
5
10
15
18
20
0
0
0
0
0
0
0
2
5
7
0
0
0
0
0
0
0
0
0
0
0
0
0
1
4
6
18
32
36
41
0
0
0
0
2
5
11
17
20
22
0
0
0
0
1
2
16
30
33
36
0
0
0
0
0
0
15
20
22
25
5
10
14
16
17
19
20
25
28
30
5
10
11
14
16
17
19
24
25
28
1
6
7
10
13
14
16
22
30
33
10
14
17
19
21
22
23
26
29
31
12
18
19
23
25
26
28
33
34
37
7
13
18
21
25
27
30
35
39
43
6
11
12
15
18
19
21
26
28
31
0
8
10
16
21
23
25
30
32
34
8
13
15
18
20
21
23
28
29
32
6
11
14
15
17
19
20
25
28
30
3
8
11
12
14
15
16
19
22
23
5
11
14
15
17
18
19
24
27
28
11
16
21
22
24
26
29
32
38
39
0
5
8
10
11
13
14
19
22
24
3
12
15
18
20
22
23
28
31
34
9
15
18
24
26
27
29
34
35
38
10
17
20
22
23
25
28
33
39
41
5
10
13
15
16
18
19
24
27
29
0
5
8
10
11
13
14
19
22
24
8
14
15
18
20
21
24
29
30
41
10
15
17
19
22
24
26
31
33
35
3
10
12
16
18
19
24
31
32
35
2
7
10
12
14
16
29
34
37
39
4
9
11
13
15
17
19
24
26
28
7
14
17
18
20
21
22
27
30
34
0
5
8
9
11
12
13
18
21
22
1
6
9
11
13
14
15
20
23
24
2
7
10
12
14
16
17
22
25
27
1
4
6
9
10
11
25
32
34
37
6
11
15
17
18
20
21
28
31
33
45
