time_cost:20206ms
ontime_proportion:0.840000
max_delay:9
avg_delay:0.700000
avg_flowtime:23.220000
object function value:1374.000000
0
0
0
0
0
1
2
14
19
23
27
0
0
0
0
0
0
17
26
30
33
0
0
0
0
0
0
0
0
1
3
0
0
14
18
19
21
22
27
30
34
0
0
0
0
0
0
0
0
0
0
0
0
0
1
2
4
10
14
17
19
0
0
0
0
0
1
12
17
27
30
0
0
0
0
0
0
9
13
14
15
0
0
0
0
0
0
0
0
0
3
6
11
14
16
18
19
20
25
27
29
0
0
1
2
3
4
14
19
20
21
0
0
0
0
0
0
0
0
0
2
0
1
3
4
5
7
14
17
20
21
0
0
1
4
5
7
11
19
23
26
0
3
6
13
14
15
17
21
24
27
0
2
3
6
9
10
12
15
18
21
0
0
0
1
2
3
25
31
35
38
0
0
0
0
0
0
0
0
0
0
0
0
0
0
0
0
21
25
27
28
0
0
3
6
9
11
12
17
20
23
4
8
11
14
15
16
18
22
33
36
3
8
9
11
12
14
15
20
21
23
2
7
9
11
14
18
19
24
26
28
8
12
13
14
21
22
25
29
30
31
0
3
5
6
7
9
11
14
17
18
5
9
11
12
15
17
19
23
25
26
8
12
13
14
17
19
20
24
28
29
1
6
7
9
10
12
13
18
20
22
3
9
11
13
15
16
17
22
24
26
8
13
16
17
19
20
21
25
26
27
4
7
9
11
13
14
16
19
21
23
4
7
8
11
13
14
15
18
20
23
8
13
17
20
21
23
24
29
32
35
3
8
10
12
14
15
16
21
23
25
3
8
9
11
12
14
15
20
21
23
2
9
12
15
16
17
19
23
26
29
8
13
16
19
20
21
23
29
33
37
5
9
11
12
17
19
22
26
28
30
7
10
14
17
20
21
22
25
26
29
1
4
6
8
10
11
14
17
29
31
1
6
12
14
18
22
24
27
29
33
6
10
15
18
19
20
22
26
29
32
2
5
6
9
11
12
13
16
17
20
10
16
22
24
25
27
28
33
36
38
10
14
18
20
21
23
24
28
31
33
1
5
6
7
8
9
12
16
19
20
8
12
15
17
18
20
24
28
31
34
7
11
12
13
16
17
18
22
23
24
7
12
13
16
18
19
20
23
24
27
0
3
5
7
8
10
12
16
19
20
39
