time_cost:315991ms
ontime_proportion:0.860000
max_delay:7
avg_delay:0.500000
avg_flowtime:21.940000
object function value:1131.333333
0
0
0
0
0
0
0
0
1
4
6
0
0
2
5
6
7
11
14
20
23
0
0
0
0
0
0
0
0
0
0
0
1
4
6
7
8
9
12
15
17
0
0
0
3
4
5
22
29
31
34
0
0
0
0
0
0
0
0
3
5
0
0
0
0
0
0
0
0
1
2
0
0
0
0
0
0
0
0
0
1
0
0
0
0
0
0
0
0
0
3
0
0
0
0
0
0
0
0
1
3
0
0
0
0
2
3
11
20
23
26
0
0
0
0
0
0
0
1
4
6
0
0
0
0
1
2
17
27
30
32
0
0
0
0
0
0
0
0
0
1
0
0
0
0
0
0
0
0
0
0
0
0
0
0
0
0
17
22
25
27
0
0
0
0
0
0
0
0
3
4
0
0
1
4
6
8
9
14
24
27
0
0
0
0
0
0
0
0
0
6
0
0
0
1
2
3
10
17
21
23
7
13
16
18
20
22
23
30
33
35
4
9
10
13
15
16
18
23
26
29
1
6
8
12
14
16
18
23
25
27
5
11
14
18
20
22
23
28
31
35
8
15
18
20
22
24
25
31
34
36
12
21
22
25
27
28
30
35
36
39
0
3
6
8
9
10
24
32
35
37
8
12
14
17
18
19
21
25
27
30
6
11
14
15
17
18
19
24
27
28
11
18
21
23
25
27
28
33
36
38
6
14
17
22
24
25
27
32
33
39
12
20
23
25
27
29
30
35
38
40
3
6
9
10
12
13
14
17
20
21
4
9
12
14
16
18
19
24
27
29
8
14
17
18
20
21
22
27
30
31
0
3
5
8
9
10
12
15
17
20
4
7
9
12
13
14
16
19
21
24
3
8
11
14
16
18
19
24
27
30
9
17
20
22
23
24
25
28
31
33
0
5
13
15
18
20
21
26
29
31
4
9
12
14
15
17
18
23
26
28
1
6
9
11
12
14
15
20
23
25
5
10
13
16
18
20
21
27
30
33
6
11
14
20
22
24
25
30
33
37
5
8
10
13
14
15
24
30
32
35
10
16
17
20
22
23
26
34
37
40
2
5
7
10
11
12
14
17
19
22
5
8
11
13
14
15
16
19
22
24
2
5
8
10
11
12
13
16
19
21
15
21
25
27
29
30
31
36
39
40
42
