time_cost:296922ms
ontime_proportion:0.900000
max_delay:5
avg_delay:0.320000
avg_flowtime:21.460000
object function value:715.333333
0
0
0
0
0
0
0
0
0
2
5
0
0
2
3
4
6
8
11
13
16
0
0
0
0
0
0
0
0
13
16
0
0
0
0
0
0
9
14
17
23
0
0
0
0
0
0
0
0
1
3
0
0
0
0
0
1
12
16
21
22
0
0
0
1
3
4
8
13
17
19
0
0
0
0
0
0
11
16
19
21
0
1
2
5
7
8
9
12
14
17
0
0
1
4
6
7
12
18
21
23
0
0
0
0
0
0
0
0
3
5
0
0
0
0
0
0
0
0
0
2
0
2
5
8
10
11
16
19
21
25
0
0
0
2
3
5
13
20
24
27
0
0
0
0
0
0
1
6
8
10
0
0
0
0
1
2
6
9
10
16
0
0
0
0
0
0
0
0
0
0
0
0
0
0
0
0
0
0
0
0
0
0
0
0
1
3
9
13
17
18
0
0
0
0
0
0
0
0
0
0
5
10
13
14
15
16
17
21
22
23
3
10
13
15
17
18
19
24
26
28
8
12
15
17
18
20
21
25
28
30
3
10
12
14
17
18
19
24
27
30
4
7
8
11
12
14
16
22
24
27
2
7
10
14
15
17
18
23
26
29
1
4
5
10
12
13
14
17
18
21
8
11
14
17
18
20
21
24
25
28
7
12
14
17
18
20
21
26
29
31
5
8
10
12
14
15
17
20
23
25
1
4
16
19
21
22
23
26
27
32
0
3
4
12
15
17
19
23
27
30
8
13
17
19
21
22
24
27
30
32
7
11
12
13
16
17
19
24
32
33
4
8
9
10
11
12
19
23
25
26
4
9
12
15
16
18
19
25
28
31
16
21
23
24
25
27
29
32
35
36
9
12
16
21
23
24
26
29
31
34
11
17
19
21
22
24
25
30
32
34
1
6
9
12
13
15
16
21
24
27
16
19
22
23
24
26
28
31
34
35
11
16
19
21
23
24
25
30
33
35
0
3
4
14
16
18
22
26
30
33
0
3
4
7
8
10
11
14
20
24
6
12
15
18
20
22
23
28
29
32
4
8
11
13
14
16
18
23
30
32
4
9
10
12
13
15
16
21
23
25
0
3
7
10
11
13
14
17
20
23
0
5
7
9
10
12
22
27
33
35
0
5
6
8
9
11
12
17
18
20
37
