time_cost:23519ms
ontime_proportion:0.740000
max_delay:9
avg_delay:1.480000
avg_flowtime:24.920000
object function value:2430.666667
0
0
0
1
4
5
7
24
29
35
38
0
0
0
1
2
4
8
18
20
21
0
0
0
1
2
3
13
17
21
22
0
0
0
0
0
0
10
15
29
33
0
0
0
0
0
0
0
0
4
7
0
0
0
0
0
0
8
14
17
22
0
0
0
2
4
5
15
29
34
36
0
0
0
0
0
0
0
0
0
3
0
0
0
0
1
2
7
14
17
27
0
0
3
6
7
9
10
15
29
32
0
0
0
0
0
0
0
0
1
5
0
0
0
0
0
0
0
2
4
6
0
0
0
0
0
0
0
0
0
0
0
0
2
4
6
7
20
27
30
32
0
2
3
6
7
9
12
15
17
20
0
0
0
0
1
2
9
26
32
37
0
3
6
8
9
11
12
16
19
21
0
0
0
0
0
0
13
29
33
37
0
0
0
2
3
4
13
20
21
22
0
0
0
0
0
1
7
13
16
17
1
6
9
14
15
17
18
23
26
33
0
5
8
11
12
14
15
20
23
26
16
20
22
23
24
25
28
32
35
36
8
13
15
17
18
20
21
26
27
29
6
12
15
17
19
21
22
28
32
34
4
9
12
15
16
18
19
24
27
30
3
9
12
15
17
18
19
22
23
29
0
4
7
9
10
12
13
17
20
22
12
17
20
22
23
25
26
31
33
35
4
11
14
16
18
19
26
31
34
36
1
5
8
11
12
13
15
19
22
25
9
14
16
18
20
21
22
27
29
31
6
12
15
20
22
23
24
27
28
31
13
16
18
21
23
24
25
28
30
33
3
7
10
12
13
15
16
20
23
25
5
10
13
15
18
19
21
24
26
28
0
8
11
13
14
16
17
21
25
27
5
8
9
12
21
23
25
29
32
35
9
13
15
16
19
20
28
32
36
37
10
13
16
18
20
21
23
26
28
31
5
8
10
12
14
15
17
20
22
24
4
10
12
13
16
18
20
23
25
26
8
12
14
15
17
18
19
23
24
25
2
5
6
9
11
12
14
17
21
25
8
12
13
14
21
22
29
33
36
38
4
8
12
14
15
17
18
22
25
27
4
11
14
16
18
20
21
26
31
33
0
3
5
7
9
10
12
25
27
34
5
10
11
13
14
16
20
25
26
28
13
16
18
23
25
26
27
30
31
35
39
