time_cost:916ms
ontime_proportion:0.780000
max_delay:7
avg_delay:0.880000
avg_flowtime:22.440000
object function value:1948.000000
0
0
0
0
0
0
0
0
0
1
3
0
0
0
0
0
0
0
0
0
2
0
0
0
0
0
0
0
0
0
0
0
0
0
0
0
0
0
0
0
0
0
0
0
0
0
0
0
0
1
3
0
0
0
0
0
0
0
0
0
0
0
2
5
7
9
11
12
17
20
22
0
0
0
0
0
0
14
19
21
23
0
0
0
0
0
0
0
0
2
4
0
2
4
6
7
8
26
31
33
35
0
0
0
0
0
0
21
26
28
32
0
0
1
2
4
5
10
15
16
17
0
0
0
0
0
0
0
0
1
4
0
0
0
0
0
1
26
32
33
34
0
0
2
4
5
6
11
16
18
20
0
0
0
2
4
6
12
17
20
22
0
0
0
0
1
3
11
15
18
21
0
0
0
0
0
0
24
29
31
33
0
0
0
0
1
3
25
28
29
31
0
0
0
0
0
1
21
24
25
28
5
10
12
16
18
19
21
26
28
35
1
6
8
9
11
12
14
21
23
27
3
8
10
11
13
14
15
20
22
23
5
10
11
14
15
16
18
23
24
27
4
9
11
13
14
15
16
21
23
25
2
7
8
9
11
12
13
18
19
21
6
9
12
15
17
19
20
23
27
30
0
5
6
13
14
15
16
22
23
26
5
10
12
14
16
17
19
24
26
29
6
11
14
15
17
18
19
24
26
27
10
16
18
25
27
28
30
35
37
39
7
10
11
13
14
16
18
21
22
24
8
12
15
17
19
20
21
26
29
31
8
13
16
18
20
22
23
28
31
33
9
13
16
18
20
21
22
26
29
32
6
11
13
18
20
21
23
28
30
33
1
6
8
10
11
12
17
22
24
26
10
14
17
19
21
22
24
29
32
34
6
11
13
15
16
17
18
23
25
27
2
5
8
11
12
14
15
18
21
22
0
3
6
7
8
10
26
29
32
33
2
7
9
11
13
14
16
21
23
31
10
13
14
16
18
20
23
26
27
29
1
6
7
8
10
11
12
17
18
19
3
6
9
12
14
16
17
20
23
24
9
14
16
20
22
23
25
30
32
37
3
8
9
12
16
17
20
26
28
31
13
18
19
22
23
24
25
31
33
36
7
12
14
17
18
19
20
25
26
29
13
16
17
19
20
22
24
27
30
32
41
