time_cost:274783ms
ontime_proportion:0.940000
max_delay:5
avg_delay:0.220000
avg_flowtime:20.720000
object function value:290.666667
0
0
0
0
0
0
0
13
19
25
27
0
0
0
0
0
0
0
3
4
6
0
0
0
0
0
0
0
0
0
0
0
0
3
5
7
8
12
17
21
23
0
0
0
0
0
0
0
4
5
7
0
0
0
0
0
0
1
5
6
11
0
0
0
0
0
0
0
0
0
2
0
0
0
0
0
1
13
17
18
23
0
0
0
0
0
0
0
3
6
8
0
0
0
0
0
0
7
12
14
17
0
0
0
0
1
2
10
16
18
22
0
0
0
0
1
3
13
18
21
24
0
0
0
0
0
0
0
0
0
0
0
0
0
0
0
0
0
0
2
5
0
0
0
0
0
0
0
0
0
2
0
0
0
0
0
0
0
0
0
1
0
0
0
0
0
1
9
14
17
20
0
0
0
0
0
0
10
17
19
21
0
0
0
0
0
0
0
1
4
6
0
0
1
3
5
7
16
20
26
28
9
13
16
18
20
21
22
26
31
33
7
11
14
16
18
19
22
26
29
31
6
10
11
14
16
18
19
23
24
26
0
5
7
10
13
15
16
21
26
29
11
16
18
21
22
23
26
31
33
36
1
6
7
10
11
12
13
18
19
23
1
6
8
10
11
13
15
20
22
24
3
7
12
14
16
17
18
23
28
30
10
15
17
20
21
23
24
29
33
36
1
4
8
9
10
11
15
18
22
23
9
13
16
21
23
24
25
29
32
35
4
9
11
13
15
16
18
23
24
26
5
10
11
14
15
16
17
22
23
26
14
17
20
22
24
26
27
30
32
34
5
10
12
15
19
21
22
27
29
32
5
9
10
12
14
17
18
22
23
25
10
14
17
19
21
22
23
27
30
33
8
13
14
17
18
19
20
25
26
29
5
8
10
11
12
13
15
18
21
22
6
10
12
16
17
18
20
24
27
29
7
12
14
16
17
19
21
26
28
30
2
5
6
8
10
12
13
17
20
24
1
5
6
10
12
14
22
29
31
33
4
9
10
12
14
15
17
22
23
25
3
7
9
11
13
15
16
20
24
26
5
9
10
12
14
16
17
21
22
27
9
13
14
17
19
21
22
26
28
31
3
7
8
11
16
18
19
23
25
28
0
4
5
8
9
10
26
30
34
36
12
15
17
18
19
20
22
25
27
30
37
