time_cost:738ms
ontime_proportion:0.960000
max_delay:2
avg_delay:0.080000
avg_flowtime:19.600000
object function value:53.333333
0
0
0
1
2
4
6
12
17
20
21
0
0
0
0
0
0
16
19
25
27
0
0
0
0
0
0
0
0
0
0
0
1
3
4
5
7
9
12
16
18
0
0
0
1
2
3
10
14
17
19
0
0
0
0
1
3
12
15
19
20
0
0
1
3
4
5
9
14
16
18
0
0
0
0
0
1
9
13
15
17
0
0
1
4
6
7
12
15
20
24
0
0
0
0
0
0
0
0
1
3
0
0
0
0
0
0
0
0
1
2
0
0
0
0
0
0
0
5
7
11
0
0
0
0
1
2
6
10
12
14
0
0
0
0
0
0
0
0
0
0
0
0
0
0
0
1
11
15
18
20
0
0
0
0
1
4
10
13
16
18
0
0
0
0
0
0
0
0
0
0
0
0
0
0
0
0
0
0
0
1
0
0
0
0
0
0
0
0
0
0
0
0
0
1
3
5
11
16
20
21
4
9
11
12
15
17
18
23
25
26
5
9
11
12
14
15
17
21
23
24
2
6
7
9
11
12
13
17
18
20
4
8
9
11
13
14
15
19
20
22
0
3
5
6
7
9
14
17
22
26
11
14
16
19
21
22
23
27
28
31
6
11
13
15
17
18
20
25
27
29
5
10
12
14
15
18
20
25
27
29
7
10
12
14
15
17
19
22
23
25
0
3
5
7
8
9
12
16
18
24
8
12
14
17
18
22
24
27
28
30
2
7
9
11
12
13
15
20
24
26
3
6
7
9
12
16
18
21
22
24
3
7
10
13
14
16
18
21
24
26
2
6
7
9
11
12
14
18
19
24
8
11
12
14
18
20
22
25
26
28
0
4
6
7
9
10
13
19
21
25
1
4
5
7
8
10
15
18
21
27
6
12
14
16
18
20
22
26
27
29
4
7
10
12
13
15
17
20
23
25
1
5
8
14
16
20
22
26
29
31
10
13
15
18
20
21
22
26
28
31
0
5
7
8
10
12
13
18
20
22
1
4
5
8
10
11
12
15
17
20
9
13
14
16
19
22
24
27
29
31
6
10
12
15
16
18
20
23
25
27
9
12
14
16
19
22
24
27
29
31
7
12
14
15
17
19
20
25
27
30
5
9
10
12
14
15
16
20
21
23
5
8
10
12
13
14
16
19
21
23
33
