time_cost:866ms
ontime_proportion:0.880000
max_delay:5
avg_delay:0.300000
avg_flowtime:21.820000
object function value:927.333333
0
0
0
0
0
0
0
0
0
0
1
0
0
0
0
0
4
13
16
21
23
0
0
0
0
0
2
10
14
18
20
0
0
0
0
3
6
20
23
24
26
0
0
1
3
4
6
12
16
22
24
0
0
1
3
5
6
9
13
15
19
0
0
0
0
0
0
12
15
18
21
0
0
0
0
0
0
0
0
0
0
0
0
0
0
0
0
0
0
0
4
0
0
0
0
0
0
0
0
0
2
0
0
0
0
2
3
11
15
18
20
0
0
0
0
0
0
0
0
0
0
0
4
5
7
9
10
11
15
16
21
0
0
0
0
0
0
0
1
2
4
0
1
3
4
6
7
9
13
15
18
0
0
0
0
0
0
8
13
16
21
0
0
0
0
2
4
14
18
19
23
0
0
0
0
0
0
12
16
17
20
0
0
0
0
0
0
11
15
17
19
0
0
0
0
1
2
18
24
26
28
9
13
15
17
18
23
25
28
29
31
5
8
11
16
17
19
21
24
27
29
3
7
8
10
12
13
15
19
20
22
8
12
14
16
17
19
21
24
26
28
1
5
6
8
10
11
13
17
18
21
2
5
8
11
12
17
19
22
25
27
0
5
7
9
10
11
16
21
23
25
0
3
5
6
7
9
15
18
21
22
9
12
13
15
20
25
27
30
31
33
10
14
16
18
20
23
25
28
30
32
3
7
8
12
14
15
17
21
22
24
5
9
10
12
15
17
19
23
24
26
5
10
13
15
16
19
21
24
27
30
11
14
16
18
21
25
27
30
31
33
9
13
15
16
18
21
23
26
28
29
7
11
12
17
19
21
23
27
29
31
4
9
11
13
14
15
17
22
24
26
2
6
7
9
11
12
15
19
20
23
1
4
6
10
11
21
23
26
28
30
1
6
8
10
12
14
15
20
22
23
0
5
7
8
10
12
13
18
20
21
4
8
10
12
14
15
17
21
23
24
5
9
10
14
16
17
19
23
24
27
2
7
9
11
12
13
23
29
33
35
6
10
12
14
16
17
19
23
25
28
4
9
11
13
14
15
23
28
32
34
8
12
13
15
18
21
23
26
27
29
7
11
12
16
22
27
29
33
34
36
6
10
13
15
16
19
21
25
28
32
7
11
14
17
20
23
25
28
30
32
38
