time_cost:1240ms
ontime_proportion:0.780000
max_delay:8
avg_delay:0.880000
avg_flowtime:22.560000
object function value:1952.000000
0
0
0
0
2
4
6
19
24
27
32
0
0
0
0
0
0
0
0
0
9
0
0
0
0
0
0
0
0
1
4
0
0
0
0
0
0
0
0
0
3
0
0
0
0
0
0
0
0
0
0
0
0
0
0
0
0
0
2
3
5
0
0
0
0
0
0
9
15
17
19
0
0
0
0
0
0
19
22
23
25
0
2
4
6
7
8
25
30
32
34
0
0
0
0
0
0
0
0
0
2
0
0
0
0
0
1
14
19
22
24
0
0
0
0
0
0
0
0
3
5
0
0
0
0
0
0
0
0
1
5
0
0
0
0
2
4
14
19
22
24
0
3
5
6
8
9
26
31
33
34
0
0
0
0
0
0
0
0
1
7
0
0
2
3
4
6
11
17
20
23
0
0
0
0
0
1
13
18
21
24
0
0
0
1
3
4
22
27
29
35
0
0
0
1
2
4
10
14
17
19
9
15
17
19
20
21
22
29
31
33
9
14
17
19
23
25
26
31
34
36
11
17
19
20
22
23
24
29
30
31
12
17
18
19
21
22
24
29
30
31
7
12
15
19
21
23
24
29
32
34
3
8
9
13
15
16
17
25
28
29
6
11
13
15
17
20
22
27
29
33
3
15
19
21
23
24
25
29
32
34
13
18
20
22
24
25
27
32
34
36
2
7
10
16
18
20
21
26
29
31
4
9
11
13
15
16
18
24
26
28
1
6
7
8
10
11
12
17
19
21
4
9
10
11
13
14
15
20
21
22
5
10
13
15
17
19
20
25
28
30
13
16
17
19
22
24
27
32
33
35
6
11
14
17
20
22
23
28
31
33
0
5
7
8
10
12
14
19
21
22
5
8
11
14
16
18
19
22
25
28
1
6
9
11
13
15
16
21
24
29
5
9
12
14
16
17
18
22
25
27
8
13
15
16
18
19
21
26
28
29
9
13
16
18
22
24
27
31
34
35
7
12
13
14
16
17
18
23
24
25
0
5
6
9
10
11
12
17
18
21
8
13
14
17
18
19
20
25
27
30
2
7
10
12
14
16
17
22
25
27
7
13
15
17
19
20
22
27
29
31
1
5
8
10
12
13
14
18
21
23
4
10
11
12
14
15
16
21
22
27
1
4
5
7
8
10
12
18
19
23
38
