time_cost:340956ms
ontime_proportion:0.780000
max_delay:13
avg_delay:1.600000
avg_flowtime:25.760000
object function value:2058.666667
0
0
0
0
1
4
5
12
20
23
27
0
0
0
0
0
1
21
28
30
33
0
0
0
0
1
2
3
8
11
12
0
0
0
0
0
0
1
6
9
12
0
0
0
0
0
0
0
0
2
6
0
0
0
1
3
4
7
12
14
18
0
0
1
4
6
7
14
20
22
25
0
0
3
5
7
9
17
22
26
28
0
0
0
0
0
0
0
3
4
7
0
0
0
0
0
0
0
0
0
0
0
0
0
0
1
3
13
18
20
24
0
1
3
6
7
8
14
17
19
24
0
3
6
8
9
10
19
24
27
29
0
0
0
1
3
5
12
17
20
22
0
0
0
0
0
0
0
2
5
6
0
0
0
0
0
0
0
0
0
0
0
0
0
1
3
6
14
20
22
24
0
0
0
3
5
7
9
14
17
21
0
0
0
0
1
2
14
19
21
26
0
0
0
0
0
0
16
21
23
27
7
12
16
18
25
27
31
36
39
41
8
13
16
19
21
22
26
31
35
39
9
14
15
19
21
23
27
32
33
36
6
9
12
14
15
16
18
23
26
28
7
12
13
16
19
20
22
27
28
33
10
15
18
21
23
25
26
31
34
37
2
7
8
11
13
14
28
33
36
39
0
5
7
9
11
13
17
22
25
27
13
19
21
24
26
27
30
35
38
41
10
17
20
21
23
24
25
30
33
34
6
9
12
16
18
19
22
27
30
31
8
13
16
17
19
20
22
30
33
34
1
4
7
9
11
12
18
23
26
27
6
11
14
16
17
19
20
25
28
30
4
9
12
15
17
19
21
26
29
35
4
9
13
17
20
21
23
33
34
37
11
16
19
21
22
24
25
30
33
36
12
18
21
23
24
26
27
33
37
39
15
20
24
26
27
29
31
36
39
41
5
10
11
14
16
17
19
26
27
30
2
7
9
11
13
15
22
29
31
36
3
8
9
12
14
15
17
22
24
27
5
10
12
14
19
21
23
28
32
34
9
16
18
20
22
24
26
31
33
36
1
6
9
10
12
13
15
21
24
25
0
5
8
9
11
12
17
24
27
28
1
6
9
10
12
13
17
23
26
27
2
11
14
16
18
20
21
27
30
32
1
4
6
11
13
14
20
26
28
31
9
14
17
19
20
22
23
28
31
33
43
