time_cost:932ms
ontime_proportion:0.780000
max_delay:10
avg_delay:0.920000
avg_flowtime:22.920000
object function value:1964.000000
0
0
0
0
0
0
0
15
19
24
26
0
0
0
0
0
0
0
0
1
4
0
0
0
0
0
0
0
0
2
5
0
0
0
0
0
0
0
0
2
3
0
0
1
4
5
7
11
16
18
21
0
1
3
6
7
9
10
15
17
20
0
0
0
2
4
5
17
21
32
34
0
0
0
0
0
0
0
0
0
0
0
0
0
0
1
3
19
24
32
35
0
1
3
4
5
9
14
17
24
25
0
0
0
0
0
1
19
22
27
29
0
0
0
0
0
1
3
8
11
14
0
0
0
4
6
7
13
17
23
28
0
0
2
4
5
7
9
14
19
23
0
0
1
3
4
5
12
16
18
20
0
0
0
0
2
4
9
12
17
21
0
0
0
0
0
0
0
0
21
26
0
0
0
0
0
0
0
0
0
0
0
0
0
0
0
0
0
2
3
5
0
0
0
0
0
2
16
21
31
33
1
6
8
10
11
13
15
20
22
24
5
10
12
15
16
18
19
24
26
29
4
7
8
10
13
15
16
19
20
22
2
7
9
11
14
16
18
23
25
27
16
20
22
24
26
28
29
33
35
37
1
4
5
7
9
11
12
15
17
19
4
9
11
14
19
21
22
28
30
34
14
18
24
26
28
29
30
34
37
39
3
7
8
10
12
14
15
19
20
22
8
13
23
25
26
28
30
35
37
39
12
17
21
23
25
26
27
31
34
36
4
9
11
13
14
16
18
23
25
27
13
16
17
19
21
23
24
28
33
35
7
12
15
17
19
21
23
28
30
32
7
12
14
16
17
19
21
26
28
30
6
11
13
15
16
20
22
27
31
33
0
4
5
8
10
12
23
27
29
32
7
11
13
15
18
19
20
24
25
27
6
9
10
12
15
17
18
21
22
24
0
3
5
6
7
8
12
16
21
23
1
5
6
8
9
10
11
15
16
18
1
8
11
14
16
18
20
25
27
29
7
12
14
18
19
21
22
27
29
32
9
13
15
17
18
19
20
24
25
30
3
7
8
11
13
15
16
20
21
26
7
12
14
17
18
20
21
26
28
31
4
9
10
13
15
16
17
22
26
29
11
14
15
17
20
22
24
27
29
31
12
17
19
21
23
24
26
31
35
37
4
7
8
10
12
14
15
18
19
21
41
