time_cost:286862ms
ontime_proportion:0.920000
max_delay:10
avg_delay:0.380000
avg_flowtime:23.540000
object function value:584.666667
0
0
0
0
0
0
0
0
0
0
0
0
0
0
0
0
0
0
2
4
5
0
0
0
0
0
0
0
0
0
3
0
0
0
2
4
5
19
24
26
28
0
0
0
0
0
1
10
16
18
20
0
0
0
0
0
0
10
14
17
19
0
0
0
0
0
0
0
0
0
0
0
0
0
1
3
5
15
18
21
24
0
0
1
3
4
6
8
12
13
15
0
3
6
9
11
13
14
17
20
23
0
0
0
0
0
0
15
19
23
25
0
0
2
3
5
6
15
20
23
27
0
0
0
1
2
3
9
14
16
18
0
0
0
1
3
4
17
22
24
30
0
0
0
0
0
0
0
0
1
4
0
0
2
4
6
8
11
22
25
27
0
0
0
0
0
1
12
18
20
22
0
0
0
0
0
0
0
2
4
6
0
0
0
0
0
0
0
0
0
1
0
0
1
4
6
8
15
20
26
28
0
6
7
10
12
14
19
24
25
28
5
10
11
12
14
15
16
21
22
23
7
12
15
17
19
21
22
27
30
32
5
10
12
15
17
18
20
25
27
29
2
7
10
12
15
16
19
24
27
29
9
13
16
18
20
21
22
26
29
31
5
9
14
16
18
19
23
27
30
32
4
11
13
15
17
18
20
26
28
32
5
10
12
14
15
16
17
22
24
26
4
9
10
15
16
17
18
23
24
27
9
14
17
19
21
23
24
29
32
34
1
4
5
7
8
10
13
17
19
21
6
9
10
12
13
17
22
25
26
28
0
5
7
9
11
12
14
19
21
23
10
15
16
20
22
23
24
29
30
31
10
15
16
19
21
22
23
30
31
34
5
10
12
16
18
19
22
28
30
31
11
16
18
20
22
23
25
30
32
34
0
5
8
11
13
15
27
32
35
37
5
10
12
13
15
16
17
22
24
25
0
4
9
11
13
14
21
25
28
31
10
16
19
21
23
25
26
31
34
36
1
7
9
10
16
17
25
30
31
33
0
4
7
9
11
12
27
32
35
37
2
7
9
11
13
14
16
21
23
25
9
12
15
18
20
22
23
27
30
36
14
19
21
22
24
25
29
35
37
38
12
17
18
19
21
22
25
30
31
35
1
6
8
13
15
18
28
34
36
38
6
12
13
14
16
17
18
23
25
27
40
