time_cost:925ms
ontime_proportion:0.800000
max_delay:9
avg_delay:0.960000
avg_flowtime:24.500000
object function value:1816.666667
0
0
0
0
0
0
0
0
0
0
1
8
12
13
15
16
18
19
24
27
29
0
0
1
3
4
5
15
20
24
29
0
1
4
6
8
9
11
17
29
34
0
0
0
0
0
1
24
28
31
33
6
10
11
15
16
17
18
22
24
28
0
0
0
0
0
0
28
33
35
38
0
0
0
0
0
0
18
23
26
28
0
0
0
2
3
5
10
15
18
21
0
0
1
3
5
7
10
14
16
20
0
0
0
0
0
0
0
0
0
0
0
4
6
8
9
11
13
18
20
22
0
0
0
0
0
2
6
10
11
13
0
2
4
5
6
7
27
30
35
36
0
0
0
0
0
0
12
16
18
22
0
0
0
0
0
0
0
1
2
5
0
0
0
0
0
0
13
17
25
27
0
0
0
0
1
2
22
26
29
31
0
0
0
0
0
0
0
0
2
6
10
13
15
17
22
24
25
29
30
32
8
11
13
14
15
17
19
22
24
25
2
7
10
13
14
15
16
21
22
25
10
15
17
19
20
22
24
29
31
33
0
5
7
9
10
12
14
19
21
23
6
11
13
16
18
20
21
26
28
31
5
8
10
11
12
13
15
18
20
21
7
10
11
13
16
21
24
27
28
30
21
24
26
27
28
29
31
34
36
37
2
7
8
20
22
23
26
31
33
35
11
16
17
19
21
22
26
31
33
35
1
6
8
10
11
13
15
20
22
24
8
13
14
16
18
19
25
30
32
34
0
5
6
10
12
14
16
21
22
26
1
8
16
22
24
25
27
32
33
37
5
10
12
15
17
19
23
28
30
33
2
6
9
11
13
14
15
19
22
24
4
9
10
12
13
15
16
20
21
23
8
12
15
16
17
18
20
23
25
26
4
8
11
13
15
16
17
21
24
26
0
4
5
7
8
9
20
24
26
28
10
13
15
17
19
21
23
26
30
32
5
10
13
15
16
18
20
25
27
29
10
14
16
19
21
24
28
32
34
36
2
5
7
8
9
10
12
15
18
21
3
8
9
11
13
16
18
23
24
28
7
11
13
18
20
22
23
26
27
29
4
8
9
11
12
13
14
18
19
21
0
3
4
6
8
10
16
19
20
25
8
12
15
17
19
20
21
25
28
30
0
4
5
7
9
11
12
16
17
19
39
