time_cost:334750ms
ontime_proportion:1.000000
max_delay:0
avg_delay:0.000000
avg_flowtime:21.620000
object function value:-279.333333
0
0
0
1
4
6
7
9
14
16
21
0
0
0
0
0
0
0
0
1
3
0
0
0
0
0
0
0
0
0
2
5
10
12
14
15
17
19
24
26
28
0
0
2
4
5
6
14
20
22
24
0
0
0
0
0
1
8
14
15
17
0
0
0
0
0
0
0
0
0
0
0
0
0
0
0
0
0
0
0
1
0
0
0
0
0
0
11
18
20
24
0
0
1
3
4
5
17
20
22
24
0
0
0
0
1
3
8
12
15
17
0
0
0
0
0
0
0
2
4
6
5
10
12
14
15
17
20
25
27
29
0
0
0
0
0
1
12
16
21
23
0
0
0
0
0
0
0
0
0
1
0
0
0
0
0
2
11
16
19
21
0
0
0
0
1
3
11
15
19
21
0
0
0
0
1
2
19
24
26
28
5
9
11
13
14
15
17
22
24
26
0
0
2
5
7
8
10
15
18
20
3
6
11
13
14
16
18
21
24
26
0
3
6
9
10
12
14
17
21
23
4
8
9
11
13
15
17
21
22
24
4
8
9
11
13
14
15
19
21
23
3
7
8
11
14
18
19
22
23
26
2
5
7
10
11
12
14
17
19
21
10
15
17
19
20
23
25
30
32
34
1
5
7
8
11
12
15
19
21
22
3
6
7
9
10
12
14
17
18
20
8
11
12
14
16
21
23
26
27
29
11
14
16
17
19
25
27
30
32
33
2
6
7
10
12
15
17
21
23
27
0
4
5
7
9
10
11
15
19
21
1
4
5
8
10
11
12
15
16
19
2
7
9
10
12
14
15
22
24
25
2
7
10
12
14
17
19
22
25
27
0
4
5
7
9
10
12
16
17
19
4
8
10
11
13
14
16
20
23
24
6
9
13
15
18
21
23
26
29
31
0
3
4
6
7
9
20
24
25
27
13
17
19
20
22
25
27
31
33
34
6
12
14
16
17
19
22
27
29
32
6
12
14
15
16
19
21
24
26
27
9
14
16
18
20
23
24
28
29
31
2
6
8
10
12
14
15
19
20
24
0
9
12
14
16
19
21
24
27
29
6
12
14
16
18
21
23
28
30
32
6
11
13
15
16
19
21
26
28
30
9
13
15
16
18
23
25
29
31
32
7
12
14
16
18
21
23
28
30
32
36
