time_cost:1057ms
ontime_proportion:0.840000
max_delay:12
avg_delay:0.980000
avg_flowtime:22.280000
object function value:1342.666667
0
0
0
0
0
0
0
0
0
0
0
0
0
0
0
0
0
0
0
0
0
0
0
1
3
4
5
28
32
34
36
0
0
0
1
3
5
12
16
21
23
0
0
0
0
0
0
0
3
4
6
0
0
0
0
0
0
0
0
2
4
0
0
0
0
0
1
12
16
21
24
0
4
5
8
10
12
13
17
18
24
0
0
0
0
0
0
0
0
0
0
0
0
0
0
0
0
0
1
2
4
0
0
0
0
0
0
0
0
1
4
0
0
1
3
5
7
8
12
16
20
0
0
0
0
0
2
30
35
38
41
0
0
0
0
0
0
0
1
3
5
0
0
0
4
7
8
10
15
18
20
0
0
0
0
0
1
8
13
17
18
0
0
0
0
0
1
20
25
31
33
0
0
1
4
6
8
9
14
18
22
0
0
0
2
4
5
30
36
38
40
0
0
0
0
0
0
0
2
3
8
7
12
14
18
20
21
23
28
29
31
9
13
16
18
20
22
23
27
28
30
7
10
16
18
20
21
23
26
29
30
5
10
11
14
15
16
17
22
23
26
7
12
13
16
17
18
19
24
35
40
7
12
14
16
17
19
21
26
28
32
13
16
26
28
30
32
33
36
38
40
5
8
9
11
13
15
16
19
20
22
4
9
10
13
14
15
16
21
22
25
0
3
4
6
8
10
11
14
16
18
10
15
17
19
21
23
25
30
33
35
7
11
14
16
18
20
28
32
33
35
3
7
8
11
15
17
18
22
25
30
2
7
11
15
16
18
19
24
26
29
12
15
18
20
24
26
27
30
32
34
5
9
12
14
16
17
18
22
25
27
3
7
13
16
18
20
21
25
26
29
2
5
6
8
10
12
15
18
19
22
0
3
5
6
7
8
15
18
21
22
3
7
10
12
14
15
16
20
23
25
12
17
20
22
25
27
29
34
36
38
12
16
18
20
23
25
26
30
31
33
9
12
16
17
18
19
21
24
27
28
3
7
8
10
12
14
24
28
30
32
11
14
16
18
22
24
25
28
29
32
14
19
20
22
26
27
30
35
36
38
7
12
14
17
19
21
23
28
30
32
2
7
9
12
13
15
16
21
23
26
4
9
12
14
16
17
19
24
25
27
3
9
10
13
15
16
17
22
23
26
42
