time_cost:332195ms
ontime_proportion:0.960000
max_delay:3
avg_delay:0.080000
avg_flowtime:19.200000
object function value:40.000000
0
0
0
0
0
0
0
0
0
2
3
0
0
0
0
0
0
0
0
0
2
0
0
0
0
0
3
20
26
28
29
0
0
0
0
0
0
9
14
17
19
0
0
0
0
0
0
9
13
16
18
0
0
0
0
0
0
0
0
0
2
0
0
0
0
0
0
1
4
5
7
0
0
0
0
0
0
0
0
1
3
0
0
0
0
0
0
0
0
1
3
0
0
0
0
0
0
10
14
18
20
0
0
0
0
0
0
0
1
2
4
0
0
0
0
0
0
0
0
0
2
0
0
0
0
1
2
13
16
20
22
0
0
0
0
2
3
13
16
19
22
0
0
0
0
0
1
8
12
17
22
0
0
0
0
0
0
0
0
0
0
0
0
0
0
2
5
23
27
28
31
0
0
0
0
0
0
0
0
0
0
0
0
0
0
0
0
0
4
5
7
0
0
0
1
2
4
17
21
24
26
10
13
14
17
19
20
21
24
25
28
6
11
13
14
16
19
21
25
27
28
5
10
12
15
17
19
20
25
27
29
1
5
7
14
18
21
23
28
31
32
5
9
11
12
15
17
19
23
25
26
5
10
12
14
15
16
18
23
25
27
3
8
10
11
16
18
20
25
27
28
0
4
5
7
9
10
12
16
18
20
7
10
13
15
16
18
20
23
26
28
2
7
9
10
12
14
15
20
22
23
12
16
17
20
22
23
24
28
29
32
10
15
17
19
21
23
25
29
31
33
9
14
16
17
20
22
23
28
30
31
2
5
8
10
12
20
22
25
28
30
4
9
11
13
14
15
17
22
24
26
9
13
14
17
19
22
24
28
29
31
4
8
9
13
15
17
19
23
24
26
0
3
4
6
7
9
11
14
15
17
1
4
7
9
10
12
14
17
23
25
2
6
7
9
11
12
13
17
18
20
8
11
14
16
18
20
22
25
28
30
0
3
4
7
9
10
11
14
15
18
8
13
15
17
18
21
23
28
30
33
1
5
6
8
10
11
13
17
19
21
4
7
8
10
11
13
15
18
20
22
7
10
11
13
14
16
18
21
22
24
4
8
9
11
13
15
16
20
23
25
5
9
10
12
14
15
17
21
22
25
2
5
8
10
11
13
15
18
21
23
5
9
10
12
14
15
16
20
21
23
35
