time_cost:1142ms
ontime_proportion:0.680000
max_delay:16
avg_delay:2.420000
avg_flowtime:27.240000
object function value:3108.000000
0
0
0
0
0
0
0
0
0
0
3
0
0
0
0
0
0
0
0
0
2
0
0
0
0
0
0
0
2
4
6
0
2
4
6
8
10
14
23
25
27
0
0
0
0
0
2
14
20
23
25
0
0
0
0
0
0
0
0
5
8
0
3
6
8
9
10
11
17
20
22
0
0
0
0
0
0
0
0
1
2
0
0
0
0
0
0
0
1
2
5
0
0
0
0
0
0
19
37
41
44
0
0
0
0
0
0
0
0
0
4
0
0
0
0
0
0
0
0
0
1
0
0
1
4
5
6
11
20
25
29
0
0
0
0
0
1
10
18
21
24
0
0
0
0
0
0
10
18
22
27
0
0
0
0
2
4
14
21
23
29
0
0
0
0
1
3
13
20
23
26
0
0
0
0
0
0
19
32
36
38
0
0
1
4
6
7
10
17
19
22
0
0
0
0
0
0
22
25
27
30
7
14
17
19
20
22
23
28
31
33
3
8
11
14
16
18
19
29
32
35
6
14
16
19
21
22
24
32
33
36
3
8
11
13
15
17
18
23
26
28
5
10
13
16
18
20
21
26
29
32
0
8
11
18
20
21
22
27
30
31
8
15
18
20
21
22
23
29
32
35
6
14
20
23
26
28
30
39
42
45
11
16
19
20
22
23
24
27
30
31
1
6
9
12
14
16
17
30
33
37
9
15
16
21
23
24
26
33
35
38
5
13
14
17
19
20
22
27
28
31
1
6
8
10
12
14
16
23
25
27
1
9
12
18
24
26
27
34
38
41
0
5
8
20
22
24
25
30
33
39
5
11
15
22
24
26
27
32
35
43
11
17
20
21
23
24
25
29
32
33
13
18
21
23
24
27
28
36
40
42
2
7
10
12
14
16
17
22
25
30
6
11
14
16
18
20
21
26
29
33
8
16
17
23
25
26
28
35
38
41
3
8
11
12
14
15
16
21
24
25
6
12
15
17
20
22
23
33
36
38
6
14
16
25
27
28
30
35
36
39
10
14
19
21
22
23
26
31
34
36
1
11
14
16
18
20
21
26
29
35
0
11
14
15
17
18
19
24
27
32
8
15
19
20
22
25
26
36
39
40
1
6
8
10
12
14
16
21
23
25
11
19
20
27
29
30
32
39
41
44
46
