time_cost:991ms
ontime_proportion:0.820000
max_delay:10
avg_delay:1.000000
avg_flowtime:22.740000
object function value:1558.000000
0
0
0
0
0
0
0
0
0
1
3
0
0
0
0
0
0
0
0
2
4
0
0
0
0
0
0
15
24
28
31
0
0
0
0
0
0
0
0
1
3
0
0
0
0
0
0
0
16
19
22
0
0
0
0
0
0
0
3
6
9
0
11
16
18
20
21
22
27
29
31
0
0
0
0
0
0
14
19
21
24
0
0
0
0
0
0
0
2
3
6
0
0
0
0
1
3
8
12
16
18
0
0
0
0
0
0
0
0
0
2
0
0
1
4
6
7
19
22
30
35
0
0
0
0
0
0
0
0
0
0
0
0
1
3
4
6
9
16
18
20
0
0
0
1
2
4
12
15
19
20
0
0
0
0
0
0
0
0
2
5
0
0
0
1
2
4
8
14
18
19
0
0
0
0
0
0
13
18
22
26
0
0
0
0
0
1
9
16
21
24
0
0
0
0
1
3
25
30
36
38
6
9
13
16
17
19
20
23
24
27
2
6
9
11
12
14
15
19
22
24
4
11
14
17
18
19
21
25
28
32
7
10
13
14
16
18
20
24
26
27
7
12
14
16
17
20
21
26
27
29
5
10
11
13
14
16
17
22
23
25
5
9
12
15
16
18
19
23
26
28
12
17
20
21
22
23
24
28
29
30
4
9
11
13
15
16
17
22
24
26
0
4
5
6
7
8
15
20
27
29
0
3
5
7
9
10
12
15
17
22
6
9
10
13
23
25
27
31
36
39
1
5
8
10
11
13
14
18
21
23
8
14
17
18
19
21
23
26
28
29
4
7
10
12
14
15
17
20
27
29
4
8
9
10
11
12
13
17
18
19
1
5
8
12
13
14
16
20
23
28
4
7
9
10
11
13
15
18
20
21
5
9
12
14
15
17
18
22
25
27
3
6
7
10
13
15
22
27
31
34
0
3
5
6
7
9
11
14
17
18
0
4
7
9
12
14
16
25
34
36
2
5
7
8
9
11
27
31
36
37
4
8
11
14
15
16
18
22
25
28
9
12
14
17
21
23
24
29
33
36
3
11
14
18
19
21
22
27
30
33
9
13
18
20
23
24
26
29
34
36
0
3
4
7
9
10
12
16
19
22
0
3
13
16
18
19
20
23
24
29
8
13
16
19
20
22
23
28
31
34
40
