time_cost:966ms
ontime_proportion:0.800000
max_delay:11
avg_delay:1.160000
avg_flowtime:25.640000
object function value:1854.666667
0
0
0
0
0
0
0
0
0
0
1
0
0
0
2
3
5
14
19
26
28
0
0
0
0
0
0
0
0
0
2
0
0
0
0
0
0
9
12
16
20
0
0
0
0
0
0
15
19
32
34
0
0
0
0
0
1
9
12
16
17
0
0
0
1
2
3
12
17
22
23
0
0
0
0
0
0
12
16
24
25
0
0
0
0
0
0
11
16
21
23
0
0
0
0
0
0
12
16
20
23
0
0
0
0
0
1
13
17
23
26
0
0
0
0
1
2
9
14
17
20
0
3
4
7
8
10
16
19
32
35
0
0
0
0
0
0
0
0
0
0
0
0
0
0
0
0
0
0
0
2
0
0
0
0
0
0
8
11
15
18
0
3
4
7
9
10
13
18
23
26
0
0
0
0
0
0
9
13
17
18
0
0
0
0
0
0
0
2
3
13
0
0
0
0
2
3
11
14
18
28
3
10
12
14
16
17
19
22
24
28
0
3
5
7
9
10
12
15
20
22
4
9
11
13
15
16
17
22
24
27
11
15
19
22
26
28
29
32
35
38
7
11
15
17
19
20
21
25
29
30
7
12
16
18
24
26
27
32
34
36
5
12
16
18
22
25
26
33
37
39
5
10
14
16
18
19
21
24
26
30
9
15
19
20
24
26
28
31
36
37
6
10
13
16
17
19
20
24
27
30
8
13
16
18
26
28
29
34
38
40
8
13
18
19
20
23
25
28
30
31
1
5
11
14
15
16
18
22
29
32
0
5
8
11
12
14
16
25
34
37
3
6
9
13
17
19
20
24
26
29
4
8
13
16
17
18
20
24
27
30
6
11
14
18
20
21
23
26
28
32
0
3
4
7
9
10
11
14
18
25
5
8
12
15
19
21
22
25
29
32
4
9
10
14
15
17
18
23
24
26
9
15
18
19
21
22
23
27
28
29
3
8
10
12
14
15
16
21
30
32
0
3
5
6
7
11
21
29
39
40
5
9
12
15
16
17
19
23
26
31
2
7
9
11
13
14
15
20
22
26
8
14
18
21
23
24
25
28
31
34
2
7
10
13
14
16
19
28
37
40
0
4
7
9
10
12
13
17
25
27
2
5
7
11
13
14
15
18
21
32
2
5
6
9
11
12
13
16
21
36
41
