time_cost:316287ms
ontime_proportion:1.000000
max_delay:0
avg_delay:0.000000
avg_flowtime:18.680000
object function value:-377.333333
0
0
0
1
3
5
7
9
14
16
17
0
0
0
0
0
0
0
5
8
12
0
0
0
0
0
0
0
0
0
0
0
1
3
4
5
7
10
13
15
16
0
0
0
1
2
4
11
15
17
19
0
0
0
0
1
3
14
17
20
21
0
0
1
3
4
5
7
12
16
18
0
0
0
0
0
1
13
16
20
22
0
0
1
4
6
7
11
14
17
20
0
0
0
0
0
0
0
0
1
3
0
0
0
0
0
0
0
0
1
2
0
0
0
0
0
0
0
5
7
9
0
0
0
0
1
2
9
12
14
16
0
0
0
0
0
0
0
0
0
0
0
0
0
0
0
1
12
16
18
20
0
0
0
0
1
3
11
14
15
17
0
0
0
0
0
0
0
0
0
0
0
0
0
0
0
0
0
0
0
1
0
0
0
0
0
0
0
0
0
0
0
0
0
1
3
5
10
15
17
19
7
12
14
15
17
19
20
25
27
28
10
14
16
17
20
22
24
28
30
31
6
10
11
14
16
17
18
22
23
27
4
8
9
11
13
14
15
19
22
24
0
3
5
6
7
9
12
15
18
19
10
13
15
18
21
23
24
27
28
31
8
13
15
17
19
20
22
27
29
31
5
10
12
17
18
19
21
26
28
30
8
11
13
15
19
21
23
26
27
29
0
3
5
7
8
9
16
19
21
23
4
7
8
10
11
13
15
18
19
21
2
9
11
13
14
15
17
22
25
27
6
9
10
13
15
18
20
23
24
26
5
8
11
14
15
17
19
22
25
27
2
6
7
9
11
12
14
18
19
22
3
6
7
9
10
12
14
17
18
20
0
4
6
7
9
10
12
17
20
21
1
4
5
7
8
10
13
18
21
23
7
11
12
18
20
21
23
27
28
30
4
7
10
12
14
16
18
21
24
26
1
6
8
10
14
16
18
22
23
25
7
11
13
16
18
19
20
23
24
28
0
5
7
8
12
14
15
21
23
24
1
4
5
10
12
13
15
18
19
22
2
5
6
8
9
11
13
16
17
19
4
7
9
12
13
15
17
20
22
24
5
8
9
11
12
14
16
19
22
24
5
10
12
13
15
18
19
24
26
27
5
9
10
12
14
15
16
20
21
23
8
11
13
15
17
20
22
25
27
29
33
