time_cost:349680ms
ontime_proportion:0.940000
max_delay:7
avg_delay:0.340000
avg_flowtime:22.020000
object function value:334.000000
0
0
0
0
2
3
5
13
16
19
20
0
0
0
0
0
0
0
0
0
0
0
0
0
0
0
0
0
1
4
7
0
0
0
0
0
0
0
0
1
3
0
0
0
0
0
0
0
0
0
0
0
0
0
0
0
1
5
11
16
19
0
0
0
1
2
4
10
13
20
22
0
0
0
0
0
0
0
0
3
5
0
0
0
0
3
5
14
22
25
27
0
0
0
0
0
0
0
0
2
4
0
0
0
0
4
6
14
19
22
25
0
0
0
0
0
0
6
11
14
15
0
0
0
0
1
3
11
14
15
17
0
0
0
0
2
3
11
18
21
24
0
0
0
0
0
0
0
0
0
2
0
0
1
2
3
5
16
20
23
24
0
1
2
5
6
7
8
13
18
21
0
0
0
1
5
6
15
22
25
27
0
0
0
0
0
1
9
15
18
22
0
0
0
0
0
0
14
19
22
24
0
3
6
7
8
10
16
21
24
25
0
3
4
6
7
9
12
15
16
18
3
7
8
10
11
13
15
18
19
22
0
6
8
10
11
12
14
20
22
24
11
14
18
19
20
22
23
26
31
32
0
7
9
11
13
14
17
22
24
26
4
9
11
14
15
16
18
24
26
28
3
6
9
12
14
16
21
26
29
32
1
4
7
8
9
11
13
17
20
21
6
13
15
17
18
19
20
25
27
29
9
14
15
18
19
20
21
26
28
31
0
5
7
9
10
11
13
18
21
23
5
10
12
15
16
17
23
32
34
36
1
7
8
11
13
14
15
20
21
23
6
15
17
19
20
21
22
30
32
34
4
9
11
13
14
15
16
22
25
27
5
8
11
14
16
18
19
24
28
31
10
17
20
21
22
24
25
29
32
33
0
5
6
7
9
10
11
16
17
18
5
10
13
15
17
19
20
27
30
32
4
9
10
13
14
15
16
21
22
25
10
15
18
20
22
23
24
29
32
34
5
11
13
17
18
19
20
25
27
30
1
6
8
11
12
13
18
27
29
31
9
12
15
16
19
21
23
32
35
36
6
11
13
16
17
18
19
24
25
28
9
14
16
18
20
21
23
28
30
32
0
3
4
6
7
11
13
17
18
20
1
8
11
14
16
18
19
23
26
29
0
5
7
8
10
11
18
25
27
28
37
