time_cost:266681ms
ontime_proportion:0.920000
max_delay:9
avg_delay:0.440000
avg_flowtime:22.500000
object function value:550.000000
0
0
0
0
0
0
0
9
14
19
22
0
0
0
0
0
0
0
0
0
0
0
0
1
4
5
7
8
13
18
21
0
1
3
4
5
7
12
15
20
21
0
0
0
1
2
4
11
16
18
20
0
0
0
0
0
0
0
0
1
2
0
0
0
1
3
4
14
19
25
27
0
0
0
0
0
0
0
1
2
4
0
0
0
0
0
0
16
21
24
25
0
0
0
1
2
4
5
8
9
12
7
11
13
14
16
17
18
22
24
26
0
0
0
1
4
6
10
13
15
18
0
0
0
0
0
0
0
3
5
6
0
0
0
1
2
4
8
11
14
17
0
1
2
5
6
8
11
14
16
19
0
0
0
0
0
1
11
17
20
23
0
0
0
0
0
0
0
0
0
0
0
0
2
3
7
9
14
18
25
26
0
0
0
0
0
0
0
2
3
5
0
0
0
0
1
3
20
25
31
34
6
11
14
19
21
22
23
28
32
34
11
14
17
21
23
24
25
28
31
34
11
17
23
25
26
28
29
33
36
38
13
18
23
26
27
29
30
35
36
39
5
10
11
13
14
16
17
22
23
27
2
7
9
11
13
14
15
20
22
24
0
4
5
6
7
8
25
29
34
35
4
8
12
14
15
17
18
22
26
29
9
13
15
18
19
21
22
25
28
31
8
13
16
17
18
19
23
27
34
35
8
14
20
23
24
26
27
32
35
38
17
21
25
28
29
31
32
35
38
41
2
7
13
15
17
19
20
25
26
28
0
3
5
10
13
15
20
23
29
31
4
7
9
10
11
13
15
18
20
21
4
9
10
12
20
22
26
31
34
36
5
9
10
13
14
16
17
20
21
24
1
6
8
10
12
13
14
19
21
23
8
11
12
15
17
18
19
22
25
28
7
12
14
16
17
19
20
25
28
30
0
5
6
8
9
11
12
17
18
20
7
12
15
18
19
20
22
26
29
32
3
8
9
11
12
14
15
20
21
23
1
4
6
7
8
10
12
15
17
18
6
9
10
15
19
20
21
24
25
28
20
23
28
29
30
32
34
37
39
40
3
8
11
14
15
17
23
29
38
41
1
4
5
8
10
12
13
17
23
26
2
10
13
15
16
18
19
23
27
29
1
4
6
8
10
11
13
16
18
20
42
