time_cost:1128ms
ontime_proportion:0.780000
max_delay:12
avg_delay:1.560000
avg_flowtime:20.720000
object function value:1890.666667
0
0
0
0
0
0
0
0
0
2
4
0
0
0
0
0
0
0
0
1
3
0
0
0
0
0
0
0
3
6
11
0
0
0
0
0
0
0
0
0
1
0
0
0
0
0
2
8
13
16
19
0
0
0
2
3
4
19
23
29
33
0
3
5
6
7
9
11
14
16
17
0
0
0
2
4
5
19
26
29
31
0
0
0
0
0
0
7
11
14
16
0
0
0
0
0
0
0
0
2
4
0
0
1
3
4
6
7
12
14
16
0
0
0
0
0
1
7
12
20
23
0
0
0
0
1
3
28
31
38
39
0
0
0
0
0
0
0
0
0
0
0
0
0
0
0
2
8
13
20
21
0
0
0
0
0
0
0
0
0
0
0
0
0
0
0
0
0
0
0
0
0
0
0
0
0
0
0
0
0
0
0
0
0
0
0
0
0
0
1
4
0
0
0
0
0
0
0
0
0
0
4
10
13
18
19
21
22
27
30
33
5
9
10
11
12
13
14
18
19
20
1
4
5
8
9
11
12
15
17
20
10
15
16
18
19
21
22
27
32
34
3
8
11
14
15
17
18
23
26
29
1
4
5
8
9
11
12
15
17
21
6
11
14
17
18
20
21
26
29
32
9
14
16
19
21
22
23
28
32
35
3
10
12
14
16
17
18
23
25
27
11
16
18
21
22
24
25
30
31
33
5
9
12
14
15
17
18
22
25
27
5
10
13
16
21
23
27
32
37
40
2
7
9
11
14
15
23
29
34
36
19
23
27
29
30
32
33
37
40
42
13
16
19
21
23
24
26
29
34
36
9
16
18
19
20
21
22
28
33
34
2
7
8
10
11
13
14
19
20
22
0
4
5
6
7
8
9
13
16
17
10
13
15
16
17
19
21
25
28
29
7
10
11
14
15
17
18
21
22
25
2
6
9
11
24
26
29
34
39
41
16
20
23
26
28
29
30
33
34
37
1
4
5
9
12
14
16
20
24
28
4
9
10
12
13
15
26
31
36
38
3
7
10
13
14
15
17
21
24
28
4
7
9
11
13
14
16
19
21
23
2
5
6
9
11
12
13
16
17
20
15
21
27
29
31
32
33
38
40
42
2
5
7
9
11
12
15
18
26
28
13
18
21
24
25
27
28
33
36
39
44
