time_cost:344179ms
ontime_proportion:0.880000
max_delay:8
avg_delay:0.500000
avg_flowtime:22.640000
object function value:954.666667
0
0
0
1
4
5
7
9
14
17
20
0
0
0
2
3
5
15
24
26
27
0
0
0
1
2
3
16
20
22
23
0
0
0
0
0
0
18
27
29
32
0
0
0
0
0
0
0
0
4
7
0
0
0
0
0
0
3
9
12
15
0
0
0
2
4
5
10
18
22
24
0
0
0
0
0
0
0
0
0
3
0
0
0
0
1
2
3
6
9
12
0
0
3
6
7
9
10
24
27
30
0
0
0
0
0
0
0
0
1
4
0
0
0
0
0
0
0
2
4
6
0
0
0
0
0
0
0
0
0
0
0
0
2
4
6
7
12
19
25
28
0
2
3
6
7
9
15
19
22
25
0
0
0
0
1
2
15
23
26
29
0
3
6
8
9
11
12
16
20
22
0
0
0
0
0
0
7
12
15
18
0
0
0
1
2
3
6
10
12
13
0
0
0
0
0
1
3
8
9
10
4
10
13
19
20
22
23
28
31
34
0
5
9
13
14
16
22
27
31
34
5
9
10
11
12
13
14
18
19
20
7
13
16
18
19
21
22
27
28
30
3
7
10
12
13
16
17
21
24
26
4
10
13
16
17
19
20
25
28
31
0
3
4
7
9
10
11
14
19
22
0
4
7
9
11
13
14
20
23
25
2
7
8
10
13
15
18
23
27
29
4
9
11
13
15
16
17
22
24
26
3
7
10
13
14
15
17
21
24
27
12
17
20
22
24
25
26
31
34
36
0
3
4
7
10
11
12
15
16
19
9
12
13
17
19
20
21
24
25
28
7
11
14
16
17
19
20
26
29
31
0
4
7
9
11
12
14
18
20
26
9
15
18
20
21
23
24
28
31
33
12
15
16
19
20
22
24
28
30
33
5
9
10
11
12
13
18
22
23
24
9
12
14
16
18
19
21
24
26
28
9
13
20
22
24
25
27
30
33
35
7
13
16
17
18
20
22
26
28
29
11
15
16
17
21
22
27
33
36
37
2
5
6
9
11
12
17
20
22
25
15
19
21
22
23
24
27
32
35
36
12
16
19
21
22
24
27
31
34
36
8
15
18
20
22
24
25
29
32
34
0
6
8
11
13
14
16
19
22
24
6
11
12
14
16
18
23
28
29
31
3
6
7
10
13
14
24
29
31
35
38
