time_cost:343071ms
ontime_proportion:0.960000
max_delay:8
avg_delay:0.280000
avg_flowtime:20.460000
object function value:82.000000
0
0
0
0
0
0
0
0
0
0
2
0
0
0
0
0
0
0
0
2
3
0
0
0
0
0
0
0
0
0
2
0
0
0
0
0
0
0
0
2
4
0
0
0
0
0
0
0
0
0
0
0
0
0
0
1
3
9
13
15
18
0
0
0
0
0
0
21
25
27
29
0
0
0
1
2
3
10
13
16
19
0
0
0
0
0
0
10
14
17
19
0
0
0
0
0
0
0
3
6
9
0
0
0
0
0
0
27
30
34
37
0
0
0
0
0
0
0
0
0
0
0
0
0
0
1
3
13
17
21
23
0
2
3
5
7
9
10
13
15
17
0
0
0
0
0
0
0
0
1
4
0
0
0
0
0
0
0
0
0
0
0
3
4
6
7
8
9
13
14
16
0
0
0
0
0
0
0
0
0
2
0
0
0
0
0
0
0
0
0
0
5
10
12
14
16
18
20
25
26
28
9
14
16
19
20
22
23
28
31
34
6
11
12
17
21
23
24
28
32
34
6
9
11
12
13
14
16
19
21
22
12
17
19
21
22
24
27
32
34
36
2
6
8
10
14
17
18
22
23
25
0
4
5
7
9
11
19
23
30
32
0
5
7
10
11
13
14
19
21
24
14
20
23
26
27
28
29
34
36
39
1
5
6
8
9
10
11
15
17
19
9
14
15
17
19
20
22
27
28
30
10
15
18
22
23
24
25
30
32
35
5
10
12
15
16
18
19
24
26
29
2
6
7
10
14
16
17
21
22
26
14
19
22
24
25
27
29
34
37
39
6
11
13
15
17
19
21
26
28
30
9
14
17
20
24
25
27
32
35
38
4
10
12
15
16
17
19
24
26
29
0
5
6
8
10
11
13
18
19
23
5
9
10
12
13
14
15
19
20
22
3
8
10
12
13
15
17
22
24
26
5
10
11
13
15
16
18
23
24
26
0
6
8
11
12
13
14
19
20
23
5
9
10
12
13
14
15
19
20
22
3
6
7
9
11
13
30
33
35
37
1
6
9
12
14
16
17
22
25
28
6
9
12
13
16
17
19
22
24
25
1
4
5
7
9
11
24
27
29
31
3
11
15
18
19
21
22
27
29
32
8
12
13
15
17
19
20
24
25
27
8
12
14
16
18
20
22
26
27
29
40
