time_cost:368476ms
ontime_proportion:0.820000
max_delay:16
avg_delay:1.260000
avg_flowtime:26.340000
object function value:1678.000000
0
0
0
0
0
0
0
0
0
0
1
6
11
14
15
17
18
19
24
27
28
0
0
0
0
0
0
0
0
0
0
0
1
4
5
7
8
19
27
30
31
0
0
0
0
0
0
10
18
21
25
0
0
0
0
1
2
16
20
24
26
0
0
0
0
0
1
7
15
18
19
0
0
0
0
0
0
0
0
0
2
0
0
0
0
0
0
0
4
5
8
0
0
0
0
0
0
8
16
19
21
0
2
5
6
8
9
16
20
23
24
0
0
0
0
0
0
13
29
32
34
0
0
3
5
6
8
9
15
18
20
0
3
4
7
9
10
12
17
18
22
0
3
6
8
10
12
13
18
21
23
0
0
0
0
0
0
11
19
21
24
0
0
0
0
0
1
29
40
43
45
0
0
0
0
0
0
0
0
0
0
0
0
0
0
0
0
12
18
20
22
0
0
0
0
0
0
0
0
0
1
6
12
15
19
21
23
24
31
34
37
3
8
11
12
14
15
16
21
24
25
13
17
20
21
24
25
29
37
41
42
5
11
14
15
17
18
19
24
27
28
10
14
17
19
21
22
23
26
30
32
1
7
8
11
13
14
16
26
33
36
11
17
20
23
25
27
28
37
40
43
6
11
14
16
18
20
21
28
31
34
4
9
12
15
17
19
20
25
28
31
16
23
26
27
29
30
31
36
40
41
0
5
6
13
15
16
18
24
25
28
6
13
15
18
19
20
22
25
27
30
5
8
10
13
14
15
17
23
25
28
3
6
9
11
12
13
21
27
30
32
0
5
8
11
13
15
16
21
24
27
4
8
11
12
14
16
24
34
39
40
1
6
7
10
12
13
16
23
26
30
9
14
16
18
20
22
24
30
32
34
0
5
11
17
19
21
24
34
37
40
11
22
23
26
28
29
31
39
40
43
14
20
22
25
26
27
29
32
36
39
8
14
16
20
22
24
26
31
33
38
3
8
9
17
19
20
22
27
28
31
8
14
18
20
22
24
25
32
35
37
8
11
14
17
18
19
24
28
31
33
5
10
13
15
17
19
20
27
30
32
1
4
6
9
10
11
21
30
32
35
3
9
11
13
15
17
19
24
28
30
11
16
17
20
23
24
26
35
37
40
1
6
9
10
12
13
14
21
24
25
46
