time_cost:1064ms
ontime_proportion:0.800000
max_delay:8
avg_delay:0.840000
avg_flowtime:23.080000
object function value:1769.333333
0
0
0
0
0
0
0
0
0
4
6
0
0
0
0
0
0
0
2
6
11
0
0
0
0
0
0
9
13
19
21
0
0
0
0
0
0
0
0
2
5
0
0
0
1
2
4
10
15
18
20
0
0
0
0
0
0
0
0
2
4
0
0
0
0
0
0
10
15
20
22
0
3
4
16
18
19
20
23
24
27
0
0
0
0
1
3
11
16
21
23
0
0
0
0
4
6
13
17
22
23
0
0
0
0
0
0
0
0
0
0
0
0
0
3
5
6
8
13
14
24
0
0
1
3
4
5
9
14
17
20
0
0
0
0
0
0
0
0
2
22
0
0
0
0
0
0
0
2
3
4
0
1
3
5
7
8
10
14
18
26
0
0
1
2
3
4
12
16
20
21
0
0
0
0
0
0
0
0
0
0
0
0
0
1
3
4
8
13
16
21
0
3
10
13
17
20
22
26
29
32
4
8
11
14
15
16
18
22
25
28
7
12
15
17
18
20
21
26
29
31
9
13
16
18
22
24
25
29
32
34
0
3
4
7
9
10
11
14
17
23
3
6
8
10
12
13
15
18
20
28
6
10
14
16
17
19
20
24
30
32
1
4
6
8
10
11
13
16
18
30
6
10
13
14
17
20
22
25
27
28
1
4
6
12
14
15
17
20
22
32
7
12
16
18
19
21
22
27
28
30
4
7
9
18
20
21
23
26
28
34
6
9
12
15
17
18
19
22
23
26
3
6
8
14
16
17
19
22
24
36
0
3
4
7
8
10
13
17
20
23
0
3
5
6
7
9
12
15
19
20
3
9
12
13
15
18
20
24
26
27
9
13
17
18
21
22
23
27
28
29
3
6
11
14
16
17
18
21
22
25
7
11
14
15
19
22
24
27
29
30
2
6
9
12
13
14
16
20
25
28
0
5
7
9
11
12
13
18
20
22
4
7
9
20
22
23
25
28
30
38
0
4
13
16
19
22
23
26
27
30
9
13
18
19
22
23
26
30
31
32
2
7
9
11
13
14
15
20
22
24
4
9
11
13
15
16
17
22
24
26
3
8
10
12
14
15
16
21
23
25
6
11
15
16
21
24
26
29
32
33
5
9
13
16
21
23
25
29
32
35
6
12
16
17
21
25
26
30
31
33
40
