time_cost:328375ms
ontime_proportion:1.000000
max_delay:0
avg_delay:0.000000
avg_flowtime:20.660000
object function value:-311.333333
0
0
0
0
0
1
3
8
12
14
17
0
0
0
0
0
0
1
6
8
11
0
0
0
0
0
2
7
12
15
17
0
0
0
0
0
0
0
0
0
1
0
0
1
2
3
4
13
17
20
21
0
0
0
0
0
0
0
3
5
6
0
0
0
0
0
0
0
0
1
6
0
0
0
0
0
0
0
0
0
0
0
0
0
0
0
0
0
0
0
0
0
0
0
0
0
1
11
15
16
19
0
0
0
0
0
0
0
0
2
5
0
0
0
0
1
3
11
16
19
22
0
0
0
0
0
0
0
0
0
0
0
0
0
0
0
0
15
19
20
22
0
0
0
0
2
4
11
14
18
20
0
0
0
0
0
0
0
0
3
9
0
0
0
1
3
5
11
15
17
20
0
1
2
4
6
8
19
23
24
26
0
1
2
4
6
8
9
13
16
18
0
1
4
6
8
9
10
14
17
19
0
3
5
6
7
8
19
22
24
26
6
9
12
16
18
20
21
24
25
27
11
15
18
20
22
23
24
28
31
33
8
11
14
15
17
18
21
24
26
27
5
12
14
17
18
20
24
30
33
35
9
14
16
18
20
22
25
30
33
35
1
5
6
9
11
13
14
18
19
22
1
4
6
8
9
10
12
15
20
21
1
6
7
11
13
14
16
22
24
26
8
11
12
15
20
22
23
26
27
29
1
5
6
8
9
10
15
19
22
24
6
9
11
12
13
16
22
25
28
29
4
8
9
12
14
16
17
21
22
26
0
5
7
10
11
13
14
21
29
32
4
9
10
13
14
15
16
21
22
25
10
14
16
18
22
24
26
29
31
33
5
8
9
13
15
17
18
21
22
24
10
13
15
16
17
18
20
23
25
26
0
4
5
7
9
11
16
20
22
25
3
7
10
12
14
15
16
20
23
25
2
6
7
9
11
13
14
18
20
23
5
10
12
15
16
18
19
24
26
29
4
8
9
11
13
15
16
20
21
23
3
6
7
9
11
13
23
27
29
31
7
11
12
14
15
16
20
24
25
27
2
7
11
14
16
18
19
24
27
30
6
12
14
16
18
20
22
27
29
31
13
16
18
20
23
25
26
29
32
34
0
3
5
7
8
9
20
25
27
28
6
11
13
17
18
19
20
25
26
29
36
