time_cost:341493ms
ontime_proportion:0.980000
max_delay:4
avg_delay:0.080000
avg_flowtime:19.520000
object function value:-149.333333
0
0
0
0
0
0
0
0
0
0
1
0
0
0
0
2
4
6
11
13
14
0
0
2
3
5
7
12
17
19
20
0
0
0
0
0
0
0
0
1
4
0
0
0
2
3
5
9
12
15
17
0
0
0
0
0
0
8
15
17
18
0
0
0
0
0
0
0
1
3
4
0
0
0
0
0
0
0
0
1
3
0
0
1
3
4
5
14
21
23
25
0
0
0
0
0
0
11
14
16
18
0
0
0
0
0
0
0
0
2
3
0
0
0
0
0
0
0
1
3
5
0
0
0
0
0
0
1
2
4
5
0
0
0
0
0
0
0
1
4
6
0
0
0
0
0
0
0
0
0
0
0
0
0
0
1
3
9
13
16
18
0
0
0
0
0
0
10
15
17
19
0
0
0
0
0
1
12
16
17
21
0
0
0
0
0
0
8
12
14
15
0
2
3
5
6
8
17
20
22
24
6
10
11
16
18
19
21
25
26
28
1
4
5
8
10
11
12
15
16
19
8
12
14
15
20
24
26
30
32
33
5
10
12
13
15
17
18
23
25
27
11
14
15
17
19
22
24
27
28
30
0
3
4
14
17
19
26
29
30
33
3
6
8
9
10
12
14
17
19
20
8
12
13
15
18
20
21
25
26
29
7
10
16
17
23
26
28
31
33
34
10
13
15
16
17
19
21
24
26
27
0
4
6
7
9
11
24
28
30
31
2
5
8
10
11
13
15
18
21
23
4
8
10
11
13
15
17
21
23
24
5
9
10
14
16
17
18
22
23
25
6
9
11
13
14
18
20
23
25
27
8
12
14
17
19
21
23
27
28
30
1
4
6
8
9
10
12
16
18
20
0
4
6
7
9
10
14
19
21
22
7
11
12
14
16
17
22
26
27
29
2
7
9
11
13
15
17
22
24
26
3
6
8
9
11
13
15
18
20
21
3
9
11
13
15
16
18
23
25
27
3
6
8
11
12
14
16
19
21
23
4
8
10
12
14
15
19
23
24
27
12
15
18
20
21
23
25
28
31
33
4
7
8
10
11
13
16
19
20
22
3
8
10
11
13
18
19
24
27
28
13
17
19
20
22
25
27
31
33
34
5
9
12
14
15
21
23
26
29
31
0
3
5
6
7
9
18
21
23
24
36
