time_cost:355807ms
ontime_proportion:0.820000
max_delay:13
avg_delay:1.380000
avg_flowtime:24.780000
object function value:1626.000000
0
0
0
0
0
0
0
0
0
0
3
0
0
0
0
0
0
0
0
0
2
0
0
0
0
0
0
0
2
4
6
0
2
4
6
8
10
14
21
24
26
0
0
0
0
0
2
16
22
25
27
0
0
0
0
0
0
0
0
1
4
0
3
6
8
9
10
11
14
17
19
0
0
0
0
0
0
0
0
3
4
0
0
0
0
0
0
0
1
2
5
0
0
0
0
0
0
0
2
5
8
0
0
0
0
0
0
0
0
0
2
0
0
0
0
0
0
0
0
0
1
0
0
1
4
5
6
13
20
22
25
0
0
0
0
0
1
10
15
18
20
0
0
0
0
0
0
10
17
19
25
0
0
0
0
0
2
14
20
22
24
0
0
0
0
2
4
15
22
25
28
0
0
0
0
0
0
13
18
23
25
0
0
1
4
6
7
9
16
17
20
0
0
0
0
0
0
16
20
22
25
10
17
20
22
23
24
25
29
32
34
3
8
11
14
16
18
19
24
27
30
8
13
14
17
19
20
22
27
31
34
3
9
12
14
17
19
24
30
33
35
5
10
13
18
20
22
23
28
31
36
0
5
8
9
11
12
13
20
23
24
10
18
21
23
24
25
26
30
34
36
13
18
20
23
25
26
30
37
39
42
11
14
17
18
20
22
24
31
34
35
9
15
18
21
23
25
27
33
36
39
8
14
15
19
21
24
29
36
39
42
0
5
6
9
11
12
14
19
22
25
1
6
8
10
12
14
18
25
27
30
1
6
9
12
14
16
19
28
31
34
5
12
15
23
25
27
28
33
36
41
3
8
11
16
18
20
21
26
29
32
2
7
10
11
13
14
27
32
35
36
1
4
7
9
10
11
24
27
30
32
2
7
10
12
14
16
17
22
25
27
11
17
20
22
24
26
28
36
39
41
5
10
11
14
16
17
19
25
28
31
6
13
16
18
20
21
22
27
30
31
10
15
18
20
21
23
26
34
37
39
5
11
12
22
24
25
27
32
33
36
7
11
14
16
17
18
19
23
26
28
6
11
14
16
18
20
21
26
29
31
0
6
9
10
12
13
14
21
24
25
6
12
16
17
20
21
23
29
32
33
1
9
11
13
15
17
19
24
26
28
4
11
17
20
22
23
27
35
36
39
44
