time_cost:950ms
ontime_proportion:0.700000
max_delay:12
avg_delay:1.860000
avg_flowtime:26.300000
object function value:2876.666667
0
0
0
0
2
5
7
21
26
35
37
0
0
0
2
3
5
16
26
35
38
0
0
0
0
1
3
15
20
34
37
0
0
0
0
0
1
15
18
30
31
0
0
0
0
0
1
11
14
21
22
0
0
2
3
4
6
8
12
18
19
0
0
0
1
2
4
10
13
19
20
0
0
0
0
0
2
10
14
20
21
0
0
12
16
21
23
24
27
38
41
0
0
0
0
0
2
20
25
32
35
0
0
0
0
0
0
0
0
1
3
0
1
4
7
8
9
11
15
30
33
0
3
4
8
10
11
12
15
19
24
0
0
0
0
0
0
0
0
0
1
0
1
2
5
6
8
9
13
19
23
0
0
0
0
0
0
0
0
0
2
0
0
0
0
0
0
1
6
15
16
0
1
2
5
7
8
9
12
18
32
0
0
0
0
0
0
2
5
8
17
0
0
0
0
0
0
11
16
28
30
4
9
10
12
13
15
16
21
22
24
4
8
11
13
14
16
17
21
24
26
8
13
16
18
21
23
24
29
30
32
6
10
13
14
17
19
21
24
26
27
3
6
7
10
11
13
14
17
19
22
0
4
7
10
12
13
14
17
18
21
5
8
14
15
16
18
20
23
25
27
2
7
10
13
15
17
18
23
26
29
2
5
6
9
10
12
13
16
22
25
5
9
12
14
16
18
19
23
26
28
5
8
12
15
16
18
19
22
23
26
5
11
14
16
18
19
20
25
27
29
5
9
14
15
18
19
21
28
39
40
8
11
17
18
19
21
23
26
29
30
9
13
21
23
24
26
27
31
37
39
8
11
15
25
27
28
30
33
35
38
0
3
7
9
11
12
14
17
28
30
1
4
5
8
9
11
12
15
16
19
8
13
17
19
20
23
24
29
30
32
2
5
7
15
19
21
23
26
28
40
9
12
16
19
22
24
25
28
29
34
7
10
13
16
19
20
21
24
25
30
1
4
9
19
21
22
24
27
29
34
5
10
15
18
19
21
22
25
26
29
10
14
23
26
27
29
30
33
37
40
5
8
9
12
13
15
17
20
31
34
7
10
15
21
23
24
26
29
33
36
4
7
9
11
13
14
16
19
21
23
0
4
11
14
15
16
18
22
25
28
1
5
10
13
15
16
18
21
23
27
42
