time_cost:341040ms
ontime_proportion:0.820000
max_delay:18
avg_delay:1.520000
avg_flowtime:25.720000
object function value:1657.333333
0
0
0
0
0
2
4
9
14
17
22
0
0
0
0
0
1
9
15
18
20
0
0
0
0
0
0
3
11
14
16
0
0
0
0
0
0
1
6
9
10
0
0
0
0
0
0
7
12
15
17
0
0
0
0
0
0
0
2
4
6
0
0
0
0
0
0
17
26
28
31
0
0
0
0
0
0
11
17
19
21
0
0
0
0
1
2
14
17
20
22
0
0
0
0
1
3
16
21
24
26
0
0
0
0
2
3
12
19
22
23
0
0
0
0
0
0
0
0
2
4
0
0
0
0
0
0
0
2
4
7
0
0
0
0
0
1
10
15
16
19
0
0
0
0
0
0
0
0
3
6
0
0
3
4
6
7
15
21
24
25
0
0
0
1
3
5
12
19
21
23
0
0
0
0
0
0
0
0
0
0
0
0
0
0
0
0
0
0
0
1
0
0
0
0
0
0
15
23
25
28
9
12
15
17
21
24
26
30
33
35
14
25
28
29
31
32
33
39
42
43
2
7
8
11
13
14
16
21
22
25
0
3
6
7
9
10
14
23
26
27
6
14
17
19
20
22
23
29
32
34
3
6
9
11
12
13
17
22
25
27
6
9
12
14
15
16
20
31
34
36
5
10
13
16
18
20
21
26
29
33
1
6
9
11
13
15
18
28
31
33
3
8
11
14
16
18
19
25
28
31
11
18
20
23
24
25
27
31
33
36
10
20
23
24
26
27
28
33
36
37
4
9
12
14
16
18
19
24
27
29
4
9
12
14
16
18
21
36
39
41
6
11
14
15
17
18
19
24
27
28
11
16
19
20
22
23
24
27
30
33
13
22
25
28
30
32
33
38
41
44
0
3
6
7
9
10
21
34
37
38
2
7
9
16
18
21
23
29
31
33
1
6
9
11
14
16
18
28
31
33
8
14
17
20
22
24
25
40
43
46
1
4
7
9
10
11
18
28
31
33
12
18
21
23
24
25
26
31
34
36
13
20
23
25
26
28
29
34
37
39
7
13
14
17
20
23
25
31
32
35
8
15
18
20
22
24
25
41
44
46
0
5
6
9
11
12
14
20
21
27
6
12
15
17
18
20
23
42
45
47
9
17
20
22
27
29
30
37
40
42
4
9
11
13
15
19
21
27
29
31
48
