time_cost:1233ms
ontime_proportion:0.700000
max_delay:18
avg_delay:3.060000
avg_flowtime:27.500000
object function value:2916.666667
0
0
0
0
0
2
4
11
20
23
28
0
0
0
0
0
1
17
36
39
41
0
0
0
0
0
0
23
40
43
45
0
0
0
0
0
0
15
27
30
31
0
0
0
0
0
0
24
42
45
47
0
0
0
0
0
0
0
2
4
6
0
0
0
0
0
0
21
39
41
43
0
0
0
0
0
0
15
23
25
28
0
0
0
0
1
3
12
23
26
28
0
0
0
0
1
2
9
14
17
19
0
0
0
0
2
3
10
17
20
23
0
0
0
0
0
0
0
0
2
4
0
0
0
0
0
0
0
2
4
9
0
0
0
0
0
1
15
21
22
30
0
0
0
0
0
0
0
0
3
6
0
0
3
4
6
7
12
20
23
24
0
0
0
1
3
5
10
15
17
21
0
0
0
0
0
0
0
0
0
0
0
0
0
0
0
0
0
0
0
2
0
0
0
0
0
0
14
26
28
31
7
11
14
16
18
20
21
26
29
31
14
30
33
34
36
37
38
43
46
47
2
10
11
14
19
20
28
41
42
46
0
3
6
7
9
10
11
15
18
19
9
14
17
19
20
22
23
29
32
34
3
6
9
11
12
13
14
17
20
22
12
18
21
23
25
26
27
34
37
39
6
11
14
20
22
24
25
30
33
36
7
14
17
21
23
25
26
31
34
36
13
27
30
33
35
37
38
43
46
49
6
10
12
15
17
18
20
28
30
33
8
15
18
19
21
22
23
30
33
34
4
9
12
14
16
18
19
24
27
29
4
9
12
14
15
17
18
23
26
28
7
12
15
16
18
21
22
29
32
38
4
7
10
11
13
14
15
18
21
22
7
12
15
18
20
22
23
36
39
42
14
28
31
32
34
35
36
39
43
44
2
7
9
11
13
15
17
22
24
26
9
17
20
22
24
26
27
33
36
38
9
20
23
26
28
30
31
37
40
44
7
12
15
17
18
20
21
33
36
38
0
3
6
8
9
10
12
18
21
23
3
11
14
16
17
19
20
25
28
30
5
10
11
14
17
18
20
25
26
29
1
6
9
11
13
15
16
21
24
26
0
5
6
9
11
12
16
28
29
32
2
7
10
12
13
15
16
21
24
26
2
7
10
12
15
17
18
24
27
29
4
9
11
13
15
19
21
26
28
30
51
