time_cost:305389ms
ontime_proportion:0.940000
max_delay:8
avg_delay:0.240000
avg_flowtime:21.160000
object function value:305.333333
0
0
0
0
0
0
0
0
0
0
0
0
0
0
0
0
0
0
0
0
0
0
0
1
3
4
5
9
13
14
18
0
0
0
1
3
5
7
11
14
18
0
0
0
0
0
0
0
3
4
6
0
0
0
0
0
0
0
0
2
4
0
0
0
0
0
1
10
14
16
18
0
4
5
8
10
12
13
17
19
22
0
0
0
0
0
0
0
0
0
0
0
0
0
0
0
0
0
1
2
4
0
0
0
0
0
0
0
0
1
3
0
0
1
3
5
7
11
15
20
22
0
0
0
0
0
2
10
15
20
23
0
0
0
0
0
0
0
1
3
4
0
0
0
4
6
7
8
12
17
19
0
0
0
0
0
1
10
13
16
17
0
0
0
0
0
1
15
20
23
25
0
0
1
4
7
9
11
15
17
20
0
0
0
2
4
5
15
22
24
26
0
0
0
0
0
0
0
2
3
8
4
9
10
16
18
20
26
31
34
36
1
5
6
8
10
12
23
27
28
30
3
6
8
9
10
11
13
16
18
19
8
13
14
17
18
19
20
25
26
29
13
18
19
22
23
24
25
30
31
34
5
10
12
14
15
17
19
24
26
28
2
6
8
10
12
14
17
21
22
24
5
8
9
11
13
15
16
19
21
23
9
14
15
18
19
20
21
26
29
32
0
3
4
6
8
10
12
15
19
21
9
14
16
18
19
21
24
29
32
34
1
5
6
8
10
12
20
24
26
28
3
7
8
12
14
16
19
23
28
31
2
9
11
15
17
19
20
25
27
30
14
17
18
20
24
26
27
31
34
36
7
11
14
16
18
19
20
24
27
29
6
10
11
14
16
18
19
23
24
27
2
5
6
8
13
15
22
25
26
28
0
3
5
6
7
8
17
20
23
24
5
9
12
14
16
17
25
29
32
34
14
19
21
23
24
26
29
34
36
38
5
10
11
13
15
17
18
22
24
26
5
8
10
11
12
13
20
23
25
26
13
17
18
20
22
24
29
33
34
36
7
10
11
13
20
23
30
33
36
38
5
11
13
15
17
18
23
28
30
32
2
7
9
11
12
14
16
21
23
25
2
7
9
12
14
16
17
22
24
27
10
15
17
19
21
22
28
33
36
38
7
12
14
18
19
20
21
26
28
31
40
