time_cost:1125ms
ontime_proportion:0.780000
max_delay:8
avg_delay:0.880000
avg_flowtime:23.940000
object function value:1998.000000
0
0
0
0
0
0
0
0
0
0
4
0
0
0
0
0
0
0
0
2
5
0
0
0
2
3
5
13
20
23
25
0
0
0
0
0
0
0
0
0
8
0
0
0
0
0
0
0
2
4
6
0
0
0
0
0
1
11
18
21
22
0
0
0
2
4
6
11
17
19
24
0
0
0
0
2
3
12
21
22
25
0
2
3
6
8
9
12
19
20
24
0
0
0
0
0
0
0
0
0
0
0
0
0
0
0
0
0
0
0
0
0
0
0
0
0
0
0
0
0
3
0
0
0
0
0
1
12
22
28
31
0
0
1
4
6
7
12
19
20
23
0
0
0
0
0
0
0
0
0
0
0
0
0
2
4
5
13
23
25
28
0
0
0
0
0
0
0
0
0
0
0
0
0
0
2
4
12
19
22
24
0
0
0
0
0
0
12
21
23
25
0
0
0
0
0
0
0
0
2
5
0
5
8
10
11
13
14
23
33
35
4
9
12
14
16
18
19
24
27
29
6
11
13
16
20
23
25
32
34
37
2
7
9
11
13
15
17
22
24
26
6
12
15
16
19
20
21
27
30
31
9
15
18
19
21
22
23
26
29
30
1
6
7
10
12
13
15
20
22
26
9
15
18
20
22
24
25
34
37
39
4
9
11
13
15
17
19
24
26
30
7
13
14
17
21
22
24
30
31
36
11
18
21
22
24
25
26
29
32
33
3
6
8
15
18
19
21
27
30
33
8
14
16
19
20
21
23
28
30
34
3
11
14
16
20
23
24
29
32
34
8
13
15
18
19
21
24
32
34
37
4
9
12
14
16
18
19
24
27
29
10
18
21
22
24
25
26
29
32
33
0
3
5
8
9
10
17
23
25
28
2
7
10
12
14
16
17
22
25
27
3
8
11
16
18
20
21
26
29
36
10
16
19
20
23
25
26
31
34
36
5
10
13
15
17
19
20
26
29
33
7
13
16
17
19
20
21
29
33
34
9
15
18
21
22
24
25
30
33
35
0
5
8
10
11
13
16
32
35
37
9
16
19
22
25
26
27
32
35
36
1
4
6
9
10
11
16
21
23
28
3
12
15
19
21
23
24
34
37
38
8
14
17
19
22
24
26
33
36
38
5
10
13
15
17
19
20
25
28
30
40
