time_cost:262357ms
ontime_proportion:0.920000
max_delay:8
avg_delay:0.520000
avg_flowtime:21.920000
object function value:530.666667
0
0
0
2
4
6
7
12
16
23
25
0
0
0
0
0
1
11
15
19
21
0
0
0
0
0
0
0
2
3
6
0
5
10
13
14
16
17
22
24
27
0
0
0
0
0
0
0
0
0
0
0
0
0
0
1
3
10
15
18
21
0
0
0
0
1
2
16
19
24
25
0
0
0
2
3
5
11
16
21
24
0
0
1
2
3
4
17
20
23
24
0
0
0
0
0
0
0
1
4
7
0
0
1
4
5
7
15
20
23
26
0
0
0
0
2
4
10
14
16
21
0
0
2
4
6
7
13
17
21
23
0
0
0
0
0
0
0
0
0
1
0
0
0
0
0
0
0
0
0
1
0
0
0
0
0
0
0
0
0
0
0
2
4
6
7
8
15
20
25
27
0
0
0
0
0
1
2
8
11
13
0
0
0
0
0
0
0
0
1
3
0
0
0
0
0
0
9
13
17
19
3
8
13
15
17
18
19
23
26
28
1
5
8
10
13
14
15
19
27
30
6
11
13
16
17
19
20
25
28
31
4
9
10
16
18
19
20
25
26
29
0
4
5
7
9
11
19
24
25
27
7
13
16
17
19
20
23
26
29
30
7
12
13
15
17
18
21
26
28
30
12
16
20
22
23
24
25
29
30
32
1
4
5
7
9
11
12
15
16
18
3
8
9
11
13
14
16
21
22
24
2
7
8
11
12
13
14
19
20
23
5
10
11
13
15
16
18
23
24
26
4
7
9
10
12
13
19
22
27
28
7
12
14
17
18
19
20
25
27
30
8
11
15
17
19
21
22
25
28
30
2
7
9
11
12
14
16
21
23
25
8
13
17
20
21
22
23
28
30
33
16
19
22
23
24
25
27
30
32
33
1
4
5
9
12
15
22
25
30
32
3
7
8
10
11
12
13
17
18
20
4
8
10
13
15
17
19
23
25
28
7
11
14
17
19
20
21
26
30
32
5
10
11
15
16
17
23
28
32
35
1
6
7
9
11
12
14
19
20
24
11
16
19
21
22
24
26
32
35
37
6
11
13
16
17
20
25
30
33
36
7
12
15
18
20
21
22
27
29
32
14
18
21
23
25
27
28
31
33
35
11
14
17
18
19
20
28
32
35
36
10
14
18
20
21
22
23
28
31
33
38
