time_cost:310117ms
ontime_proportion:0.860000
max_delay:11
avg_delay:0.900000
avg_flowtime:22.900000
object function value:1163.333333
0
0
0
2
3
5
6
12
17
20
23
0
0
0
0
0
0
0
4
5
14
0
0
0
0
0
0
0
2
7
11
0
0
0
0
0
0
0
0
1
4
0
0
0
0
0
0
28
34
37
39
0
3
4
7
9
10
14
20
21
24
0
0
0
0
0
0
0
0
0
1
0
0
0
0
0
1
8
11
18
22
0
0
0
0
0
0
0
0
1
4
0
0
0
0
1
2
13
20
22
25
0
0
0
1
3
5
7
19
23
25
0
0
0
0
0
1
11
20
23
28
0
0
0
0
0
0
0
0
1
2
0
0
0
0
2
3
10
15
18
21
0
0
0
0
0
0
0
0
0
0
0
0
0
0
0
0
0
2
5
9
0
0
0
0
0
0
0
1
2
5
0
5
6
9
11
12
14
19
20
23
0
0
0
0
0
0
7
16
17
20
0
0
0
0
0
0
0
3
6
10
1
6
8
11
12
13
15
18
20
25
3
9
12
15
17
18
20
25
26
30
14
19
20
23
25
26
28
34
35
38
6
11
16
18
19
22
23
29
32
34
8
12
16
18
21
23
24
27
30
31
3
8
11
13
14
16
17
22
25
27
12
17
19
21
23
25
27
32
34
36
1
6
9
11
12
14
15
21
24
26
2
9
15
16
18
19
20
25
28
29
1
6
11
13
15
17
18
23
26
31
3
8
9
12
14
15
17
22
23
26
1
4
7
8
10
11
12
15
18
19
11
16
19
22
24
25
26
31
34
35
1
6
9
12
14
16
18
24
27
30
2
7
10
12
13
15
16
21
24
26
6
12
14
20
22
23
25
30
31
34
13
18
21
23
25
27
28
33
36
38
5
10
11
14
16
17
19
24
25
28
4
9
13
17
19
21
22
27
30
34
11
14
17
21
22
24
27
31
34
36
5
10
12
15
17
18
20
25
26
29
9
14
16
18
20
22
24
29
31
33
0
3
6
7
9
10
16
21
24
25
8
13
14
18
20
21
23
28
29
32
11
16
19
20
22
24
25
30
33
34
10
13
16
20
21
22
23
26
29
31
9
12
15
17
19
20
21
24
27
28
11
14
17
18
21
23
25
28
31
32
6
11
13
16
18
20
22
27
29
32
4
9
12
14
16
18
19
26
29
36
41
