time_cost:340228ms
ontime_proportion:0.920000
max_delay:5
avg_delay:0.280000
avg_flowtime:21.540000
object function value:518.000000
0
0
0
0
0
0
0
0
0
1
2
0
0
0
0
0
0
0
0
2
4
0
0
0
0
0
0
0
4
7
10
0
0
0
0
0
0
0
0
1
4
0
0
0
0
0
0
0
4
7
10
0
0
0
0
0
0
0
3
6
9
0
2
4
6
8
9
10
16
18
23
0
0
0
0
0
0
14
19
21
24
0
0
0
0
0
0
0
2
3
6
0
0
0
0
1
3
8
15
19
21
0
0
0
0
0
0
0
0
0
1
0
0
1
4
6
7
18
26
29
33
0
0
0
0
0
0
0
0
0
0
0
0
1
3
4
6
9
15
19
21
0
0
0
1
2
4
11
15
18
19
0
0
0
0
0
0
0
0
2
5
0
0
0
2
3
5
8
15
17
18
0
0
0
0
0
0
3
12
15
18
0
0
0
0
0
1
17
23
29
32
0
0
0
0
1
3
13
20
23
25
8
14
16
19
21
23
24
28
29
32
2
11
14
16
17
19
20
25
28
30
4
11
14
17
18
19
21
26
29
32
3
7
10
11
12
14
24
28
36
37
5
10
11
13
16
18
19
24
27
29
7
14
17
19
20
22
23
29
30
32
5
9
12
14
16
18
19
23
26
28
7
11
13
14
15
16
17
21
22
24
4
9
12
14
18
19
21
26
32
34
0
4
5
6
7
8
9
13
14
15
0
3
5
7
9
10
12
16
18
23
8
11
15
18
19
21
22
25
26
29
6
12
15
17
19
21
22
26
32
34
4
7
9
10
11
13
15
18
20
21
11
14
17
19
21
22
24
27
32
34
4
9
10
11
18
19
23
28
37
38
1
5
8
11
12
13
15
19
22
25
4
7
9
10
11
13
15
18
20
21
6
10
13
15
16
18
19
23
27
29
16
20
23
26
28
29
30
33
34
37
0
3
6
7
8
10
14
19
21
22
0
5
11
13
14
16
17
21
25
27
2
5
7
8
9
11
13
17
19
20
4
8
11
14
15
16
18
22
25
28
5
8
9
12
13
15
16
22
24
27
3
8
11
14
15
17
18
23
26
29
13
17
19
21
23
24
26
29
34
36
0
3
4
7
10
12
21
27
32
35
10
13
14
17
19
20
21
26
29
33
8
14
20
23
24
26
27
32
35
38
39
