time_cost:1065ms
ontime_proportion:0.700000
max_delay:16
avg_delay:1.980000
avg_flowtime:29.540000
object function value:2984.666667
0
0
0
0
1
3
5
13
18
20
22
0
0
3
5
7
9
13
20
24
26
0
0
0
0
0
0
0
0
0
0
0
0
0
0
0
0
13
18
21
24
0
0
0
2
6
7
16
22
24
29
0
0
0
0
0
0
15
20
24
27
0
0
0
0
1
2
18
26
31
33
0
0
0
0
0
0
0
1
2
5
0
0
1
3
4
6
19
35
38
40
0
0
0
2
5
7
15
20
21
24
0
0
0
0
0
1
15
21
23
25
0
3
6
7
9
10
16
23
26
27
0
0
0
0
0
1
13
22
25
28
0
0
0
0
0
0
15
21
27
30
0
3
6
8
9
10
28
33
37
39
0
0
0
0
2
4
11
17
21
26
0
0
0
0
2
3
20
25
28
29
0
0
0
0
4
6
13
20
23
25
0
0
0
0
0
0
0
0
2
3
0
0
0
0
0
0
10
19
22
24
13
16
19
23
24
27
29
32
35
37
3
8
11
13
15
17
18
23
26
28
3
8
10
14
16
18
20
25
29
31
8
13
16
18
24
26
27
33
36
38
5
10
12
14
16
18
20
25
27
29
0
5
8
9
11
12
18
28
31
32
3
8
10
12
14
16
18
23
25
27
3
8
9
15
18
20
22
27
28
31
3
8
9
17
19
20
22
27
28
33
3
9
12
14
16
18
19
24
27
30
2
5
8
9
11
12
20
26
29
31
6
12
13
18
20
21
23
28
29
32
8
14
17
19
25
28
31
36
39
41
3
9
12
19
21
22
24
29
31
35
10
15
19
20
22
24
30
36
39
40
8
14
17
19
24
26
28
33
36
38
8
13
16
19
21
22
24
29
30
34
5
10
12
16
20
24
26
31
33
35
0
3
5
8
9
10
29
33
35
39
0
5
7
9
11
13
16
21
24
33
13
17
20
21
26
27
29
35
38
39
5
11
14
16
18
20
21
27
30
34
7
13
16
21
23
24
26
32
33
41
12
17
20
23
25
26
27
30
33
37
8
13
14
17
19
22
24
29
37
40
8
14
19
21
22
25
29
35
38
40
10
15
18
20
22
26
27
32
35
39
8
13
14
21
23
24
26
31
32
40
1
6
9
12
20
23
24
30
34
42
2
10
13
16
18
20
23
29
32
44
46
