time_cost:359529ms
ontime_proportion:0.840000
max_delay:9
avg_delay:0.760000
avg_flowtime:25.600000
object function value:1453.333333
0
0
0
0
0
0
0
0
4
5
10
0
0
0
0
0
2
14
19
23
25
0
0
0
0
0
0
8
13
16
18
0
0
0
0
1
3
15
18
21
24
0
0
0
0
0
1
8
13
15
19
0
0
0
0
0
0
0
0
5
8
0
0
0
0
0
0
0
2
3
4
0
0
3
5
11
13
14
19
22
24
0
0
0
0
0
1
13
20
22
24
0
0
0
0
1
2
7
12
17
20
0
0
0
3
5
7
18
22
25
28
0
0
0
0
2
4
22
25
26
28
0
0
0
0
0
0
14
19
20
23
0
0
0
1
3
4
13
18
19
23
0
4
7
9
11
12
19
25
28
32
0
0
0
0
0
0
18
20
22
23
0
0
2
5
7
9
25
28
31
34
0
1
4
6
8
9
12
17
20
23
0
0
0
0
0
0
19
21
23
25
0
0
0
1
4
5
20
27
29
31
9
14
15
18
19
21
22
28
30
33
0
3
6
12
14
16
21
24
27
30
5
10
13
14
16
18
23
28
31
32
4
9
10
13
14
15
17
22
24
29
7
12
14
15
17
18
21
26
28
30
0
6
9
11
13
14
28
33
35
36
3
8
9
12
14
15
21
26
27
30
0
3
6
7
8
10
11
15
18
19
10
13
14
16
17
19
24
27
29
31
0
5
8
10
12
14
16
21
24
27
5
10
12
14
15
16
17
22
24
26
4
9
10
11
13
14
23
29
30
31
2
7
10
12
18
20
26
31
34
36
5
10
12
17
19
20
22
27
30
32
0
5
6
9
10
11
13
18
19
22
8
13
16
18
20
22
23
28
31
33
5
10
12
13
15
16
18
23
25
27
14
18
21
22
23
25
26
29
32
33
3
8
10
15
17
18
19
24
26
27
10
15
17
19
21
22
28
33
35
36
2
8
10
12
14
15
16
24
26
28
5
9
12
14
16
17
18
24
27
32
8
13
15
17
18
19
21
26
28
30
0
3
4
8
9
11
13
16
18
20
9
14
15
16
18
19
25
30
31
35
9
15
16
19
20
21
24
31
32
35
2
5
8
9
10
12
13
16
19
20
0
6
8
9
13
14
16
22
24
25
12
17
18
19
21
22
26
31
32
33
3
10
12
18
19
20
29
34
36
38
39
