time_cost:325771ms
ontime_proportion:0.880000
max_delay:7
avg_delay:0.540000
avg_flowtime:22.220000
object function value:940.666667
0
0
0
0
0
0
0
0
3
5
14
0
0
0
0
0
0
0
0
0
1
0
1
4
7
8
10
11
16
19
22
0
0
0
0
0
1
7
14
15
17
0
0
0
0
0
0
0
0
2
3
0
0
0
0
0
1
9
16
20
23
0
0
0
0
0
0
0
0
0
2
0
0
0
0
1
3
7
13
16
20
0
0
0
0
0
0
0
2
3
5
0
0
0
0
0
0
0
0
0
0
0
3
6
8
9
11
12
17
22
24
0
0
0
1
3
5
15
23
29
32
0
0
1
4
6
7
11
14
20
24
0
0
0
0
0
0
0
0
0
3
0
0
0
0
0
0
7
15
20
22
0
0
0
0
0
0
0
0
1
3
0
0
0
0
0
0
0
0
3
6
0
0
0
0
1
3
10
19
23
26
0
0
0
0
0
0
0
2
4
5
0
0
0
0
3
4
16
27
32
34
3
8
11
14
15
16
18
22
26
29
0
4
7
10
11
13
14
18
28
30
8
12
15
17
19
20
22
25
28
30
5
10
13
15
16
18
19
23
27
29
0
4
7
9
10
12
13
17
22
24
6
10
14
16
17
19
20
27
32
34
4
10
12
14
16
17
18
23
25
27
3
9
12
15
18
19
21
26
30
35
5
9
10
11
12
13
14
18
19
20
0
3
4
7
8
10
12
16
18
21
3
7
10
13
14
15
17
21
24
27
9
17
21
23
24
26
27
32
34
36
7
12
14
16
17
19
20
25
26
29
3
10
13
16
17
18
20
24
27
30
7
11
12
15
18
20
21
25
30
33
10
15
18
20
21
23
25
29
35
36
1
5
8
10
13
17
18
24
34
36
6
13
16
19
20
22
23
28
29
31
2
7
10
13
14
16
17
22
25
28
7
12
15
18
19
20
22
26
29
32
1
13
16
18
20
21
22
29
33
35
0
3
7
10
11
13
15
22
26
29
12
15
18
21
23
24
26
29
31
34
4
7
9
11
13
14
16
20
24
26
3
8
10
12
14
15
16
21
23
25
2
6
9
12
13
14
16
20
23
28
11
15
17
19
22
23
25
28
30
32
9
13
17
20
21
22
24
29
32
36
0
4
6
8
10
11
13
19
22
24
2
5
6
9
10
12
13
17
19
22
37
