time_cost:268193ms
ontime_proportion:1.000000
max_delay:0
avg_delay:0.000000
avg_flowtime:21.240000
object function value:-292.000000
0
0
0
0
2
4
5
13
16
20
23
0
0
0
0
0
0
8
13
18
19
0
0
0
0
0
0
0
0
4
6
0
0
0
0
1
3
8
11
17
19
0
0
0
1
2
4
19
23
26
27
0
0
0
0
0
0
21
25
26
28
0
0
1
3
4
6
13
18
19
21
0
0
0
0
0
0
8
12
16
18
0
0
0
0
0
0
0
0
1
3
0
0
0
0
1
2
16
22
24
26
0
2
3
5
6
8
10
13
18
20
0
0
0
0
0
0
0
0
0
0
0
0
2
4
5
6
8
13
16
18
0
0
2
4
5
7
11
14
17
19
0
0
0
0
0
1
8
11
14
18
0
0
0
0
0
0
0
0
0
1
0
0
0
0
1
2
16
21
24
26
0
0
0
0
0
0
0
1
2
4
0
0
1
3
5
6
10
15
25
27
0
0
0
0
0
0
0
4
5
7
4
9
11
12
15
18
20
24
26
27
4
9
11
13
14
16
18
21
23
25
4
9
13
14
17
19
21
25
27
30
7
11
13
14
16
20
22
25
27
28
4
8
10
13
15
16
18
22
24
25
1
5
7
9
11
13
14
18
21
23
0
4
6
7
10
11
13
19
22
24
4
7
8
11
13
14
15
18
19
22
10
13
15
17
19
22
24
27
29
31
0
3
11
14
16
18
19
22
25
28
4
8
9
11
13
14
16
20
21
23
0
3
6
8
9
11
13
16
19
21
5
8
10
12
13
14
16
19
22
25
3
6
8
9
10
12
14
17
19
20
7
11
12
15
20
25
26
30
31
33
8
12
13
15
18
21
22
26
27
29
7
10
14
16
17
20
22
25
27
29
9
13
14
16
20
24
25
29
30
32
12
17
19
21
22
25
27
32
34
36
5
8
11
13
14
17
19
22
23
25
8
13
15
16
18
22
23
28
30
31
7
10
11
14
16
19
20
23
24
29
13
19
21
22
23
26
28
31
33
34
12
16
18
19
21
23
25
29
31
32
0
5
7
8
16
20
21
26
28
29
4
7
9
10
11
16
18
21
23
24
3
7
8
10
12
13
15
19
20
25
6
10
12
13
14
18
20
23
25
26
0
3
4
7
9
10
11
14
15
18
4
8
9
11
13
15
17
21
22
24
37
