time_cost:728ms
ontime_proportion:0.740000
max_delay:12
avg_delay:1.640000
avg_flowtime:26.220000
object function value:2474.000000
0
0
0
0
0
0
0
26
30
32
34
0
0
0
0
0
0
0
1
3
4
21
25
26
29
30
31
32
37
38
41
0
0
0
0
1
2
14
18
21
22
0
0
0
0
2
3
10
15
17
20
8
12
14
16
18
19
23
28
31
33
0
0
1
4
5
7
11
16
19
22
0
0
0
0
1
2
17
21
26
28
0
0
1
3
4
5
23
27
28
30
0
0
0
1
2
4
12
17
20
23
0
0
1
3
5
7
30
34
36
38
0
0
0
0
0
1
12
15
19
20
0
0
0
0
0
0
0
0
3
5
0
0
0
1
3
5
25
30
33
35
0
0
0
0
0
0
0
0
1
3
0
0
0
0
5
6
28
31
35
36
0
4
10
13
15
17
18
23
25
28
0
0
0
0
1
2
11
16
17
19
0
4
10
13
14
15
16
21
22
25
0
0
0
0
0
0
0
0
2
5
1
5
6
8
10
12
13
17
18
20
3
7
8
10
12
14
15
19
20
22
7
11
13
15
17
19
20
23
24
26
8
12
16
18
22
23
24
28
31
36
10
14
22
24
26
28
30
34
38
40
7
12
15
17
20
22
25
30
33
35
0
3
4
6
8
10
17
20
30
32
7
12
15
18
19
20
21
26
27
30
3
7
8
10
12
13
17
21
30
32
12
17
19
21
23
24
26
31
34
36
4
8
9
14
21
23
27
32
34
37
6
11
12
15
16
17
18
23
24
28
6
11
13
16
18
20
21
26
30
33
1
6
8
10
13
15
17
24
29
31
6
10
12
14
16
18
19
23
24
26
3
6
7
9
11
13
14
17
18
26
2
7
9
11
17
18
20
25
28
30
5
9
13
16
19
21
24
28
32
34
1
4
6
7
8
9
11
14
18
19
2
6
16
18
20
21
22
26
29
31
4
7
8
11
13
15
31
34
37
39
5
10
11
14
16
17
19
24
25
27
9
13
15
17
20
22
28
32
36
38
1
5
6
9
11
13
14
18
19
22
5
9
10
12
14
16
17
21
22
24
9
14
15
19
21
22
23
28
30
33
7
11
13
15
20
21
22
26
28
33
1
4
6
7
8
9
11
14
18
19
0
3
4
11
18
20
23
26
27
29
4
8
11
13
17
18
19
23
26
30
42
