time_cost:380963ms
ontime_proportion:0.820000
max_delay:14
avg_delay:1.320000
avg_flowtime:24.020000
object function value:1600.666667
0
0
0
0
0
0
0
0
0
0
5
0
0
0
0
0
0
0
0
0
4
0
0
0
0
0
0
2
4
6
14
0
2
4
6
8
10
15
21
23
28
0
0
0
0
0
2
10
16
19
22
0
0
0
0
0
0
0
0
1
4
0
3
6
8
9
10
11
18
21
23
0
0
0
0
0
0
0
0
3
4
0
0
0
0
0
0
0
1
2
5
0
0
0
0
0
0
0
2
4
7
0
0
0
0
0
0
0
0
0
2
0
0
0
0
0
0
0
0
0
1
0
0
1
4
5
6
8
14
16
24
0
0
0
0
0
1
10
14
17
19
0
0
0
0
0
0
0
3
5
8
0
0
0
0
0
2
14
19
21
23
0
0
0
0
2
4
25
35
39
42
0
0
0
0
0
0
0
9
12
14
0
0
1
4
6
7
11
17
18
21
0
0
0
0
0
0
15
21
23
27
11
17
20
22
24
25
27
31
34
36
10
16
19
22
24
26
27
33
36
39
5
10
12
15
17
18
20
28
29
33
7
14
17
20
22
24
25
32
35
37
5
10
13
18
20
22
23
28
31
34
8
16
19
20
23
24
25
32
35
36
5
8
11
13
14
15
16
19
22
24
4
7
9
12
13
14
19
26
32
36
18
23
26
27
29
30
31
34
37
38
5
10
13
16
18
20
21
26
29
32
11
17
18
21
23
24
28
37
38
41
0
5
6
12
15
16
18
23
24
27
2
8
10
12
14
16
18
25
27
29
1
6
9
12
14
16
17
22
25
28
0
5
8
20
22
24
25
30
33
36
3
8
11
14
16
18
19
24
27
30
11
19
22
23
25
26
27
30
33
34
7
12
15
17
20
21
22
31
34
37
2
7
10
12
14
16
17
22
25
27
6
11
14
16
18
20
22
29
32
34
10
15
16
19
21
22
25
36
37
40
7
14
17
20
22
23
24
29
32
33
15
23
26
28
29
31
32
37
40
42
6
13
14
17
19
20
22
27
28
35
3
11
14
16
17
18
19
22
25
27
6
13
16
18
20
22
23
28
31
36
6
11
16
18
20
21
22
27
30
31
0
5
8
9
11
12
13
18
21
22
1
6
8
10
12
14
16
21
23
25
1
6
7
10
12
13
20
27
28
31
44
