time_cost:233028ms
ontime_proportion:0.840000
max_delay:10
avg_delay:0.820000
avg_flowtime:23.920000
object function value:1397.333333
0
0
0
0
0
0
0
10
14
16
21
0
0
0
0
0
0
0
1
3
4
4
8
9
12
13
14
23
28
29
32
0
0
0
0
1
2
8
11
14
16
0
0
0
0
5
6
26
31
36
38
4
9
13
15
17
18
22
27
28
30
0
0
1
4
5
7
8
13
17
20
0
0
0
0
1
2
8
12
15
17
0
0
1
3
4
5
14
18
19
21
0
0
0
1
3
6
21
26
32
35
0
0
1
3
5
7
21
25
26
28
0
0
0
0
0
1
11
15
21
22
0
0
0
0
0
0
0
0
3
5
0
0
0
1
2
4
17
22
26
28
0
0
0
0
0
0
0
0
1
3
0
0
0
0
2
3
15
18
21
22
0
4
6
9
10
12
13
18
20
23
0
0
0
0
1
2
11
16
19
21
0
4
5
8
10
11
12
17
18
21
0
0
0
0
0
0
0
0
2
5
4
8
12
14
16
18
21
25
28
30
3
7
9
12
14
16
17
21
22
24
0
3
4
6
8
10
11
14
15
18
4
8
11
13
15
16
17
21
24
26
0
4
5
7
9
11
12
16
17
19
0
5
9
11
12
14
16
21
23
25
8
11
14
16
18
20
28
31
35
37
14
19
21
24
25
26
27
32
33
36
11
15
20
22
23
24
25
29
30
32
3
8
9
11
13
14
16
21
22
24
6
10
11
14
18
20
27
31
37
40
5
10
11
14
16
17
18
23
24
27
6
11
14
17
18
20
21
26
30
33
1
7
9
11
16
18
20
25
27
29
19
23
26
28
30
32
33
37
38
40
3
6
7
9
11
13
14
17
18
20
7
12
15
17
19
20
22
27
29
32
0
5
8
10
12
13
14
18
22
24
10
13
17
18
20
21
23
28
30
31
10
15
24
26
28
29
30
34
37
39
18
21
24
26
28
30
31
34
35
37
5
10
11
13
15
16
18
23
24
26
2
6
7
9
11
13
23
27
30
33
8
12
17
20
22
24
25
29
32
35
10
14
15
17
20
22
23
27
28
30
6
11
12
15
18
19
21
26
27
30
2
6
7
9
10
11
12
16
17
19
1
4
6
7
8
9
18
21
28
29
0
3
4
11
13
15
16
19
20
22
6
10
13
15
17
18
19
23
26
28
42
