time_cost:305888ms
ontime_proportion:0.980000
max_delay:3
avg_delay:0.060000
avg_flowtime:22.100000
object function value:-63.333333
0
0
0
0
3
5
6
12
15
17
21
0
0
0
0
1
2
8
11
13
16
0
0
0
0
0
0
0
3
4
7
0
0
0
0
0
0
0
0
0
0
0
0
1
5
7
8
14
19
24
26
0
4
5
7
9
10
11
15
21
24
0
1
2
5
7
9
14
17
20
23
0
0
0
0
0
1
7
11
12
22
0
0
0
0
0
0
0
0
0
2
0
2
3
5
7
8
10
14
17
20
0
0
3
5
6
10
18
23
26
28
0
0
0
0
0
4
11
14
18
20
0
3
5
6
8
9
12
17
20
21
0
0
0
0
0
0
2
5
8
10
0
0
0
0
0
0
0
0
2
3
0
0
0
2
3
4
9
13
15
17
0
0
0
0
0
2
12
15
17
18
0
0
0
0
1
4
15
20
24
26
0
1
3
4
5
7
9
12
14
15
0
0
0
0
0
1
7
12
14
16
14
18
20
22
23
24
26
29
31
33
7
11
13
14
16
17
19
23
25
26
4
8
10
12
14
15
17
21
22
24
8
13
14
17
19
20
23
26
29
32
2
5
6
9
11
12
13
16
18
21
2
7
9
13
14
16
18
23
25
27
4
7
8
11
13
17
21
25
28
31
3
7
9
10
12
13
17
21
24
25
4
8
10
11
13
14
16
20
22
23
7
10
13
15
16
19
21
24
27
29
15
20
21
24
26
27
28
31
32
35
4
7
11
13
15
17
19
22
25
27
1
4
7
9
10
12
14
17
20
22
11
14
17
19
20
22
24
27
28
30
10
14
16
18
19
22
24
27
29
31
8
11
13
15
18
21
23
27
29
31
6
10
11
14
17
20
21
25
29
31
11
17
19
20
22
25
27
31
33
34
4
10
12
14
15
18
20
25
27
29
3
6
8
10
12
13
15
18
21
23
5
9
15
17
19
20
21
25
26
28
7
15
18
20
21
22
24
29
34
36
5
9
10
12
13
15
17
20
23
25
0
4
5
8
10
11
12
16
19
24
1
4
5
13
15
18
23
26
33
36
11
14
15
19
22
24
25
28
30
33
3
8
10
12
13
14
18
25
27
29
8
13
15
17
19
21
22
26
27
31
1
4
6
7
8
11
16
19
23
24
2
9
11
12
14
16
18
23
26
28
38
