time_cost:754ms
ontime_proportion:0.940000
max_delay:4
avg_delay:0.140000
avg_flowtime:19.740000
object function value:258.000000
0
0
0
1
2
4
6
8
13
15
19
0
0
0
0
0
0
11
14
18
20
0
0
0
0
0
0
0
0
0
0
0
1
3
4
5
7
9
12
15
16
0
0
0
1
2
3
10
14
16
19
0
0
0
0
1
3
12
15
19
20
0
0
1
3
4
5
9
14
16
18
0
0
0
0
0
1
13
16
20
22
0
0
1
4
6
7
12
15
18
21
0
0
0
0
0
0
0
0
1
3
0
0
0
0
0
0
0
0
1
2
0
0
0
0
0
0
0
5
7
12
0
0
0
0
1
2
13
16
19
21
0
0
0
0
0
0
0
0
0
0
0
0
0
0
0
1
9
13
14
19
0
0
0
0
1
4
13
18
20
22
0
0
0
0
0
0
0
0
0
0
0
0
0
0
0
0
0
0
0
1
0
0
0
0
0
0
0
0
0
0
0
0
0
1
3
5
11
16
18
19
4
9
11
12
14
16
17
22
24
25
5
9
11
12
16
17
19
23
25
26
7
11
12
14
17
19
20
24
25
27
4
8
9
12
14
15
16
20
21
23
0
3
5
6
7
9
14
18
22
23
9
12
13
17
19
20
21
25
26
29
2
7
9
14
17
18
20
25
27
29
5
10
12
14
15
16
18
23
25
27
9
13
16
18
20
23
25
28
29
31
0
3
5
7
8
9
11
15
17
19
6
9
11
13
15
18
20
23
24
26
2
7
9
11
12
13
15
20
23
25
8
11
13
16
17
20
22
25
26
28
3
6
9
11
12
14
16
19
22
24
2
6
7
9
11
12
14
18
19
21
10
13
16
18
20
22
24
27
29
31
0
4
6
7
9
10
12
16
18
23
1
4
5
7
8
10
15
18
23
25
4
8
9
15
17
18
20
24
25
27
7
11
14
16
18
21
23
26
31
33
1
5
6
8
10
11
13
17
18
22
8
12
13
16
18
20
22
25
26
29
0
5
7
8
10
13
14
19
21
25
1
4
5
8
10
11
13
17
20
23
2
7
8
11
12
22
24
27
28
30
6
10
13
15
16
20
22
25
27
29
10
14
16
18
22
24
26
29
30
32
5
10
12
13
15
17
18
23
25
30
5
9
10
12
14
15
16
20
21
26
5
8
11
13
14
16
18
21
23
25
34
