time_cost:288111ms
ontime_proportion:0.880000
max_delay:11
avg_delay:0.920000
avg_flowtime:24.480000
object function value:1016.000000
0
0
0
0
0
0
0
0
0
0
0
0
0
0
0
0
0
19
27
31
33
0
2
4
7
8
9
11
16
18
21
0
0
0
0
0
0
22
30
33
36
0
4
5
8
10
11
13
18
19
22
0
0
0
0
0
0
0
0
0
0
0
0
0
0
0
0
0
0
0
0
0
3
6
7
9
10
19
26
30
31
0
0
0
0
0
1
9
17
21
24
0
0
0
0
0
2
4
12
14
16
0
0
0
0
0
0
0
0
0
0
0
0
0
0
0
0
0
0
0
1
0
0
0
0
2
3
10
16
19
23
0
1
4
6
8
10
11
17
20
22
0
0
0
0
0
0
0
17
24
25
0
0
0
0
2
3
8
14
17
18
0
0
0
0
0
0
0
0
2
3
0
0
0
0
0
1
14
20
22
25
0
0
0
0
0
0
0
0
0
3
0
0
2
4
5
7
8
14
17
19
5
8
10
13
14
15
17
20
22
25
3
6
9
12
14
15
16
20
25
26
0
5
7
9
15
20
22
27
29
31
0
5
8
10
12
14
15
20
23
25
1
4
6
10
11
12
14
17
19
24
9
15
18
21
23
25
26
31
35
38
1
6
9
10
12
13
14
19
22
23
1
4
7
9
10
11
19
29
33
35
8
13
16
19
21
22
23
28
31
32
9
14
15
18
20
21
23
28
30
33
9
15
16
19
21
22
24
29
30
33
1
7
9
12
13
14
22
29
33
36
7
13
15
20
22
23
25
30
31
34
3
8
9
12
14
17
19
25
27
30
5
11
13
15
17
19
25
32
36
38
9
14
17
19
20
23
24
31
36
38
6
11
14
16
17
19
20
23
26
28
4
9
12
14
17
19
20
25
28
30
4
9
11
16
17
18
20
23
25
29
7
12
14
17
19
20
22
27
30
35
15
22
28
30
31
32
33
36
39
41
14
19
22
25
27
29
30
35
38
41
14
26
27
30
32
33
35
40
41
44
4
9
12
14
15
16
17
22
25
27
6
12
21
27
29
31
32
37
40
43
14
21
25
27
29
31
32
38
41
43
4
9
11
13
15
17
19
24
26
28
4
9
12
14
15
17
18
23
26
28
5
10
13
15
16
17
18
25
28
30
2
5
8
17
19
20
27
34
38
39
46
