time_cost:328745ms
ontime_proportion:0.900000
max_delay:13
avg_delay:0.760000
avg_flowtime:22.440000
object function value:748.000000
0
0
0
0
0
2
4
8
13
15
17
0
0
0
0
0
2
14
17
18
20
0
0
0
0
0
0
0
1
3
5
0
0
0
0
1
3
11
16
18
22
0
0
0
0
0
1
2
6
9
11
0
0
0
0
0
0
14
18
22
24
0
0
0
0
0
0
0
0
0
0
0
0
0
0
0
0
0
0
0
3
0
0
0
0
0
0
0
0
1
3
0
0
0
0
0
0
0
3
4
7
0
0
0
0
0
1
16
21
25
28
0
0
1
3
5
7
8
12
14
17
0
0
2
7
8
10
11
16
18
21
0
0
0
0
0
0
0
0
0
2
0
0
0
0
2
3
4
10
13
15
0
0
0
0
0
0
0
0
0
1
0
0
0
0
0
1
8
13
15
16
0
0
0
0
0
0
1
4
5
7
0
2
3
5
7
8
31
36
39
41
0
0
0
0
0
0
0
1
3
4
0
5
6
9
10
11
12
17
18
21
7
12
20
22
24
25
29
33
37
41
4
7
9
10
11
12
25
28
30
31
5
10
11
14
15
16
18
23
24
27
10
14
15
17
18
20
27
31
32
34
6
11
13
14
15
16
18
21
23
24
15
19
23
25
27
29
30
34
35
37
11
15
18
20
22
23
25
30
33
35
18
23
28
30
31
33
35
40
42
44
5
10
12
15
16
18
23
28
31
33
2
7
9
11
12
14
21
26
28
30
14
18
21
24
26
27
28
32
37
39
0
4
5
7
8
9
21
25
30
32
3
7
10
13
15
16
23
27
31
33
10
14
15
17
19
21
22
26
29
31
2
5
7
10
12
14
26
30
33
35
7
11
12
15
17
19
26
30
34
37
16
21
25
27
28
30
33
38
41
43
4
8
11
13
15
16
17
21
24
26
2
5
6
8
10
12
19
22
23
25
5
9
10
12
13
14
15
19
20
22
4
11
12
15
16
17
18
23
24
28
7
11
14
16
21
23
33
37
41
43
22
25
27
28
29
30
36
39
43
44
9
15
16
18
20
21
28
33
35
37
17
23
27
29
31
32
34
39
40
42
11
16
20
23
24
25
29
35
37
40
4
9
10
12
14
17
32
37
39
41
1
4
5
7
9
11
12
15
16
20
4
8
11
15
17
18
19
23
26
28
45
