time_cost:24475ms
ontime_proportion:0.640000
max_delay:15
avg_delay:2.980000
avg_flowtime:28.640000
object function value:3554.666667
0
0
0
0
1
5
7
28
35
39
41
0
0
3
5
7
9
29
35
41
43
0
0
0
0
0
0
0
0
0
0
0
0
0
0
0
0
14
19
22
29
0
0
0
2
5
6
25
34
38
41
0
0
0
0
0
0
12
17
19
22
0
0
0
0
1
2
20
31
35
37
0
0
0
0
0
0
0
1
2
5
0
0
1
3
4
6
28
34
37
39
0
0
0
2
4
5
20
30
32
35
0
0
0
0
0
1
18
31
33
35
0
3
6
7
9
10
15
24
27
28
0
0
0
0
0
1
15
22
26
33
0
0
0
0
0
0
25
31
36
39
0
3
6
11
12
13
15
20
27
29
0
0
0
0
2
4
10
19
22
25
0
0
0
0
4
5
15
29
32
33
0
0
0
0
2
4
9
14
17
19
0
0
0
0
0
0
0
0
2
4
0
0
0
0
0
0
0
16
21
25
1
4
7
10
11
12
13
16
19
21
7
13
16
18
20
22
23
28
31
33
3
11
13
15
19
21
23
28
30
32
7
12
15
17
18
20
21
26
29
31
10
15
17
19
22
25
27
32
34
36
0
5
8
9
11
12
13
18
21
22
15
22
25
27
29
31
33
38
41
43
9
14
15
18
21
23
25
30
32
36
8
13
14
20
22
23
25
30
31
34
10
17
20
22
24
26
27
32
35
37
2
5
8
15
17
18
19
24
28
30
10
16
22
25
27
28
30
35
37
40
8
13
17
19
20
22
23
28
31
33
10
15
18
22
24
25
28
34
35
40
5
10
13
14
16
17
18
23
27
28
5
10
13
15
21
23
24
31
34
36
15
22
25
28
30
31
33
38
40
43
5
10
13
15
17
19
21
26
28
30
0
3
5
8
9
10
12
17
19
22
0
6
8
10
12
14
26
33
36
38
5
8
12
13
15
16
17
20
23
24
5
10
13
15
17
19
20
25
28
30
4
9
10
13
15
16
18
23
24
27
1
4
7
8
10
11
14
19
22
23
5
10
11
14
16
17
19
24
25
30
5
13
16
18
19
21
22
27
30
32
2
7
10
12
13
15
16
21
24
26
4
9
10
13
15
16
18
23
24
27
10
16
19
22
24
26
27
32
35
38
2
7
10
16
18
20
21
26
29
32
45
