time_cost:1787ms
ontime_proportion:0.680000
max_delay:11
avg_delay:2.120000
avg_flowtime:25.320000
object function value:3044.000000
0
0
0
0
0
0
0
0
0
0
0
0
0
3
4
5
7
11
27
30
31
0
0
0
2
3
5
20
34
35
39
0
0
0
0
0
0
26
32
34
36
0
0
0
0
0
0
0
0
2
5
0
0
0
0
0
0
0
3
4
6
0
0
0
0
0
0
0
0
0
0
0
0
0
0
0
0
0
0
3
6
0
0
2
4
6
8
14
19
22
31
0
0
0
0
0
0
0
0
0
1
0
0
0
0
0
0
0
0
0
1
0
0
0
1
3
4
13
32
34
35
0
0
0
0
0
0
10
23
25
27
0
0
0
0
0
0
0
0
0
3
0
0
0
0
0
0
0
0
1
2
0
0
0
0
1
3
13
31
34
37
0
0
0
0
1
3
18
36
39
40
0
2
5
8
12
14
15
19
23
33
0
0
0
3
5
6
17
21
25
27
10
15
18
20
22
24
26
31
34
36
5
10
13
15
17
19
20
25
28
30
0
5
7
9
10
11
12
17
19
21
9
14
16
17
20
21
22
29
31
32
6
13
16
18
20
22
23
28
31
33
10
19
22
25
27
29
30
33
36
39
0
8
11
13
15
17
18
29
32
35
10
21
23
25
27
28
30
35
37
39
5
11
13
15
17
18
20
25
27
29
5
9
12
13
14
16
17
22
25
28
1
4
5
7
8
10
14
17
20
22
8
16
19
22
24
26
27
34
37
40
2
7
10
12
14
15
16
24
26
28
4
9
14
16
18
20
21
26
29
31
8
15
18
20
22
24
25
30
33
35
7
13
16
19
22
24
25
37
40
41
1
6
7
10
11
12
13
18
20
23
11
16
19
27
29
31
32
35
38
41
9
14
15
18
22
23
26
31
32
33
6
12
16
20
21
22
23
29
30
33
2
7
8
9
11
12
13
18
19
22
5
12
13
14
16
17
18
23
24
25
4
9
12
14
16
18
19
24
27
32
0
5
8
10
12
14
15
20
23
25
9
13
16
18
20
21
22
27
31
33
0
5
6
9
10
11
14
19
22
25
1
8
9
11
13
14
15
23
25
26
5
12
15
18
20
22
23
26
29
34
4
9
12
16
18
20
21
26
29
31
1
5
8
10
12
13
14
18
21
29
7
12
14
17
21
22
24
30
33
35
43
