time_cost:334183ms
ontime_proportion:0.900000
max_delay:8
avg_delay:0.540000
avg_flowtime:22.700000
object function value:756.666667
0
0
0
0
0
0
0
0
0
0
0
0
0
0
0
0
0
0
2
4
5
0
0
0
0
0
0
0
0
0
2
0
0
0
2
4
5
13
18
20
22
0
0
0
0
0
1
10
16
18
23
0
0
0
0
0
0
1
5
9
11
0
0
0
0
0
0
0
0
0
0
0
0
0
1
3
5
15
18
21
24
0
0
1
3
4
6
15
18
19
21
0
3
6
9
11
13
17
20
23
26
0
0
0
0
0
0
2
11
14
20
0
0
2
3
5
6
10
15
17
18
0
0
0
1
2
3
15
21
23
25
0
0
0
1
3
4
12
17
19
21
0
0
0
0
0
0
0
0
1
2
0
0
2
4
6
8
14
19
22
24
0
0
0
0
0
1
12
18
20
22
0
0
0
0
0
0
0
2
4
7
0
0
0
0
0
0
0
0
0
1
0
0
1
3
5
7
15
20
23
25
0
5
6
9
10
11
14
19
20
23
5
13
14
18
20
21
25
30
32
33
6
11
16
18
21
23
25
30
33
36
6
11
13
15
16
17
18
23
25
27
5
9
12
14
16
18
20
25
28
30
11
15
18
20
22
23
24
29
32
34
9
13
16
18
20
21
22
26
29
31
4
9
11
13
15
16
18
23
25
28
5
10
12
14
15
16
18
23
26
28
4
9
13
16
17
18
27
33
34
37
7
12
15
17
19
21
22
28
31
33
1
4
5
7
8
10
14
17
18
20
6
9
10
12
13
15
23
26
27
29
0
6
8
17
19
20
22
27
29
32
9
14
15
16
18
19
20
25
26
29
4
9
10
13
14
15
17
22
23
26
9
14
16
17
19
20
24
29
31
32
10
15
19
21
23
24
26
34
36
38
0
8
11
13
15
17
26
31
34
36
6
11
13
14
16
17
19
24
26
27
11
15
18
20
22
23
24
28
31
33
1
6
9
11
13
16
17
23
27
29
1
6
7
8
10
11
15
20
21
22
0
4
7
9
11
12
23
27
30
35
2
7
9
11
13
14
16
21
24
26
9
12
15
18
20
22
24
27
30
33
11
16
18
19
21
22
27
32
35
36
5
10
11
12
14
15
19
24
25
26
1
6
8
15
17
18
21
26
28
30
9
14
15
16
18
19
20
25
26
27
39
