time_cost:315498ms
ontime_proportion:0.940000
max_delay:6
avg_delay:0.260000
avg_flowtime:23.060000
object function value:368.666667
0
0
0
0
0
0
0
8
13
16
26
0
0
0
0
0
0
0
0
1
2
0
0
0
0
0
0
0
5
8
10
0
3
6
9
11
13
17
20
23
26
0
0
0
0
0
0
0
0
2
3
0
0
1
2
4
5
15
20
22
23
0
0
1
3
4
5
13
18
21
23
0
0
0
0
0
1
15
21
23
25
0
0
0
0
1
3
22
25
28
29
0
0
0
0
0
0
0
2
3
5
0
0
0
0
0
0
0
0
0
0
0
0
0
0
0
0
0
0
1
3
0
0
0
1
3
4
19
23
26
28
0
0
0
0
0
0
0
0
0
0
0
0
0
0
0
0
0
0
0
0
0
4
5
6
8
9
11
16
17
18
0
0
3
6
8
10
11
16
19
22
0
0
0
0
2
3
12
18
21
25
0
0
0
0
0
0
0
0
0
0
0
2
4
5
7
8
10
15
18
28
10
15
17
20
22
24
25
30
32
35
10
16
18
20
21
22
24
29
34
36
9
12
15
17
19
21
23
27
28
30
5
10
12
14
16
17
19
24
26
30
12
17
19
21
22
23
26
31
33
35
9
14
16
18
19
20
21
28
30
32
7
12
15
18
19
20
21
26
28
31
0
5
6
7
10
11
15
20
22
23
5
10
13
15
17
19
22
28
31
33
4
7
14
18
20
22
23
26
29
32
0
5
7
8
10
11
14
19
21
22
2
7
9
10
12
13
19
25
27
30
4
9
11
12
14
15
17
23
25
26
0
3
4
6
7
9
14
17
20
22
5
11
13
20
22
23
25
30
32
38
3
8
11
13
15
17
18
23
26
28
7
13
17
19
21
23
26
31
35
37
9
13
20
23
25
27
29
34
37
40
1
6
9
11
13
15
16
21
24
26
3
8
10
24
26
27
29
34
36
40
1
4
5
7
8
10
26
31
32
34
4
11
13
16
18
19
21
26
28
34
16
19
22
25
27
29
30
33
36
39
1
4
5
8
9
11
13
17
19
21
6
12
14
16
17
18
19
24
26
28
5
9
12
14
16
17
18
22
25
27
12
17
19
22
24
25
27
32
34
36
5
10
12
18
20
21
23
28
30
32
8
13
14
17
20
21
25
30
31
34
10
15
17
19
21
23
24
29
31
33
42
