time_cost:367768ms
ontime_proportion:0.900000
max_delay:13
avg_delay:0.780000
avg_flowtime:26.260000
object function value:875.333333
0
0
0
0
0
1
2
10
15
17
23
0
0
1
3
4
6
29
35
40
42
0
4
7
9
10
12
16
23
27
29
0
0
0
0
0
0
0
0
0
0
0
0
1
4
6
7
12
19
23
26
0
0
0
0
0
0
9
14
17
24
0
0
0
0
2
3
13
18
23
25
0
0
0
0
0
0
0
0
0
3
0
0
0
0
0
0
13
18
26
28
0
0
0
0
0
0
0
0
0
2
0
0
2
5
6
7
14
21
23
26
0
1
4
5
7
9
17
23
26
27
0
0
0
0
0
1
17
26
29
31
0
0
0
0
1
2
10
13
20
23
0
0
0
0
0
0
0
0
0
0
0
0
0
0
0
0
0
0
0
1
0
0
0
0
2
4
5
10
13
15
0
0
0
0
0
0
0
0
0
2
0
0
3
6
7
8
13
17
20
24
0
0
0
0
0
1
10
16
20
26
5
10
13
19
20
22
24
29
33
35
8
13
16
20
22
23
25
28
30
33
0
3
5
8
9
10
18
28
33
36
0
8
13
16
18
19
21
26
27
30
5
10
13
17
19
20
22
27
28
31
13
19
23
26
28
29
31
36
37
40
10
15
19
21
22
25
26
31
35
37
5
11
14
17
19
21
22
27
30
33
4
9
11
15
17
19
21
26
28
32
12
18
21
23
24
26
27
32
36
38
10
17
20
23
25
26
28
34
38
41
0
5
8
11
13
15
16
21
24
28
3
8
11
13
15
17
19
24
26
28
3
8
9
15
17
18
20
26
28
33
1
4
7
10
12
13
16
21
25
26
4
9
11
13
15
17
19
24
26
30
0
5
8
13
17
19
20
25
29
35
2
7
12
14
21
23
24
32
35
37
2
7
11
13
16
18
19
24
27
30
1
4
7
9
10
11
12
15
18
20
7
12
15
21
23
24
26
31
32
36
0
7
8
11
13
14
25
30
37
40
0
5
8
10
12
14
15
20
23
25
9
15
18
21
23
25
26
31
34
37
9
13
18
20
24
26
27
32
35
38
5
10
16
18
20
22
23
28
31
33
8
13
15
17
19
21
23
30
32
34
7
12
15
19
21
23
24
29
32
39
11
18
21
24
25
26
28
32
34
37
4
9
10
13
15
16
18
23
24
27
43
