time_cost:1743ms
ontime_proportion:0.840000
max_delay:4
avg_delay:0.400000
avg_flowtime:22.400000
object function value:1346.666667
0
0
0
0
2
4
5
13
16
17
22
0
0
0
0
0
0
7
12
15
19
0
0
0
0
0
0
0
0
3
5
0
0
0
0
1
3
10
13
19
21
0
0
0
1
2
4
24
29
31
32
0
0
0
0
0
0
13
17
18
20
0
0
1
3
4
6
21
24
25
27
0
0
0
0
0
0
13
17
18
22
0
0
0
0
0
0
0
0
1
3
0
0
0
0
1
2
14
19
23
25
8
10
14
21
22
24
26
29
30
33
0
0
0
0
0
0
0
0
0
0
0
0
2
4
5
6
8
13
21
25
0
0
2
4
5
7
12
17
20
22
0
0
0
0
0
1
8
11
16
21
0
0
0
0
0
0
0
0
0
1
0
0
0
0
1
2
14
18
20
22
0
0
0
0
0
0
0
1
2
4
0
0
1
3
5
6
8
12
16
18
0
0
0
0
0
0
0
4
5
7
4
8
10
11
13
14
16
20
22
23
4
7
9
11
12
13
15
18
20
24
4
8
10
15
17
18
20
24
26
27
10
13
15
16
18
20
23
26
28
29
4
8
10
11
13
14
16
20
22
26
1
5
6
8
10
11
12
16
17
19
0
4
6
7
9
10
12
16
18
19
4
7
8
11
13
14
15
18
19
23
7
10
12
14
16
18
20
23
25
27
0
3
7
10
12
13
14
17
19
25
4
8
9
12
14
15
17
21
22
29
0
3
6
10
11
15
17
20
23
25
8
12
14
16
17
19
21
25
27
30
11
15
17
18
19
21
23
27
29
30
3
7
8
10
12
13
17
21
22
24
8
12
13
15
17
18
19
23
24
28
5
9
13
15
16
19
21
24
26
28
7
12
14
17
21
23
24
29
30
32
5
10
12
14
15
16
18
23
26
28
7
10
14
17
18
21
23
26
28
30
5
10
12
13
15
17
18
25
27
31
0
3
11
17
19
20
21
24
25
28
10
14
16
17
22
24
27
31
33
34
1
5
7
8
10
11
23
27
29
31
0
5
7
8
10
12
23
28
30
31
10
13
16
17
20
22
26
30
32
33
3
7
8
14
16
17
19
23
24
30
11
15
17
19
22
24
26
30
32
33
0
4
11
19
21
22
23
26
27
30
4
8
11
13
15
16
18
22
23
25
35
