time_cost:402609ms
ontime_proportion:0.940000
max_delay:6
avg_delay:0.160000
avg_flowtime:22.120000
object function value:337.333333
0
0
0
0
0
0
0
0
2
5
7
0
0
0
0
0
0
0
0
2
5
0
0
0
0
0
1
10
17
22
27
0
0
0
0
0
0
0
0
0
1
0
0
0
0
0
0
8
14
17
21
0
0
0
0
0
1
11
19
24
27
0
0
0
0
0
0
0
0
0
0
0
1
4
7
8
9
11
16
25
28
0
0
0
0
0
0
0
0
1
4
0
0
0
0
0
0
0
0
4
7
0
0
0
0
0
0
7
11
14
15
0
0
2
4
6
7
10
17
21
25
0
1
2
5
6
8
18
22
32
35
0
0
0
0
0
0
0
0
0
1
0
0
0
0
0
0
0
0
0
1
0
0
0
0
0
0
0
0
0
0
0
0
0
0
1
2
5
10
13
15
0
0
0
0
0
0
0
10
13
15
0
0
0
0
1
2
4
8
11
14
0
0
0
0
0
0
15
21
24
27
1
5
8
11
12
14
15
18
19
22
0
4
7
10
12
13
18
23
35
38
3
6
8
11
13
14
16
19
21
23
3
11
15
18
19
21
22
27
31
34
4
10
13
16
17
18
20
24
28
31
0
3
4
9
11
12
13
16
19
25
4
7
10
13
15
16
17
22
27
30
2
8
10
12
14
18
19
26
31
33
9
14
19
21
22
24
25
29
35
37
3
7
10
13
14
15
17
21
24
29
8
15
19
21
23
24
26
30
33
35
7
14
16
19
21
22
23
26
29
32
7
13
18
20
21
23
24
28
33
35
4
8
9
10
11
12
13
17
18
19
6
9
13
15
17
18
20
23
26
28
1
6
10
15
16
18
19
24
28
31
14
19
23
24
25
27
29
32
34
35
7
13
15
18
19
21
22
25
27
30
11
17
20
23
25
26
27
30
31
34
16
20
23
26
27
29
30
33
34
37
0
4
7
10
11
12
14
18
21
24
2
7
10
14
15
17
18
23
26
30
8
13
15
17
19
20
21
26
30
32
8
12
15
17
20
21
23
26
29
31
0
5
7
9
11
12
13
18
22
24
6
13
16
19
20
21
23
27
30
33
0
3
5
7
9
10
12
15
17
19
1
4
5
8
9
11
17
21
26
29
2
5
7
13
15
16
18
21
23
25
5
10
13
16
17
19
20
27
32
35
39
