time_cost:953ms
ontime_proportion:0.700000
max_delay:11
avg_delay:1.880000
avg_flowtime:25.200000
object function value:2840.000000
0
0
0
0
0
0
1
9
14
15
18
0
0
1
2
4
5
9
15
16
22
0
0
0
0
0
1
26
32
35
37
0
0
0
0
2
3
14
19
20
21
0
0
0
0
0
0
0
0
0
1
0
0
0
0
0
0
13
18
21
25
0
0
0
0
0
0
0
0
1
3
0
0
0
0
0
2
28
32
35
38
10
15
17
19
20
23
25
30
32
34
0
0
0
0
0
0
0
0
0
0
6
13
14
16
20
21
22
28
29
30
0
0
0
0
0
0
0
0
2
4
0
0
0
0
0
0
0
0
0
1
0
0
0
0
0
1
13
18
21
24
0
0
0
0
0
0
28
32
33
36
0
0
3
5
7
8
11
16
19
21
0
0
0
0
0
0
0
0
0
0
0
2
5
8
10
12
13
16
19
22
0
0
0
0
0
0
11
16
18
21
0
0
0
0
1
3
14
20
23
26
9
14
16
17
22
23
24
29
31
35
1
6
9
11
13
15
16
27
31
33
4
9
11
15
17
18
20
25
27
29
1
4
7
13
18
20
21
25
28
31
1
6
9
13
15
17
18
23
26
28
1
4
7
8
11
13
18
29
33
34
8
14
17
19
23
25
26
31
34
39
6
11
14
18
20
22
23
28
31
32
2
9
12
17
19
20
21
25
28
33
0
3
6
9
11
13
14
17
20
23
5
12
14
16
21
23
25
30
32
35
8
13
15
17
19
21
23
28
30
32
4
9
11
13
15
16
18
23
25
27
10
15
18
19
22
25
30
35
38
39
5
8
11
14
16
18
19
22
25
26
1
11
13
14
19
20
21
26
28
29
2
5
8
11
13
15
16
19
22
25
0
5
6
9
10
11
14
21
25
30
6
11
14
15
16
19
20
23
26
27
9
14
16
19
20
22
23
28
29
32
5
10
16
19
21
24
27
33
36
38
1
7
10
11
13
14
15
20
22
23
6
12
13
16
18
20
21
26
27
30
11
17
19
20
22
24
30
35
37
38
0
5
8
15
17
19
20
25
28
30
0
7
11
13
15
16
17
22
25
27
9
14
15
16
18
21
22
27
30
32
5
8
9
11
15
17
19
22
23
25
4
9
11
12
14
15
16
21
23
24
6
11
14
16
21
23
24
29
32
34
41
