time_cost:841ms
ontime_proportion:0.760000
max_delay:9
avg_delay:0.860000
avg_flowtime:23.680000
object function value:2189.333333
0
0
0
0
0
1
2
11
16
18
22
0
0
0
0
0
0
10
17
22
25
0
0
0
0
0
0
0
0
1
3
0
0
1
4
5
7
9
14
17
20
0
0
0
0
0
0
0
0
0
0
0
0
0
1
2
4
19
23
27
29
0
0
0
0
0
1
13
20
22
25
0
0
0
0
0
0
12
15
16
17
0
0
0
0
0
0
0
0
0
3
0
5
7
9
11
12
13
18
20
22
0
0
1
2
3
4
12
16
19
20
0
0
0
0
0
0
0
0
0
2
0
1
4
5
6
10
14
17
19
20
0
0
1
4
5
7
14
20
25
28
0
3
6
9
10
11
14
18
24
27
0
2
3
6
8
9
11
14
15
21
0
0
0
1
2
3
12
17
30
33
0
0
0
0
0
0
0
0
0
0
0
0
0
0
0
0
0
6
8
9
0
0
3
10
11
13
14
24
28
31
4
8
11
14
15
16
18
22
32
35
3
9
11
14
16
18
22
27
28
30
2
7
9
11
13
14
15
20
22
24
8
12
13
14
16
17
18
22
23
24
0
3
5
6
7
9
12
15
17
18
7
10
14
15
20
22
24
27
30
31
8
12
14
15
18
19
20
24
26
27
5
12
16
18
19
21
22
27
28
30
3
8
10
13
15
16
17
22
24
26
8
14
18
19
22
23
24
28
29
30
4
7
9
11
13
14
16
19
21
23
5
11
14
17
19
20
21
24
25
28
3
8
11
14
15
17
18
25
35
38
3
8
10
12
14
15
16
21
23
25
8
13
17
19
22
24
25
30
31
33
2
10
13
16
17
18
20
24
33
36
1
5
8
11
12
13
16
20
33
37
7
12
15
16
19
20
21
25
27
28
4
7
11
15
17
18
19
23
25
28
1
4
6
8
10
11
13
16
21
30
1
4
6
13
15
16
18
21
23
32
8
12
19
22
23
24
26
30
36
39
2
5
6
9
11
12
15
18
20
23
8
13
17
19
20
22
23
28
30
32
9
14
19
21
24
26
27
31
36
38
10
14
15
16
20
21
22
26
29
30
5
9
12
15
18
20
22
26
30
32
7
11
14
15
21
22
23
28
31
32
6
11
14
19
21
22
23
26
27
30
0
3
5
7
8
10
16
27
30
32
40
