time_cost:249965ms
ontime_proportion:0.920000
max_delay:8
avg_delay:0.340000
avg_flowtime:22.240000
object function value:541.333333
0
0
0
0
0
0
0
12
16
18
20
0
0
0
0
0
0
0
0
1
4
0
0
0
0
0
0
0
0
2
5
0
0
0
0
0
0
0
0
2
3
0
0
1
4
5
7
8
14
18
21
0
1
3
6
7
9
26
31
34
37
0
0
0
2
4
5
15
19
25
28
0
0
0
0
0
0
0
0
0
0
0
0
0
0
1
3
11
16
19
23
0
1
3
4
5
6
9
12
14
15
0
0
0
0
0
1
9
13
16
19
0
0
0
0
0
1
13
18
23
28
0
0
0
2
4
5
12
16
19
21
0
0
2
4
5
7
10
15
22
24
0
0
2
4
6
9
16
20
21
23
0
0
0
0
2
4
12
15
17
21
0
0
0
0
0
0
0
0
0
2
0
0
0
0
0
0
0
0
0
0
0
0
0
0
0
0
3
5
6
8
0
0
0
0
0
2
16
22
26
28
1
6
9
11
12
14
20
25
27
29
5
10
12
15
16
18
19
24
26
29
9
12
15
17
20
22
23
26
29
31
2
7
10
12
15
17
20
25
27
29
6
10
11
13
16
18
19
23
24
26
1
4
5
14
16
18
19
22
23
25
6
11
13
16
18
20
21
27
29
32
7
11
14
16
19
20
21
27
30
32
10
14
15
17
19
21
23
27
29
31
4
9
11
13
14
16
18
23
25
28
7
11
14
16
18
19
25
29
32
34
7
13
15
17
20
22
24
29
31
33
5
8
9
11
13
15
18
21
22
25
2
8
12
14
21
25
27
32
34
36
1
6
8
10
11
13
15
20
23
27
6
11
13
15
17
19
21
26
28
30
0
4
5
8
10
12
13
17
18
21
9
13
16
18
20
21
22
26
27
29
4
7
8
10
13
15
16
19
21
23
0
3
5
6
7
8
11
14
17
18
1
5
7
9
10
11
14
18
20
22
1
6
8
10
11
13
15
20
22
24
4
9
11
14
18
20
21
26
28
31
5
9
10
12
15
16
18
22
25
27
11
15
16
19
21
23
24
28
29
32
1
6
8
11
12
14
15
20
24
27
13
18
19
22
23
24
25
30
31
34
2
5
6
8
10
12
16
19
21
25
11
16
17
19
23
24
26
31
32
35
6
9
10
12
14
16
17
21
24
26
38
