time_cost:302785ms
ontime_proportion:0.880000
max_delay:8
avg_delay:0.540000
avg_flowtime:20.980000
object function value:899.333333
0
0
0
0
0
0
0
0
0
0
1
0
0
1
4
5
6
8
15
17
21
0
0
0
0
0
0
11
16
19
21
0
0
1
4
6
7
9
14
23
26
0
0
0
0
0
0
0
0
0
1
0
0
0
0
0
0
0
0
2
4
0
0
0
0
0
0
0
0
1
2
0
0
0
1
3
4
13
21
25
26
0
0
0
0
0
0
0
0
0
0
0
3
5
8
9
10
13
18
20
23
0
3
4
7
9
10
12
17
18
21
0
0
0
0
0
0
0
1
4
7
0
0
0
0
0
0
0
0
0
1
0
0
0
0
0
0
0
0
0
1
0
0
0
0
0
0
0
0
2
4
0
0
0
1
2
3
13
17
19
22
0
0
0
0
0
0
0
1
4
6
0
0
0
0
0
0
1
4
8
10
0
0
0
0
0
0
0
0
1
2
0
0
0
0
0
0
12
21
24
25
8
12
16
17
19
22
23
26
29
30
11
15
18
19
21
22
24
27
30
31
10
18
21
22
24
25
26
32
35
36
5
10
13
16
18
19
21
26
27
32
5
8
10
13
14
15
17
20
22
27
11
15
18
19
21
23
26
29
32
34
2
5
7
11
12
13
15
18
20
24
5
8
11
12
14
15
16
19
24
25
11
15
18
20
22
23
26
30
33
35
0
5
6
9
11
12
14
19
20
23
1
4
7
9
10
13
14
22
25
27
5
11
13
18
20
21
23
28
29
32
3
8
11
13
15
17
18
23
26
28
3
9
11
13
15
17
19
24
26
28
8
13
16
18
20
21
22
27
30
31
8
13
15
18
20
21
23
29
30
36
2
7
10
12
14
16
17
22
25
27
6
11
13
16
18
19
21
26
30
34
4
11
12
15
17
18
20
25
26
30
3
10
14
16
19
21
22
27
30
32
6
11
12
16
18
19
21
26
27
30
10
13
16
18
19
23
24
29
33
35
8
13
16
18
21
23
25
30
32
34
3
8
11
14
16
18
19
24
27
30
1
6
7
10
12
13
15
20
21
24
7
12
15
16
18
20
21
26
29
32
1
6
9
11
13
15
16
21
24
26
2
5
8
9
11
12
13
20
23
25
8
11
17
20
21
24
26
30
32
35
0
3
6
8
9
10
14
18
22
24
38
