time_cost:259760ms
ontime_proportion:0.980000
max_delay:2
avg_delay:0.040000
avg_flowtime:21.860000
object function value:-71.333333
0
0
0
0
0
0
5
16
20
25
27
0
0
0
0
2
4
9
14
19
21
0
0
0
0
0
0
0
2
4
6
0
1
2
7
10
12
18
22
26
28
0
0
0
0
0
0
0
0
0
0
0
0
0
0
0
0
3
5
8
9
0
4
6
7
9
11
12
17
19
23
0
0
0
0
2
3
8
12
15
17
0
0
0
0
0
0
9
13
16
18
0
0
0
0
0
0
0
0
0
0
0
1
2
9
11
13
15
20
21
23
0
0
0
0
0
0
0
0
0
0
0
5
7
10
11
12
14
17
19
21
0
0
0
0
0
0
1
6
23
25
0
1
2
5
7
8
10
13
14
17
0
0
0
0
0
1
16
20
23
27
0
0
0
1
3
5
22
25
27
29
0
0
0
0
0
0
0
0
1
3
0
0
0
0
1
2
9
13
14
17
0
0
0
0
0
0
0
0
0
0
5
10
12
13
16
18
19
24
26
29
7
11
12
15
18
20
21
25
29
31
1
4
6
8
9
10
13
16
19
21
4
7
10
12
17
19
21
24
28
30
1
4
6
8
9
10
12
15
17
19
1
8
17
19
20
22
24
27
30
32
4
9
11
13
14
15
17
22
24
26
5
8
9
12
14
15
16
19
20
23
7
11
13
14
18
20
22
25
27
30
3
7
8
11
13
14
25
29
32
34
6
9
11
13
14
18
20
23
25
26
7
11
16
18
20
21
22
26
28
30
5
9
10
12
14
15
16
20
21
23
0
3
7
12
15
16
23
26
30
33
1
4
5
8
10
11
12
15
16
19
11
16
18
19
21
23
24
29
31
32
3
6
9
11
12
16
18
21
24
26
4
9
11
14
15
16
18
23
25
27
2
7
12
16
17
19
21
26
28
30
6
11
13
16
18
21
23
26
28
30
0
3
5
7
8
12
14
18
22
24
4
7
10
11
12
21
26
30
33
34
3
6
9
11
12
14
16
19
22
25
13
18
20
22
23
24
26
31
33
35
7
10
13
15
16
18
20
23
26
28
0
4
5
9
11
12
14
18
19
21
9
12
14
16
20
23
25
28
30
32
5
9
12
14
16
17
19
23
24
26
11
17
19
20
22
24
25
30
32
33
9
13
15
16
19
22
24
28
30
34
36
