time_cost:291470ms
ontime_proportion:0.820000
max_delay:13
avg_delay:1.440000
avg_flowtime:26.780000
object function value:1692.666667
0
0
0
0
1
3
5
7
12
14
20
0
0
3
5
7
9
10
15
18
20
0
0
0
0
0
0
0
0
0
0
0
0
0
0
0
0
1
6
9
16
0
0
0
2
4
5
7
13
14
17
0
0
0
0
0
0
14
19
20
23
0
0
0
0
1
2
3
6
9
15
0
0
0
0
0
0
0
1
2
7
0
0
1
3
4
6
7
12
15
17
0
0
0
2
5
7
12
17
18
25
0
0
0
0
0
1
10
15
22
24
0
3
6
7
9
10
16
20
23
26
0
0
0
0
0
1
15
23
26
28
0
0
0
0
0
0
17
22
23
26
0
3
6
8
9
10
11
14
25
27
0
0
0
0
2
4
15
20
24
28
0
0
0
0
2
3
18
23
27
28
0
0
0
0
5
7
17
23
26
28
0
0
0
0
0
0
0
0
2
3
0
0
0
0
0
0
0
12
24
26
1
4
7
9
10
11
17
21
24
26
3
8
11
13
15
17
19
26
29
31
9
14
16
18
20
22
24
29
31
33
10
15
18
20
21
23
24
29
32
34
5
10
12
14
16
18
20
25
27
29
0
7
11
15
18
20
21
26
29
32
8
13
15
17
19
21
23
28
31
33
6
11
12
15
17
18
20
25
26
30
11
17
18
21
23
24
26
32
33
36
9
14
17
21
23
25
26
31
34
36
2
5
8
9
11
12
19
23
27
28
2
7
8
11
13
14
22
27
28
34
12
17
20
23
24
26
27
32
35
37
10
16
17
20
22
24
26
31
32
35
5
10
13
19
21
22
23
29
32
33
12
17
20
22
23
25
26
31
40
42
14
19
20
23
25
26
28
34
35
38
5
10
13
21
23
27
29
34
36
38
0
3
5
8
9
10
20
26
28
31
0
12
14
16
18
20
22
27
29
31
15
18
21
23
25
26
27
30
34
35
14
20
23
25
27
29
31
36
39
41
4
9
10
13
16
17
27
34
35
38
1
4
7
13
15
16
22
28
31
36
5
10
15
23
26
27
29
34
35
38
5
10
13
15
17
19
27
35
38
40
15
20
23
25
26
29
30
35
38
40
4
9
10
13
15
16
18
23
28
32
1
6
9
12
17
19
22
32
36
39
13
18
21
24
26
28
29
35
38
41
43
