time_cost:291810ms
ontime_proportion:0.800000
max_delay:14
avg_delay:1.560000
avg_flowtime:23.640000
object function value:1788.000000
0
0
0
0
0
0
0
0
0
0
0
0
0
0
0
0
0
0
4
6
8
0
0
0
1
2
3
11
16
17
20
0
0
0
0
0
0
0
0
1
4
0
0
0
0
0
0
1
6
8
10
0
0
3
5
7
8
12
17
20
25
0
0
3
5
7
9
13
18
21
23
0
0
0
0
2
3
25
30
32
34
0
0
0
0
0
0
0
2
5
6
0
0
0
0
0
0
0
3
5
8
0
0
0
0
0
1
10
15
18
26
0
0
0
0
0
0
12
17
19
21
0
0
0
0
0
0
0
0
0
4
0
0
0
3
4
5
24
30
32
35
0
0
0
0
2
3
12
18
21
23
0
0
0
2
3
5
12
17
18
20
0
0
0
0
0
1
2
5
8
9
0
0
0
0
0
0
0
1
2
3
0
2
4
6
7
8
27
32
35
37
0
1
4
6
8
9
10
14
17
21
15
25
28
29
30
32
33
36
39
40
7
13
15
17
19
20
22
28
30
32
4
7
10
13
15
17
18
21
24
27
14
22
27
29
31
32
33
37
40
42
0
5
7
9
11
12
27
32
34
36
10
15
17
19
21
22
25
30
32
38
10
13
14
16
17
20
22
25
29
31
2
7
9
11
12
13
14
19
21
23
20
26
29
30
32
33
34
39
41
42
7
12
15
17
19
21
22
27
30
32
16
26
29
32
33
34
35
40
41
44
3
8
10
15
17
18
20
25
27
29
5
10
11
14
15
16
17
22
23
26
4
9
11
13
15
16
18
23
25
27
1
4
7
13
19
22
25
28
31
34
5
10
12
13
15
16
17
22
24
25
5
10
12
15
16
18
19
24
25
28
9
15
17
18
20
22
23
28
32
33
5
10
11
12
14
15
16
21
22
23
14
19
22
24
26
28
29
34
37
39
2
11
14
16
21
23
24
30
33
35
3
7
10
12
14
15
16
20
23
25
7
12
13
14
17
18
19
25
28
29
6
11
12
15
16
17
21
26
27
30
0
5
6
7
9
10
14
25
27
28
1
6
9
11
13
15
16
21
24
26
5
10
13
15
17
19
28
33
35
38
10
15
16
19
20
21
22
27
29
32
7
12
15
19
21
23
24
29
32
37
8
13
14
17
18
19
20
25
26
29
45
