time_cost:230357ms
ontime_proportion:0.900000
max_delay:14
avg_delay:0.980000
avg_flowtime:20.700000
object function value:690.000000
0
0
0
0
0
0
1
7
12
15
17
0
0
0
0
0
0
17
22
27
29
0
0
0
0
0
0
0
2
3
8
0
1
3
5
6
8
11
16
19
21
0
0
0
0
2
4
9
13
15
17
0
0
0
0
0
0
8
13
15
18
0
0
0
0
0
0
0
0
0
0
0
0
0
0
0
0
0
0
0
0
0
0
1
3
5
7
10
13
14
22
0
0
0
0
0
0
0
0
1
4
0
0
0
0
0
0
0
0
0
5
0
0
0
0
0
0
0
0
0
2
0
0
0
0
0
0
0
1
3
6
0
0
0
0
0
0
0
0
0
0
0
0
0
0
0
0
0
0
0
0
0
3
4
7
9
11
19
23
25
28
0
0
0
0
0
0
0
3
4
6
0
1
4
6
8
9
10
14
17
20
0
0
0
0
0
0
0
0
0
0
0
0
0
0
0
0
0
4
16
19
5
10
12
14
15
17
24
29
35
37
5
10
12
15
16
18
25
30
37
40
20
23
31
32
33
34
36
39
42
43
7
12
14
16
20
21
23
28
29
33
22
25
29
31
33
35
36
39
40
42
2
5
7
8
9
10
12
18
24
25
11
16
18
21
22
24
25
30
32
35
16
20
24
27
29
31
32
36
37
40
8
12
16
18
20
21
22
26
29
31
7
10
12
14
18
20
21
24
25
27
3
8
9
12
13
14
15
20
21
24
2
6
7
9
10
11
12
16
17
19
2
7
11
14
15
16
17
22
28
31
7
11
14
16
18
19
21
25
31
33
5
9
10
14
15
16
17
21
22
24
4
8
11
13
15
16
17
21
24
26
2
7
8
11
12
13
14
19
20
23
13
17
19
22
24
26
27
31
34
37
3
8
10
13
16
18
19
24
26
29
6
11
13
15
16
18
20
25
27
29
12
18
22
24
26
27
29
34
35
37
16
21
24
27
28
30
31
36
39
42
1
5
6
8
10
12
13
17
18
20
2
6
10
12
14
15
23
27
33
35
6
14
16
19
20
22
23
28
31
34
4
7
8
10
12
14
15
18
19
21
0
5
7
10
11
13
14
19
21
24
8
12
13
16
18
20
21
25
26
32
2
7
9
11
12
14
26
32
40
42
20
24
27
29
30
31
32
36
37
39
44
