time_cost:336649ms
ontime_proportion:1.000000
max_delay:0
avg_delay:0.000000
avg_flowtime:21.020000
object function value:-299.333333
0
0
0
0
2
4
5
10
13
18
21
0
0
0
0
0
0
7
12
14
15
0
0
0
0
0
0
0
0
1
3
0
0
0
0
1
3
12
15
21
23
0
0
0
1
2
4
21
24
26
27
0
0
0
0
0
0
1
7
8
10
0
0
1
3
4
6
13
16
18
20
0
0
0
0
0
0
17
22
25
27
0
0
0
0
0
0
0
0
1
3
0
0
0
0
1
2
12
20
22
24
0
2
3
5
6
8
10
13
16
18
0
0
0
0
0
0
0
0
0
0
0
0
2
4
5
6
8
13
15
17
0
0
2
4
5
7
14
17
20
22
0
0
0
0
0
1
2
5
11
15
0
0
0
0
0
0
0
0
0
4
0
0
0
0
1
2
17
21
23
25
0
0
0
0
0
0
3
4
20
22
0
0
1
3
5
6
8
12
19
21
0
0
0
0
0
0
0
4
5
11
4
8
10
11
14
16
18
22
24
25
10
13
15
17
18
20
22
25
27
29
4
8
10
11
13
15
17
21
23
24
2
5
7
8
9
11
14
17
19
20
4
8
11
13
15
16
18
22
24
25
8
12
14
16
18
20
21
25
26
28
0
4
6
7
9
10
12
16
18
19
4
7
8
11
13
14
15
18
19
22
11
15
17
19
20
22
24
27
29
31
0
3
7
13
16
17
18
21
22
25
7
11
12
14
16
18
20
24
25
27
0
4
12
17
18
20
22
25
28
30
5
8
10
12
13
14
16
19
21
23
11
14
16
17
18
21
23
26
28
29
3
7
8
10
12
13
17
21
22
24
8
12
14
16
19
23
24
28
29
31
5
9
12
15
16
18
20
23
25
27
8
12
16
18
22
25
26
30
31
33
5
10
12
16
17
19
21
26
28
30
5
8
10
12
14
18
20
23
24
26
5
13
15
16
21
24
25
30
32
33
0
3
4
7
9
10
11
14
16
19
12
15
17
18
20
24
26
29
31
32
1
5
7
8
10
11
13
17
20
21
0
5
7
9
14
16
21
28
30
32
8
11
13
14
15
17
19
22
24
25
3
7
8
10
12
13
15
19
22
24
5
8
10
11
12
14
16
19
21
22
0
3
4
7
10
11
12
15
17
23
7
11
14
18
20
21
23
27
28
30
35
