time_cost:329699ms
ontime_proportion:0.900000
max_delay:10
avg_delay:0.420000
avg_flowtime:23.020000
object function value:767.333333
0
0
0
0
0
0
0
0
0
0
0
0
0
3
4
5
7
13
19
22
23
0
0
0
2
3
5
7
11
13
16
0
0
0
0
0
0
10
15
19
21
0
0
0
0
0
0
0
0
2
3
0
0
0
0
0
0
0
3
4
6
0
0
0
0
0
0
0
0
0
0
0
0
0
0
0
0
0
0
3
6
0
0
2
4
6
8
12
17
21
23
0
0
0
0
0
0
0
0
0
1
0
0
0
0
0
0
0
0
0
1
0
0
0
1
3
4
9
16
18
22
0
0
0
0
0
0
13
21
23
25
0
0
0
0
0
0
0
0
0
5
0
0
0
0
0
0
0
0
1
2
0
0
0
0
1
3
10
18
21
24
0
0
0
0
1
3
20
27
30
31
0
2
5
8
10
12
14
17
21
25
0
0
0
3
5
6
15
19
23
27
0
5
8
10
12
14
15
20
24
26
10
16
19
21
23
25
26
33
36
38
5
11
13
15
16
17
18
25
27
29
5
12
14
15
17
18
19
24
26
29
0
5
8
10
12
14
15
21
24
26
6
12
15
18
20
22
23
27
30
33
0
5
8
10
16
18
21
30
33
35
4
9
11
13
15
16
18
23
25
27
8
14
16
18
20
21
23
30
32
35
0
3
6
7
8
10
14
24
27
28
1
4
5
7
8
10
14
17
19
21
9
13
16
19
21
23
24
31
34
37
2
9
11
13
14
15
16
23
25
27
9
14
17
19
21
23
24
29
33
35
1
6
9
11
14
16
17
25
28
30
6
11
14
15
18
20
22
35
38
39
9
14
19
22
23
24
25
30
32
35
8
12
15
18
20
22
23
26
29
32
2
7
8
12
14
15
16
21
22
23
10
15
16
19
20
21
22
29
30
33
11
16
18
19
22
23
26
31
33
34
5
11
12
14
16
17
18
23
26
27
4
9
13
16
18
20
21
26
29
32
9
15
18
20
22
24
25
32
35
37
4
8
11
13
15
16
17
22
25
28
0
5
6
9
10
11
17
22
23
26
1
8
10
11
13
14
15
22
23
24
5
8
11
14
17
19
20
28
31
34
4
9
12
14
16
18
20
25
28
30
12
18
21
23
25
26
27
34
37
39
7
12
14
16
18
19
21
28
31
33
41
