time_cost:1248ms
ontime_proportion:0.760000
max_delay:14
avg_delay:2.100000
avg_flowtime:22.660000
object function value:2155.333333
0
0
0
0
0
0
0
0
1
2
4
0
0
0
0
0
0
8
13
15
19
0
0
0
0
4
6
26
30
33
35
0
0
0
0
0
0
0
0
0
1
0
0
0
0
1
3
7
12
14
17
0
0
0
1
2
3
7
11
14
17
0
0
0
0
0
0
0
0
1
4
0
0
0
0
1
3
21
25
27
29
0
0
0
0
2
4
10
14
17
23
0
0
0
1
3
4
21
26
29
31
0
0
0
0
0
0
0
0
0
0
0
0
0
0
0
0
0
0
0
0
0
0
0
0
0
0
13
17
22
26
0
0
0
0
0
0
0
0
0
0
0
0
0
0
0
0
30
33
38
39
0
0
0
0
0
2
26
30
33
36
0
0
0
0
0
0
0
0
0
3
0
0
0
0
0
0
0
0
0
2
0
0
0
0
0
0
23
26
33
35
0
0
0
0
0
0
0
0
2
5
0
4
7
12
14
15
16
20
23
25
2
6
7
9
10
11
17
21
22
24
1
6
7
9
11
12
14
19
20
22
1
5
8
10
12
13
14
18
21
23
10
14
15
17
18
19
20
24
25
27
10
13
15
17
19
21
24
27
29
33
14
20
27
29
30
32
34
39
41
43
5
9
10
12
14
16
17
21
22
24
5
10
12
16
18
19
21
26
27
31
2
7
9
11
12
14
16
21
23
25
12
15
17
19
21
23
25
28
31
35
5
10
12
14
15
17
19
24
26
28
18
22
28
29
30
31
33
36
39
40
3
10
13
15
17
19
20
25
28
30
4
8
12
15
17
18
19
23
26
28
2
7
9
14
15
17
18
23
25
28
5
9
10
12
13
14
15
19
20
22
9
12
14
15
17
24
28
31
36
37
4
9
10
14
16
17
19
24
25
27
6
9
10
12
14
16
21
24
29
31
6
10
14
17
19
21
28
32
35
38
11
14
17
19
21
23
24
27
31
33
2
7
13
15
23
26
30
35
38
40
7
10
11
15
17
19
20
23
24
26
24
28
31
33
34
35
36
40
41
43
9
15
25
27
29
30
31
35
39
41
13
16
19
21
23
25
27
31
37
39
7
11
12
14
16
17
30
34
35
37
1
4
6
7
8
9
27
30
37
38
2
5
7
8
9
10
12
15
17
18
44
