time_cost:275242ms
ontime_proportion:0.900000
max_delay:10
avg_delay:0.740000
avg_flowtime:25.580000
object function value:852.666667
0
0
0
0
0
0
0
11
16
18
20
0
0
0
0
0
0
0
0
3
5
0
0
0
0
0
0
0
2
3
6
0
0
0
0
0
1
2
9
12
14
0
0
0
0
1
3
19
28
31
34
0
0
0
0
1
2
6
10
13
17
0
0
1
3
5
6
9
15
17
20
0
0
0
0
1
3
14
19
21
23
0
0
0
2
4
5
10
15
20
24
0
0
0
5
7
8
15
23
25
28
0
0
0
0
0
0
17
20
23
27
0
0
0
0
0
0
0
3
20
23
0
0
0
1
3
4
11
20
22
24
0
2
5
8
10
12
17
22
25
28
0
0
0
0
0
0
0
0
2
5
0
0
0
0
0
0
8
14
17
22
0
0
1
3
4
6
19
25
26
28
0
0
0
0
2
4
14
23
26
28
0
0
0
0
0
0
20
29
34
36
0
2
5
7
9
10
11
15
18
20
3
8
10
12
14
15
17
22
24
26
1
6
8
10
12
13
18
28
30
34
12
17
19
20
22
23
24
32
33
34
12
17
19
20
22
23
24
29
31
32
3
8
10
22
24
25
27
32
34
36
2
8
10
14
16
17
19
27
29
32
10
20
23
25
27
28
29
33
36
38
19
23
26
27
28
30
31
34
37
38
7
13
15
18
20
21
23
31
33
38
8
13
16
19
21
23
24
27
30
36
1
4
7
8
9
11
12
18
25
26
0
3
4
6
7
9
15
22
23
26
7
12
15
16
17
19
20
24
27
30
7
13
14
15
17
18
22
31
32
33
6
11
13
15
16
17
18
25
27
29
3
6
9
10
11
13
16
25
28
31
2
7
8
11
12
13
14
19
20
23
6
12
15
18
20
22
23
26
29
32
15
21
22
24
25
27
29
32
33
35
1
6
8
10
11
12
13
18
20
22
0
5
7
16
18
19
21
26
28
30
2
5
6
8
9
11
13
18
19
22
5
10
11
12
15
17
22
30
31
35
6
11
13
14
16
17
18
23
26
27
6
11
14
16
18
20
21
26
29
31
10
17
20
22
24
26
27
32
35
37
5
8
11
12
13
15
26
32
35
36
2
6
9
11
13
14
15
19
22
24
8
14
17
20
22
24
25
29
32
35
4
9
12
13
14
16
17
20
24
25
40
