time_cost:367734ms
ontime_proportion:0.920000
max_delay:9
avg_delay:0.480000
avg_flowtime:22.400000
object function value:546.666667
0
0
0
1
3
5
6
14
18
22
24
0
0
0
0
0
0
0
0
0
0
0
2
3
6
7
8
14
19
20
23
0
0
0
0
0
0
0
0
1
5
0
0
0
0
0
0
0
0
1
4
0
0
0
1
3
4
13
18
19
24
0
0
0
0
0
1
11
17
20
22
0
0
1
3
6
8
24
27
28
30
0
0
0
0
0
0
0
0
0
0
0
0
0
0
0
0
0
3
4
6
0
0
0
0
0
0
0
0
2
4
0
0
0
0
0
0
0
0
0
0
0
0
0
0
0
0
27
31
34
36
0
0
0
1
4
5
15
20
23
28
0
0
0
0
2
3
10
16
18
19
0
0
0
1
2
4
12
16
19
21
0
0
0
0
0
0
0
5
6
7
0
0
0
0
0
0
0
4
7
9
0
0
0
0
0
0
10
14
18
21
0
0
0
2
4
6
27
32
35
37
0
3
6
9
11
13
18
21
25
28
0
3
6
9
11
13
14
17
20
23
5
8
11
14
16
18
19
22
25
28
4
9
11
16
19
20
22
27
29
31
8
13
14
17
20
21
22
27
28
33
5
10
13
15
17
19
20
25
28
30
0
7
9
11
13
14
15
20
21
22
4
9
10
11
13
14
15
20
21
22
9
14
17
20
21
23
24
29
31
34
3
8
11
13
18
20
21
26
29
31
9
14
17
19
21
23
24
29
32
34
5
10
11
14
15
16
17
22
23
26
10
15
17
19
20
21
23
28
30
32
5
12
15
18
21
22
23
28
31
34
9
14
16
18
20
22
23
28
30
33
4
9
10
13
15
16
17
23
24
26
10
13
16
19
21
23
25
28
31
34
1
4
5
7
8
10
21
24
25
27
9
14
15
16
19
20
24
30
31
32
0
11
14
15
16
18
19
22
25
26
7
11
14
16
18
19
20
24
27
29
9
12
13
15
16
24
28
31
32
34
0
5
7
9
11
12
14
19
21
23
2
7
8
9
11
12
18
23
24
25
8
11
13
16
18
20
22
25
26
28
4
9
10
13
14
15
16
21
22
25
1
6
9
11
13
15
16
24
26
28
1
5
8
10
12
14
15
19
22
24
6
11
15
16
22
24
25
29
32
34
5
10
12
14
16
17
19
24
26
28
39
