time_cost:1215ms
ontime_proportion:0.880000
max_delay:11
avg_delay:0.860000
avg_flowtime:21.140000
object function value:904.666667
0
0
0
0
0
0
0
0
0
0
2
0
0
0
0
0
0
0
0
2
3
0
0
0
0
0
0
0
0
0
4
0
0
0
0
0
0
0
0
2
4
0
0
0
0
0
0
0
0
0
0
0
0
0
0
1
3
9
13
14
17
0
0
0
0
0
0
25
29
35
37
0
0
0
1
2
3
9
12
14
15
0
0
0
0
0
0
1
4
5
9
0
0
0
0
0
0
0
3
6
11
0
0
0
0
0
0
16
19
25
27
0
0
0
0
0
0
0
0
0
0
0
0
0
0
1
3
13
17
23
25
0
2
3
5
7
9
10
13
16
18
0
0
0
0
0
0
0
0
1
4
0
0
0
0
0
0
0
0
0
0
0
3
4
6
7
8
30
34
38
40
0
0
0
0
0
0
0
0
0
2
0
0
0
0
0
0
0
0
0
0
5
10
12
16
18
19
21
26
27
29
6
11
14
17
18
20
21
26
28
31
11
15
18
20
23
25
28
32
37
39
15
18
20
21
25
26
29
32
37
39
8
13
16
18
22
24
26
31
38
40
2
6
7
9
11
13
14
18
19
23
0
4
5
7
9
11
16
20
31
33
0
5
7
12
13
15
16
21
23
27
6
11
12
15
16
17
18
23
30
33
5
9
10
12
13
14
15
19
20
22
11
16
18
20
22
23
25
30
35
37
11
16
22
25
26
27
28
33
35
38
4
9
11
14
15
17
18
23
25
28
2
6
7
10
12
14
15
19
20
23
5
10
12
14
15
17
19
24
26
28
1
6
9
11
15
18
20
25
26
31
10
15
17
20
21
22
23
28
29
32
3
8
9
12
13
14
15
20
21
24
0
5
8
10
12
13
15
20
21
23
5
9
10
12
14
15
16
20
21
23
6
11
14
17
18
20
22
27
29
31
6
11
12
14
16
17
19
24
25
27
9
14
15
18
19
21
22
27
28
31
8
12
16
18
19
20
21
25
26
28
12
15
20
22
24
26
27
30
33
35
1
6
13
16
17
19
20
25
27
30
8
12
15
16
17
18
20
23
25
26
1
4
5
7
9
11
24
27
33
35
3
8
10
13
20
22
23
28
32
35
4
8
9
11
14
16
17
21
24
26
1
5
6
8
10
12
13
17
18
20
41
