time_cost:338719ms
ontime_proportion:0.960000
max_delay:11
avg_delay:0.260000
avg_flowtime:21.700000
object function value:123.333333
0
0
0
0
0
2
4
10
14
16
19
0
0
0
2
4
5
14
20
22
25
0
0
0
0
0
0
1
4
5
7
0
0
0
0
0
0
0
0
0
2
0
0
0
0
0
0
0
4
5
7
0
0
0
0
0
0
0
0
0
0
0
0
0
0
0
0
29
34
37
39
0
0
0
0
0
0
0
0
1
4
0
0
0
2
4
6
7
11
12
15
0
0
0
1
2
4
13
18
22
25
0
0
0
0
0
0
13
17
20
23
0
0
2
4
7
9
11
16
18
20
0
0
0
0
0
0
0
0
0
0
0
0
0
0
1
2
10
14
18
20
0
0
0
0
1
3
10
13
15
21
0
0
0
0
0
0
14
19
28
31
0
0
1
3
5
7
9
13
16
19
0
0
0
0
0
0
0
0
0
0
0
5
7
10
11
13
14
19
21
24
0
2
4
5
6
7
9
12
15
16
4
7
9
10
12
13
15
18
20
21
4
10
15
17
22
24
26
31
35
37
7
11
13
17
19
21
22
25
28
32
8
13
17
19
21
22
24
29
31
33
5
10
11
15
17
18
20
25
26
28
0
4
7
9
11
12
28
32
36
38
16
20
22
24
25
26
27
31
33
35
0
4
5
7
9
11
20
24
27
29
2
6
7
9
10
11
12
16
18
20
13
17
19
22
24
26
28
32
33
36
5
10
13
16
17
19
20
25
27
30
18
22
24
26
28
30
31
35
36
38
2
5
7
8
9
10
12
15
17
18
7
11
13
15
18
20
21
24
25
30
2
7
10
13
15
17
18
23
25
28
5
9
10
12
13
14
15
19
20
22
11
16
19
22
23
24
25
30
31
34
0
3
5
6
7
8
10
13
16
17
4
9
10
12
14
15
17
22
23
25
9
12
14
16
18
20
21
24
26
28
6
10
12
14
16
18
19
23
24
26
11
15
17
19
21
23
24
28
29
32
2
7
9
12
13
15
17
22
26
29
1
5
6
8
9
10
16
20
22
25
7
11
12
14
15
16
19
23
25
27
3
7
10
12
14
15
22
29
34
36
9
14
16
18
19
21
23
28
31
33
4
8
14
16
18
19
22
26
29
31
1
6
7
10
11
12
13
18
19
23
6
9
12
13
14
15
17
20
22
23
41
