time_cost:308438ms
ontime_proportion:1.000000
max_delay:0
avg_delay:0.000000
avg_flowtime:19.800000
object function value:-340.000000
0
0
0
0
0
0
1
10
13
16
19
0
0
0
0
0
0
0
0
2
4
0
0
0
0
0
0
0
0
0
1
0
3
4
6
7
9
13
16
18
20
0
0
0
0
0
0
0
0
0
2
0
0
0
0
0
0
0
0
0
2
0
3
5
7
8
9
13
18
20
23
0
0
0
0
0
0
10
13
16
18
0
0
0
0
1
3
11
16
18
20
0
0
0
0
1
2
13
17
22
24
0
0
0
0
1
2
13
17
19
21
0
2
3
7
9
10
12
16
19
21
0
0
0
0
0
0
0
0
1
5
0
0
0
0
0
0
0
0
0
1
0
0
0
0
1
3
10
14
16
18
0
0
0
0
0
0
0
5
7
8
0
0
0
0
2
4
9
16
17
19
0
0
0
0
0
0
0
0
0
0
0
0
0
0
0
0
0
4
7
9
0
0
0
0
2
3
9
13
14
17
8
11
14
16
17
19
21
24
26
29
6
11
12
14
16
18
19
23
24
28
1
9
13
15
17
18
20
23
25
27
5
9
11
13
17
20
22
25
26
28
11
15
17
19
20
22
24
27
28
30
4
8
9
11
13
14
15
19
22
24
8
11
15
17
21
25
27
30
31
33
5
10
12
13
15
17
18
23
25
26
5
11
13
14
17
19
20
25
27
28
10
14
16
17
19
23
25
28
30
31
4
9
11
14
15
16
18
23
25
27
5
9
13
15
18
19
20
25
27
30
0
5
7
9
10
11
13
18
20
22
5
10
12
13
15
18
19
24
26
28
11
14
17
19
22
24
26
29
31
33
7
12
15
16
21
22
24
28
30
32
2
6
8
9
11
12
14
18
20
21
1
4
6
7
9
11
14
17
19
20
9
13
14
17
19
20
23
27
28
30
6
9
11
12
13
15
17
20
24
26
1
8
10
12
14
15
16
20
21
26
4
9
12
15
16
17
19
24
26
28
0
3
4
8
10
11
13
16
18
21
2
5
8
10
11
16
18
21
24
26
8
12
14
16
19
21
23
26
28
29
5
8
9
12
14
15
16
20
21
26
2
7
10
11
13
15
16
21
23
24
2
5
8
10
11
13
15
18
21
23
9
14
16
17
19
21
22
27
29
30
3
6
7
10
12
13
16
19
21
24
34
