time_cost:879ms
ontime_proportion:0.800000
max_delay:9
avg_delay:0.940000
avg_flowtime:22.660000
object function value:1755.333333
0
0
0
0
1
3
4
10
15
21
24
0
0
0
0
0
0
0
1
7
10
0
0
0
0
0
0
0
0
6
9
0
0
0
2
3
5
14
24
35
38
0
0
0
0
0
0
0
0
2
4
0
0
0
0
0
0
0
0
0
2
0
0
0
0
0
1
11
16
19
21
0
0
0
0
0
0
0
2
3
5
8
13
15
18
21
22
23
26
27
30
0
0
0
0
1
2
7
11
12
16
0
0
0
0
0
0
1
18
21
23
10
14
18
21
23
24
25
28
30
33
0
0
0
0
0
0
0
3
4
7
0
0
0
0
0
0
0
4
10
14
0
0
0
0
0
0
11
16
32
35
0
0
0
0
0
0
0
0
0
0
0
0
0
0
0
0
9
14
20
23
0
0
3
6
7
9
12
21
32
35
0
0
0
0
0
0
0
0
0
3
0
0
0
0
0
0
0
0
1
3
3
8
10
12
14
15
16
21
23
25
4
7
8
11
13
14
15
18
22
26
4
8
11
14
15
16
18
22
25
28
5
10
12
13
14
16
18
21
23
25
4
11
13
15
16
18
19
24
25
27
7
12
15
17
19
20
21
26
28
30
1
4
5
8
9
11
12
15
21
24
2
10
14
16
18
19
20
25
27
29
8
13
16
18
19
21
22
27
28
30
4
8
11
13
21
23
24
28
33
35
5
9
12
15
16
17
19
23
26
29
0
11
14
16
17
19
20
24
27
29
6
12
16
19
20
22
23
28
31
34
3
6
8
10
12
13
15
18
20
22
4
8
11
13
15
17
18
22
26
28
11
19
23
24
25
26
27
31
32
33
10
15
18
21
22
24
25
30
33
36
7
13
17
19
20
22
23
27
30
32
0
3
5
6
7
9
13
17
26
27
0
3
5
6
7
9
11
16
19
20
0
5
6
8
9
11
12
17
18
20
0
4
7
9
11
13
14
18
24
26
8
12
15
18
19
21
22
25
30
33
8
14
18
21
22
24
25
28
29
32
0
3
6
7
9
11
14
20
24
26
0
5
8
10
12
13
14
19
24
26
5
12
13
15
24
26
27
32
33
35
9
14
21
23
25
26
27
32
34
36
8
12
15
18
22
24
25
28
29
32
3
7
10
12
13
15
16
20
23
25
39
