time_cost:255098ms
ontime_proportion:0.760000
max_delay:23
avg_delay:3.220000
avg_flowtime:28.680000
object function value:2356.000000
0
0
0
0
0
0
0
0
0
0
0
0
0
0
0
2
5
11
23
26
28
0
0
0
0
1
2
20
31
34
38
0
0
0
0
0
0
0
0
0
2
19
26
29
30
32
33
34
39
42
43
0
3
6
8
9
10
11
15
18
20
0
0
0
0
1
2
13
29
33
34
0
0
0
0
0
0
0
0
1
4
0
3
6
8
9
11
12
18
21
23
0
0
3
5
6
8
15
21
24
26
0
0
1
3
4
6
29
43
46
48
0
0
3
6
8
10
24
35
39
42
0
0
0
0
0
0
10
15
16
25
0
0
0
1
3
5
10
21
23
25
0
7
10
12
14
16
17
22
25
27
0
2
4
6
10
12
14
20
22
24
0
0
0
2
3
4
10
16
24
27
0
0
0
0
0
0
0
0
3
5
0
5
6
9
11
12
14
19
20
23
0
0
0
0
2
3
8
15
16
20
2
5
7
12
13
14
16
19
21
24
4
7
9
12
13
14
16
19
21
24
0
5
8
10
12
14
15
20
23
25
5
8
11
13
14
15
16
19
22
24
3
6
9
11
12
13
14
17
20
22
9
14
15
18
20
22
25
31
32
35
23
34
37
39
40
41
42
46
49
51
2
9
12
14
16
18
19
28
31
33
3
10
13
16
18
20
22
33
36
40
6
11
14
17
19
21
22
27
30
31
7
12
15
16
20
21
23
28
31
34
5
11
14
21
23
25
26
37
41
44
6
12
15
16
18
19
24
37
40
41
5
13
16
19
21
23
24
32
35
38
4
9
11
13
15
17
19
24
26
28
4
9
10
13
15
16
18
23
24
27
12
25
28
31
33
35
36
42
45
48
0
6
13
15
18
20
21
26
29
31
0
4
7
9
11
12
13
16
19
21
22
32
33
36
38
39
41
46
48
51
2
12
15
16
21
24
26
30
33
34
9
15
17
20
21
22
24
29
31
36
7
25
28
33
35
37
38
43
48
51
1
6
9
13
15
16
17
22
25
26
10
16
19
22
24
25
27
36
38
41
5
10
13
15
17
19
21
26
28
32
13
28
31
33
34
35
36
40
43
45
8
14
17
19
21
23
27
40
43
45
5
10
12
14
16
18
20
25
27
29
19
31
32
35
37
38
40
45
46
49
53
