time_cost:349621ms
ontime_proportion:0.920000
max_delay:5
avg_delay:0.360000
avg_flowtime:22.500000
object function value:550.000000
0
0
0
0
0
0
0
0
0
0
0
0
0
0
0
0
0
0
0
1
2
0
0
0
0
0
0
0
0
0
0
0
0
0
1
3
4
10
15
17
18
0
0
0
0
0
0
0
3
5
11
0
0
0
0
0
0
0
0
0
2
0
0
0
0
0
1
9
15
19
23
0
0
0
0
0
2
14
18
19
21
0
0
0
0
0
1
15
21
23
26
0
2
3
4
6
7
10
17
19
20
0
0
0
0
0
0
0
0
0
3
0
0
0
0
0
0
11
17
20
22
0
0
0
0
0
0
0
0
0
1
0
3
5
7
9
10
13
20
22
24
0
0
0
0
0
0
11
16
18
21
0
2
5
6
7
9
13
18
21
26
0
4
5
12
14
15
16
21
22
26
0
0
0
0
0
2
16
19
22
25
0
0
1
3
4
5
11
16
18
20
0
0
0
0
0
0
0
0
1
2
3
8
10
12
14
15
17
23
25
28
5
10
12
14
15
16
17
24
26
28
0
5
6
9
10
11
17
22
23
26
1
6
8
10
11
12
17
22
24
26
0
3
6
7
8
10
13
20
23
24
0
5
6
7
9
10
12
17
18
19
6
11
12
15
16
17
19
24
25
28
8
12
15
17
19
20
22
26
29
31
3
8
11
14
15
17
19
26
27
30
2
5
8
9
10
12
22
30
33
34
3
6
9
10
11
13
16
19
22
25
9
15
17
19
21
22
24
29
31
33
5
9
14
16
18
19
20
25
28
30
10
13
16
19
21
23
24
28
31
34
5
9
12
14
16
17
18
23
26
28
8
16
17
20
22
24
25
31
32
35
5
10
12
15
16
17
19
24
26
29
7
12
15
16
17
19
20
26
29
30
3
8
9
10
12
13
15
22
23
24
9
14
15
16
18
19
21
26
27
30
2
7
8
11
12
13
14
19
20
23
10
13
16
17
18
20
22
25
28
29
8
12
15
18
19
21
22
31
34
35
0
3
6
9
13
15
24
27
30
33
0
5
7
9
11
12
15
22
24
30
4
9
10
14
17
18
20
25
26
28
6
12
14
16
20
21
25
30
32
33
13
18
21
22
23
25
26
29
33
34
0
6
9
11
13
15
22
27
30
32
5
10
12
14
17
18
24
29
31
35
37
