time_cost:280232ms
ontime_proportion:0.840000
max_delay:17
avg_delay:1.420000
avg_flowtime:25.060000
object function value:1435.333333
0
0
0
0
0
0
0
0
0
0
1
0
5
8
9
11
12
13
18
21
22
0
0
0
0
0
0
0
0
0
0
0
1
4
5
7
8
9
14
17
18
0
0
0
0
0
0
0
4
7
10
0
0
0
0
1
2
5
8
11
13
0
0
0
0
0
1
5
11
14
15
0
0
0
0
0
0
0
0
0
2
0
0
0
0
0
0
0
4
5
12
0
0
0
0
0
0
8
12
15
19
0
2
5
6
8
9
11
17
20
21
0
0
0
0
0
0
10
17
20
22
0
0
3
5
6
8
11
18
22
24
0
3
4
7
9
10
12
20
21
24
0
3
6
8
10
12
13
19
22
26
0
0
0
0
0
0
11
17
19
23
0
0
0
0
0
1
14
21
24
26
0
0
0
0
0
0
0
0
0
0
0
0
0
0
0
0
13
21
23
25
0
0
0
0
0
0
0
0
0
1
5
10
13
16
18
20
21
26
29
32
3
8
11
12
14
15
16
21
24
25
10
14
17
18
20
21
22
26
30
31
6
12
15
16
18
20
21
26
29
31
2
5
8
11
13
14
15
21
24
27
6
13
14
17
19
20
22
29
31
34
6
12
15
18
20
22
23
29
32
35
4
9
12
14
16
18
19
29
34
36
8
15
18
21
23
25
26
32
35
38
10
17
20
21
23
24
25
30
34
35
5
11
12
15
18
19
21
26
27
30
4
9
11
16
17
18
20
23
25
28
3
7
9
12
13
14
19
27
31
34
17
22
25
27
28
29
30
33
36
38
0
11
14
23
25
27
28
33
36
43
0
3
6
7
9
10
24
35
38
39
1
6
7
10
12
13
15
20
21
24
14
24
26
28
30
32
34
39
41
43
0
7
10
13
15
17
23
34
38
41
14
23
24
27
29
30
32
37
38
41
2
5
7
10
11
12
20
32
35
38
5
10
12
14
16
21
23
28
30
32
3
8
9
12
14
15
17
22
24
28
17
24
27
29
31
34
35
40
43
45
10
15
18
20
21
22
23
26
29
33
7
14
17
19
22
24
25
30
33
35
11
20
28
32
33
35
37
41
43
46
8
15
17
19
21
23
25
30
32
34
18
25
27
30
32
33
35
40
41
44
1
6
9
13
15
16
17
29
32
33
47
