time_cost:1072ms
ontime_proportion:0.840000
max_delay:4
avg_delay:0.380000
avg_flowtime:22.420000
object function value:1347.333333
0
0
0
0
0
2
3
16
21
24
26
0
0
1
4
6
7
10
15
17
20
8
12
13
15
17
20
21
25
26
29
0
0
1
2
3
5
20
23
25
26
0
0
1
3
4
6
8
11
13
17
0
0
0
0
0
0
0
0
0
0
0
0
0
0
0
0
12
18
20
21
0
0
0
0
0
0
0
0
0
0
0
1
3
4
6
8
11
16
19
26
3
8
11
15
22
24
26
29
31
32
0
0
0
0
0
0
10
14
18
21
0
0
0
0
0
0
11
16
18
19
0
0
0
0
0
0
9
15
16
18
0
0
0
0
0
0
0
0
0
0
0
0
0
0
0
0
0
0
1
3
0
0
0
0
0
2
12
16
26
28
0
3
4
6
14
16
18
21
22
24
0
3
4
9
14
15
16
19
20
23
0
0
0
0
0
0
0
1
2
6
0
0
0
1
2
4
10
16
23
25
5
8
10
12
13
16
18
21
23
24
4
9
11
12
14
17
18
23
25
26
8
12
15
17
20
23
25
28
31
33
0
4
6
7
16
18
20
23
25
26
2
5
6
8
9
11
13
16
19
21
0
3
4
6
7
9
11
15
17
19
7
12
15
17
20
22
24
27
30
32
7
10
11
13
17
23
25
28
29
31
10
13
15
17
20
25
27
30
32
34
5
10
12
14
15
17
19
24
26
29
7
12
15
16
18
19
21
26
28
29
4
7
8
10
11
15
17
20
21
23
1
5
11
14
19
22
24
29
31
32
0
5
7
8
10
12
13
20
22
24
0
5
7
9
10
11
13
18
26
28
10
13
14
17
19
21
22
26
27
30
2
7
9
11
12
13
15
20
22
24
0
3
5
6
7
9
11
16
19
21
5
8
9
11
12
14
16
19
20
22
3
7
8
10
12
13
15
19
20
22
2
6
7
9
11
12
13
17
18
20
7
11
14
16
18
21
23
26
29
31
4
8
9
11
13
14
16
20
23
28
1
4
7
9
15
21
23
26
30
32
5
10
12
13
18
20
21
26
28
29
3
7
10
12
16
18
19
23
24
26
7
10
12
14
17
19
21
24
26
28
6
10
12
13
16
18
20
24
26
27
4
7
9
12
13
15
17
20
22
24
10
14
16
19
21
24
25
28
29
32
35
