time_cost:977ms
ontime_proportion:0.840000
max_delay:5
avg_delay:0.520000
avg_flowtime:20.200000
object function value:1273.333333
0
0
0
0
0
0
0
0
0
0
0
0
0
0
0
0
0
0
0
0
0
0
0
0
0
0
2
9
14
17
19
0
0
0
0
0
0
0
3
23
25
0
3
13
16
19
23
24
27
28
31
0
0
0
0
0
0
10
15
22
24
0
0
0
0
0
1
15
18
27
29
0
0
0
0
0
2
8
12
16
18
0
0
0
0
0
1
10
13
16
18
0
0
0
0
0
0
0
0
1
2
0
0
0
2
4
5
13
18
24
30
4
9
11
13
15
18
20
25
27
29
0
0
0
0
0
0
0
0
0
0
0
0
0
0
0
0
0
0
1
3
0
0
0
0
0
0
0
1
2
4
0
0
0
0
0
0
0
2
4
6
0
0
0
0
0
0
0
0
0
1
0
0
0
0
0
0
0
0
0
0
0
0
0
0
1
3
17
20
30
32
0
0
0
0
0
0
0
0
0
0
4
7
10
14
15
17
19
22
25
27
5
8
9
11
12
14
16
19
20
22
0
6
8
10
11
16
18
23
25
27
8
13
15
16
18
22
23
28
32
33
10
14
16
18
20
24
25
29
31
33
2
5
7
9
10
11
13
16
18
20
1
4
5
8
10
11
12
15
16
19
4
8
10
12
14
15
17
21
23
24
7
12
14
16
17
20
22
27
29
31
5
9
11
12
14
18
20
25
27
28
8
12
14
15
17
21
23
27
29
30
3
6
7
12
14
15
16
19
20
23
5
8
11
13
15
17
19
22
25
27
5
10
12
14
15
19
21
26
28
32
3
7
8
10
12
13
14
18
19
21
6
10
11
14
16
19
21
25
26
28
1
4
6
8
9
11
13
16
18
19
1
4
5
10
12
13
14
17
18
21
2
5
10
11
13
16
18
21
23
24
1
5
7
10
13
14
16
20
22
23
5
10
14
16
17
21
23
28
30
32
0
3
4
15
17
20
21
24
25
28
1
4
5
7
8
10
12
16
21
23
7
12
13
17
19
22
23
27
28
33
7
11
12
15
18
21
22
26
27
30
6
11
13
14
18
23
25
29
31
32
3
7
8
10
12
13
14
18
19
21
9
12
14
17
18
23
25
28
29
33
0
3
4
7
9
10
12
17
24
27
3
6
7
9
10
12
14
17
18
20
35
