time_cost:986ms
ontime_proportion:0.940000
max_delay:2
avg_delay:0.080000
avg_flowtime:21.040000
object function value:301.333333
0
0
0
0
0
0
0
7
11
14
17
0
0
0
0
0
0
0
2
4
6
0
0
0
0
0
1
7
12
16
17
0
0
0
0
0
0
0
0
0
2
0
0
0
0
0
0
7
11
16
18
0
0
0
0
0
1
18
23
27
28
0
0
0
1
2
4
15
18
28
30
0
0
0
0
0
0
0
0
0
0
0
0
0
0
3
4
12
15
19
22
0
0
0
0
0
0
0
0
0
0
0
0
0
0
0
0
0
0
1
3
0
0
0
0
0
1
9
13
14
16
0
0
0
0
0
0
0
0
1
3
0
0
0
0
1
2
12
16
17
19
0
0
0
0
1
3
11
16
18
19
0
0
0
0
4
5
12
15
19
22
0
0
0
1
3
5
9
14
16
17
0
0
0
0
0
0
0
0
0
0
0
0
0
0
0
0
0
1
2
4
0
0
0
0
4
6
16
19
28
30
10
13
15
16
19
23
25
28
30
31
1
6
8
9
11
13
14
19
21
22
7
11
14
17
18
21
23
26
31
33
5
9
10
12
14
15
16
20
21
23
1
6
8
9
11
13
14
19
21
22
3
8
10
11
13
14
16
21
23
24
0
3
5
7
8
9
11
14
17
19
8
11
16
18
21
25
27
30
31
33
0
5
7
9
10
11
13
18
22
24
1
4
5
8
10
11
15
18
22
25
5
9
10
12
15
16
17
21
22
24
1
5
7
8
10
11
13
17
19
20
5
8
12
15
17
18
19
22
23
26
1
4
9
11
12
13
22
27
33
35
4
9
11
12
14
16
17
22
24
25
2
6
7
9
11
12
13
17
20
25
2
6
8
10
12
13
16
20
25
27
9
12
16
17
18
21
23
26
28
29
1
9
12
14
15
18
20
23
26
28
4
7
10
12
13
19
21
24
29
31
9
12
17
19
22
25
27
30
31
34
1
4
8
10
11
14
20
23
33
35
4
8
11
20
22
23
24
27
28
31
10
13
15
16
20
23
25
28
30
31
6
10
11
14
16
17
18
21
22
27
6
10
14
17
19
20
21
25
26
28
9
14
16
17
23
27
29
32
34
35
6
10
12
15
17
18
19
22
25
28
6
10
12
14
16
19
21
25
26
29
2
7
9
14
15
16
18
23
25
27
36
