time_cost:24871ms
ontime_proportion:0.820000
max_delay:9
avg_delay:1.040000
avg_flowtime:22.640000
object function value:1554.666667
0
0
0
0
0
0
0
0
0
1
2
0
0
0
0
0
0
0
0
2
4
0
0
0
0
0
0
14
18
27
30
0
0
0
0
0
0
0
0
1
3
0
0
0
0
0
0
0
4
16
19
0
0
0
0
0
0
0
3
6
9
0
2
4
6
8
9
13
18
24
26
0
0
0
0
0
0
17
20
26
29
0
0
0
0
0
0
0
2
3
6
0
0
0
0
1
3
8
14
17
19
0
0
0
0
0
0
0
0
0
1
0
0
1
4
6
7
20
25
29
32
0
0
0
0
0
0
0
0
0
0
0
0
1
3
4
6
8
17
19
21
0
0
0
1
2
4
8
11
13
14
0
0
0
0
0
0
0
0
2
6
0
0
0
2
3
5
9
15
21
23
0
0
0
0
0
0
0
25
29
34
0
0
0
0
0
1
21
29
32
35
0
0
0
0
1
3
7
11
14
16
4
7
8
11
12
14
15
18
19
22
7
12
15
17
19
21
22
26
29
31
4
8
11
14
15
16
18
22
25
28
2
5
10
11
12
14
18
23
26
27
5
10
11
13
14
16
17
22
23
25
8
14
17
19
20
22
23
29
30
32
5
9
12
15
16
18
19
28
31
33
3
7
8
9
10
11
14
18
22
23
9
14
16
18
20
21
22
27
32
34
13
17
21
22
23
24
25
31
35
36
0
3
5
7
9
10
12
15
19
22
11
16
18
21
22
25
26
30
34
37
7
11
14
16
17
19
20
25
28
30
4
7
9
10
11
18
20
23
26
27
9
12
14
16
18
19
22
26
35
37
4
8
9
10
11
12
22
26
36
37
1
5
8
12
13
14
16
20
23
26
6
9
11
12
18
20
26
32
37
38
5
9
12
14
15
17
18
22
25
27
3
6
7
10
12
13
14
17
18
21
0
3
5
6
7
9
11
16
19
20
0
7
12
14
16
18
19
23
27
30
2
5
7
8
9
11
23
31
37
38
4
8
11
14
15
16
18
22
25
28
5
8
9
12
13
15
16
19
21
24
3
11
14
17
18
20
21
26
29
32
10
14
16
20
22
23
25
28
30
32
0
3
4
7
9
10
12
16
20
23
0
4
6
15
17
18
19
22
23
27
8
13
16
19
20
22
23
28
32
35
39
