time_cost:969ms
ontime_proportion:0.920000
max_delay:5
avg_delay:0.240000
avg_flowtime:22.280000
object function value:542.666667
0
0
0
0
0
0
0
11
16
18
19
0
0
0
0
0
1
14
17
21
23
0
0
0
2
4
5
13
18
19
21
0
0
0
0
0
0
11
15
17
19
0
0
0
0
0
0
3
5
7
10
0
0
0
0
0
0
0
0
2
5
0
2
4
6
7
8
11
14
21
23
0
0
0
0
1
3
11
16
19
21
0
0
0
0
0
0
0
0
0
1
0
0
0
0
0
0
0
0
0
2
0
0
0
0
0
1
11
15
17
19
0
4
6
7
9
11
12
17
19
20
0
0
0
0
0
1
12
19
22
24
0
0
0
0
0
0
0
2
3
5
0
0
0
0
0
1
13
20
22
24
0
0
0
0
0
0
0
5
7
8
0
0
0
0
1
3
15
18
21
24
0
0
2
4
5
6
14
19
24
26
0
0
1
3
5
6
11
15
18
22
0
4
5
7
9
10
12
16
18
22
5
9
11
13
15
16
18
22
24
25
8
11
13
15
16
18
20
23
25
27
0
3
5
9
10
11
17
20
22
25
10
13
16
18
20
22
24
27
29
31
3
8
10
12
13
14
16
21
23
25
0
4
6
7
9
10
14
18
20
21
5
10
12
14
15
16
18
23
25
27
4
8
9
11
13
14
15
19
20
22
3
8
10
12
13
14
16
21
23
25
0
4
6
9
11
12
14
18
20
26
3
8
10
11
13
15
16
21
23
24
5
10
12
14
15
16
18
23
25
27
0
3
7
9
11
12
19
24
26
28
10
14
16
17
19
22
24
27
29
30
9
13
15
17
18
20
22
25
27
29
0
3
4
7
9
10
11
16
19
25
8
12
13
15
18
20
21
25
27
30
8
13
17
19
21
24
26
29
30
32
1
6
8
9
11
13
19
30
32
33
8
12
13
15
20
24
26
29
30
32
4
8
9
15
17
18
20
24
25
28
6
11
14
16
17
20
22
25
28
30
9
14
16
18
19
22
24
27
29
31
2
10
12
14
15
16
18
25
27
29
8
13
15
17
20
24
26
29
30
33
7
12
14
17
19
21
22
26
27
30
8
11
14
16
18
20
23
26
31
33
4
9
11
15
17
18
20
24
26
32
5
8
11
13
16
18
21
28
31
34
8
13
16
18
19
22
24
27
29
31
35
