time_cost:903ms
ontime_proportion:0.880000
max_delay:5
avg_delay:0.380000
avg_flowtime:23.060000
object function value:968.666667
0
0
1
2
5
7
8
13
16
19
23
0
0
0
0
1
3
11
16
22
23
0
0
2
5
6
8
11
18
22
23
0
0
0
0
0
0
21
25
28
30
0
0
0
0
0
0
1
7
9
11
0
0
1
4
6
7
10
15
18
20
0
0
0
0
0
0
12
15
17
21
0
0
0
0
0
0
8
13
15
17
0
0
1
3
4
5
9
14
18
20
0
0
0
0
0
0
3
15
20
22
0
0
0
0
0
1
12
17
19
23
0
0
0
0
0
0
0
0
0
0
0
0
0
2
3
4
20
23
27
29
0
0
0
1
2
3
9
14
17
19
0
0
0
0
0
2
24
28
30
32
0
2
5
7
8
10
24
28
32
34
0
0
1
3
5
6
8
12
13
15
0
0
0
0
0
0
0
1
3
4
0
0
1
3
4
6
19
22
26
28
0
0
0
0
0
0
0
0
0
0
6
9
12
16
17
19
21
24
25
29
4
9
11
13
14
15
17
22
24
26
7
12
15
16
19
21
23
27
29
30
5
8
10
12
13
16
18
21
23
25
8
12
14
16
19
20
21
25
26
28
9
14
15
19
21
22
23
27
28
30
1
5
7
8
10
18
20
24
27
28
1
4
7
9
10
12
14
17
20
22
12
15
16
19
21
22
24
27
30
33
8
13
16
19
22
24
26
29
30
32
9
12
14
16
17
20
22
25
30
32
4
7
10
12
13
15
17
20
27
29
5
11
12
15
16
18
20
23
24
26
0
3
6
8
12
17
19
24
27
29
5
8
16
18
20
22
24
27
30
32
0
3
4
6
7
9
11
14
18
20
2
6
8
9
11
12
14
18
20
21
5
8
14
16
17
20
22
25
28
30
2
6
8
9
11
12
14
18
20
21
6
11
12
15
18
19
20
23
24
27
8
12
16
18
20
23
25
28
31
33
7
12
14
17
19
21
22
27
29
30
1
5
6
8
10
14
16
20
21
23
5
8
9
12
14
17
18
21
22
25
0
4
5
7
9
10
15
19
25
27
5
10
12
14
15
16
18
23
25
27
1
4
7
9
10
12
14
17
20
22
6
10
12
13
15
23
25
29
32
33
2
7
9
10
12
14
15
20
22
23
1
6
8
10
12
14
16
21
23
25
35
