time_cost:1040ms
ontime_proportion:0.800000
max_delay:8
avg_delay:0.860000
avg_flowtime:22.720000
object function value:1757.333333
0
0
0
0
1
2
4
5
9
12
13
0
0
0
0
0
0
0
0
0
0
0
0
0
0
0
0
0
1
4
7
0
0
0
0
0
0
0
0
1
3
0
0
0
0
0
0
0
0
0
0
0
0
0
0
0
1
10
15
18
20
0
0
0
1
4
6
14
20
29
31
0
0
0
0
0
0
0
0
3
5
0
0
0
0
2
4
19
25
28
30
0
0
0
0
0
0
0
0
2
4
0
0
0
0
2
4
14
19
22
25
0
0
0
0
0
0
9
15
17
18
0
0
0
0
1
3
14
21
23
25
0
0
0
0
4
5
23
31
34
36
0
0
0
0
0
0
0
0
0
2
0
0
1
2
3
5
10
13
16
20
0
1
2
5
6
7
11
19
20
24
0
0
0
1
5
6
14
28
31
34
0
0
0
0
0
1
10
16
21
24
0
0
0
0
0
0
10
16
19
21
0
6
9
10
11
13
14
20
25
26
11
16
17
19
20
22
24
30
31
33
6
9
10
12
13
15
17
20
21
23
0
5
7
10
11
12
13
18
20
22
0
3
6
7
8
10
11
14
17
22
0
7
9
11
13
14
16
21
23
25
8
13
16
18
19
20
21
26
29
31
2
5
12
15
17
19
20
23
26
32
8
13
17
19
20
22
23
26
31
32
2
7
9
11
12
13
14
19
21
23
5
10
11
14
15
16
17
22
23
27
0
5
7
9
10
11
12
17
19
21
8
13
15
17
22
23
25
33
35
37
3
9
10
13
16
18
23
28
31
32
5
10
12
14
16
17
18
23
25
28
5
10
12
15
16
17
18
23
25
29
3
11
14
17
19
21
22
25
28
31
5
8
11
12
13
15
16
19
22
23
0
5
6
7
9
10
13
18
19
20
5
10
13
15
17
19
20
25
28
30
4
9
10
13
15
16
17
22
23
26
7
11
14
17
19
20
23
27
30
33
6
12
14
17
18
19
20
25
26
29
1
6
8
12
15
17
18
23
25
27
14
17
20
21
22
24
26
31
34
35
6
12
13
17
18
19
20
25
26
29
1
7
9
13
15
16
18
23
31
33
0
3
4
6
7
9
13
17
18
20
1
4
7
10
20
22
23
30
33
36
9
14
16
17
19
20
22
28
30
31
38
