time_cost:322062ms
ontime_proportion:0.960000
max_delay:6
avg_delay:0.160000
avg_flowtime:22.080000
object function value:136.000000
0
0
0
0
0
2
4
10
15
16
19
0
0
0
2
4
5
12
17
20
22
0
0
0
0
0
0
1
4
5
7
0
0
0
0
0
0
0
0
0
1
0
0
0
0
0
0
0
4
5
7
0
0
0
0
0
0
0
0
0
0
0
0
0
0
0
0
14
19
22
24
0
0
0
0
0
0
0
0
1
4
0
0
0
2
4
6
19
23
27
30
0
0
0
1
2
4
10
15
17
20
0
0
0
0
0
0
6
10
14
19
0
0
2
4
5
7
9
14
16
18
0
0
0
0
0
0
0
0
0
0
0
0
0
0
1
2
13
17
18
20
0
0
0
0
1
3
13
16
18
23
0
0
0
0
0
0
13
18
20
23
0
0
1
3
7
9
10
14
16
18
0
0
0
0
0
0
0
0
0
0
0
5
7
11
12
14
15
20
22
26
0
2
4
5
6
7
10
15
19
20
10
13
15
17
18
21
23
26
28
29
12
17
19
21
22
24
26
31
33
35
7
11
12
14
18
20
21
24
25
27
5
11
13
15
17
18
20
25
28
30
5
10
11
17
19
20
22
27
28
30
12
16
21
23
25
26
27
31
34
36
3
7
8
10
14
15
29
33
35
38
0
4
5
7
9
11
16
20
23
25
2
6
7
9
10
11
17
21
23
25
8
12
13
16
18
20
23
27
29
32
5
10
12
15
16
18
19
24
26
29
1
5
6
8
12
14
25
29
32
34
2
5
7
8
9
10
17
20
22
23
3
6
7
9
11
13
14
18
20
22
2
7
9
12
13
15
16
21
23
26
15
20
25
27
28
29
30
34
37
39
7
12
13
19
21
23
28
33
36
39
0
3
5
6
7
8
13
16
18
19
4
9
10
12
14
15
17
22
23
27
5
8
9
11
13
15
16
19
20
25
6
10
11
13
15
17
18
22
24
27
0
4
5
7
11
13
19
23
26
28
8
13
16
19
20
22
24
29
32
35
1
5
7
9
11
12
22
26
27
29
10
14
15
17
18
19
20
24
25
27
4
8
11
15
17
18
25
30
35
37
8
13
16
18
19
21
23
28
30
32
4
8
11
13
15
16
21
25
30
32
7
12
13
16
17
18
19
24
25
28
4
7
9
10
11
12
14
17
20
22
40
