time_cost:293832ms
ontime_proportion:0.940000
max_delay:7
avg_delay:0.260000
avg_flowtime:23.180000
object function value:372.666667
0
0
0
0
0
1
2
15
19
22
24
0
0
3
6
7
9
15
20
23
24
0
0
0
0
0
2
17
22
25
26
0
0
0
0
0
1
12
17
18
19
0
0
0
0
0
0
0
0
0
0
0
2
4
6
7
8
15
22
24
26
0
0
2
4
5
6
10
15
17
19
0
0
0
0
0
0
0
0
1
2
0
0
0
0
0
2
13
19
22
24
0
0
0
0
2
4
19
22
25
28
0
0
0
0
0
0
0
0
0
3
0
0
0
0
0
0
0
0
0
2
0
0
0
0
0
0
0
0
0
1
0
0
0
0
0
0
15
21
22
26
0
0
0
0
0
1
23
28
30
35
0
0
0
0
0
0
12
18
20
22
0
0
0
0
0
0
0
0
3
6
0
0
0
0
0
0
0
0
0
1
0
2
5
7
9
10
16
20
23
25
0
1
3
4
6
7
9
14
16
17
0
5
8
10
12
14
19
30
33
35
4
10
13
15
17
18
19
23
26
28
8
12
15
19
21
22
23
27
30
32
13
18
20
22
24
25
27
33
35
37
2
5
8
9
10
12
13
16
19
21
12
16
19
22
23
25
27
31
34
35
1
4
5
7
8
10
18
23
24
27
8
13
16
18
20
21
22
26
29
31
4
9
11
12
14
15
16
21
23
24
3
8
9
10
12
13
25
30
32
33
8
13
16
18
20
22
23
28
31
33
7
12
14
15
18
19
20
25
26
27
3
8
10
17
21
22
24
29
31
33
5
12
15
17
19
21
22
27
30
33
10
13
14
16
18
22
24
27
28
30
8
11
12
14
15
19
21
24
25
27
5
11
13
15
17
18
20
25
28
30
11
16
18
20
22
25
27
32
34
36
2
7
8
10
12
13
14
19
20
21
4
9
12
14
16
18
19
24
27
29
3
8
11
13
15
17
18
23
26
28
1
5
8
10
12
13
14
18
21
23
0
5
7
9
11
12
14
19
21
24
10
16
19
21
23
25
26
31
34
36
9
14
16
18
21
24
25
30
32
34
9
15
18
20
22
24
26
30
33
35
5
8
11
14
16
18
24
27
30
33
8
13
14
17
19
20
21
26
27
28
5
10
13
15
18
19
25
31
33
35
4
9
10
13
14
15
20
25
28
31
39
