time_cost:829ms
ontime_proportion:0.920000
max_delay:6
avg_delay:0.300000
avg_flowtime:21.680000
object function value:522.666667
0
0
0
0
0
0
0
0
0
0
0
0
0
0
0
0
0
0
0
2
3
0
0
0
0
0
0
10
15
20
26
0
0
0
0
0
0
0
0
0
3
0
0
0
0
2
3
10
14
16
18
0
0
0
2
3
8
18
24
30
32
0
0
0
0
0
6
16
19
22
24
0
0
2
4
5
6
9
14
16
18
0
0
0
0
0
0
0
0
0
0
0
0
0
1
3
4
6
10
12
17
0
0
0
0
0
0
15
18
21
24
0
0
0
0
0
0
0
0
1
2
0
0
0
0
0
1
9
12
15
20
0
0
0
0
0
0
9
12
16
17
0
0
0
0
1
2
12
16
20
22
0
0
0
0
0
0
0
0
1
4
0
0
0
0
1
5
12
15
19
20
0
0
0
0
1
2
9
14
18
21
0
0
0
0
4
9
16
20
28
30
0
1
2
4
6
7
11
15
17
19
7
11
14
18
20
21
22
26
28
30
1
5
6
10
12
14
16
20
21
27
1
4
5
8
11
13
14
17
18
21
8
11
14
16
17
22
24
27
30
32
5
9
10
12
14
15
17
21
22
25
4
8
11
16
18
19
21
25
26
28
2
5
6
8
9
11
13
16
17
19
3
6
8
9
10
12
14
17
19
20
8
12
13
15
17
20
21
25
26
31
3
6
8
10
11
12
14
17
19
21
2
6
7
9
12
14
15
19
20
22
6
9
13
16
18
22
23
26
27
30
8
13
15
16
19
21
22
27
29
30
6
10
12
14
17
20
22
26
28
29
0
3
12
14
15
18
20
23
25
27
8
12
16
18
20
25
27
30
33
35
3
6
8
9
10
12
14
17
19
20
4
7
8
14
16
18
19
22
25
28
2
7
9
13
14
15
17
22
24
27
5
8
10
12
13
17
19
22
24
26
7
12
16
18
19
23
25
30
32
34
1
4
12
16
18
19
20
24
25
32
0
8
11
12
14
20
22
26
28
29
0
3
6
8
9
14
16
19
22
24
6
9
13
14
15
17
19
22
24
25
0
4
6
7
9
10
12
16
18
19
4
8
9
11
13
16
18
22
23
25
2
6
10
12
14
16
18
22
23
25
5
8
11
14
16
19
20
23
24
27
6
9
14
16
19
24
26
29
32
34
36
