time_cost:313154ms
ontime_proportion:0.980000
max_delay:6
avg_delay:0.120000
avg_flowtime:22.640000
object function value:-45.333333
0
0
0
0
0
0
0
0
18
24
28
0
0
0
0
0
0
0
0
2
5
0
0
0
0
0
1
9
17
22
25
0
0
0
0
0
0
0
0
0
2
0
0
0
0
0
0
4
10
13
17
0
0
0
0
0
1
18
23
32
35
0
0
0
0
0
0
0
0
0
0
0
1
4
7
8
9
11
16
21
24
0
0
0
0
0
0
0
0
1
4
0
0
0
0
0
0
0
0
4
7
0
0
0
0
0
0
15
20
25
27
0
0
2
4
6
7
8
13
15
17
0
1
2
5
6
8
12
17
22
25
0
0
0
0
0
0
0
0
0
1
0
0
0
0
0
0
0
0
0
1
0
0
0
0
0
0
0
0
0
0
0
0
0
0
1
2
6
12
16
18
0
0
0
0
0
0
0
3
9
11
0
0
0
0
1
2
11
16
22
25
0
0
0
0
0
0
5
10
12
14
1
4
5
8
9
11
12
15
16
24
8
14
19
22
23
24
26
30
33
36
3
6
8
10
12
13
15
18
20
22
2
7
10
14
15
17
18
26
35
38
7
12
15
18
19
20
22
26
31
34
0
3
4
7
9
10
11
17
21
24
14
19
25
28
30
31
32
35
36
39
2
10
13
15
17
19
20
27
33
36
10
15
20
22
23
25
26
30
33
35
3
7
10
13
14
15
17
24
27
30
6
12
15
20
22
23
25
28
30
32
9
15
18
21
23
25
26
29
30
33
7
13
16
18
19
21
22
30
34
36
4
9
11
12
13
14
15
19
22
23
5
8
10
16
18
19
21
24
26
28
1
6
12
15
16
18
19
24
27
30
16
20
26
27
28
30
32
35
38
39
2
5
6
9
10
12
13
16
17
20
9
12
17
20
22
23
24
27
28
32
13
18
23
26
27
29
30
33
35
38
7
14
18
21
22
23
25
29
32
35
2
7
10
13
14
16
17
22
25
28
8
13
18
20
22
23
24
29
31
33
2
5
7
12
14
15
17
21
31
36
0
5
7
9
11
12
13
18
20
22
5
9
12
15
16
17
19
23
26
29
7
10
14
18
20
21
23
26
30
34
1
4
8
11
12
14
15
20
28
31
2
5
7
14
16
17
19
22
24
26
5
10
13
16
17
19
20
25
28
31
41
