time_cost:272852ms
ontime_proportion:0.860000
max_delay:10
avg_delay:0.860000
avg_flowtime:22.460000
object function value:1148.666667
0
0
0
0
0
0
0
0
0
1
4
0
0
0
0
0
0
0
0
0
0
0
0
0
0
1
3
11
15
17
20
0
0
0
0
0
0
0
0
0
0
0
0
0
0
1
2
4
9
12
15
0
0
0
0
0
0
13
17
26
28
0
0
0
0
0
1
10
15
17
19
0
0
2
4
6
7
26
30
33
36
0
0
0
0
0
1
24
28
29
35
0
0
0
0
0
0
9
13
14
18
0
0
0
0
0
1
9
13
16
19
0
0
0
0
0
0
0
3
5
12
0
0
0
0
1
3
10
16
19
22
0
0
0
0
0
0
0
0
2
5
0
0
0
0
2
4
18
21
25
26
0
0
0
1
3
4
16
20
24
25
0
0
0
0
0
0
0
0
0
0
0
0
0
0
0
0
0
2
3
6
0
0
0
0
0
0
12
16
20
23
0
0
1
3
4
5
15
19
21
24
1
5
8
10
12
13
14
18
22
24
5
9
10
12
16
18
19
23
25
30
0
5
6
9
10
11
12
17
18
21
1
6
12
15
16
18
19
24
26
29
5
10
12
14
15
17
19
24
26
29
0
5
7
11
13
15
28
33
35
38
2
5
7
8
9
10
13
16
23
24
7
12
14
17
18
20
21
26
28
32
5
8
10
12
13
14
16
19
23
25
4
8
9
11
12
13
14
18
19
23
4
8
9
12
14
16
17
21
22
25
12
16
19
21
23
24
25
29
32
34
15
19
20
22
24
26
28
32
33
35
1
4
6
7
8
9
16
19
23
24
4
9
10
15
17
18
20
25
26
28
8
11
13
14
16
20
22
25
27
28
11
16
18
20
22
24
26
30
31
33
9
13
17
19
24
25
30
34
37
39
6
11
13
16
18
20
21
26
28
31
9
14
16
19
20
22
23
28
36
39
15
20
22
24
26
27
29
34
35
38
11
15
16
18
20
21
22
26
27
29
5
8
10
11
12
13
15
18
21
22
8
12
15
17
19
20
21
25
29
31
2
7
8
10
12
13
15
20
21
26
4
9
11
13
14
16
18
23
28
30
8
12
13
15
17
19
20
24
25
27
5
10
11
13
15
16
18
23
24
27
0
5
6
9
11
14
23
28
31
33
8
11
14
16
21
23
28
31
34
36
41
