time_cost:275377ms
ontime_proportion:0.920000
max_delay:12
avg_delay:0.640000
avg_flowtime:21.280000
object function value:509.333333
0
0
0
0
0
0
0
0
1
2
4
0
0
0
0
0
0
7
12
14
17
0
0
0
0
0
2
19
23
25
27
0
0
0
0
0
0
0
0
0
1
0
0
0
0
1
3
8
13
15
18
0
0
0
1
2
3
7
11
14
17
0
0
0
0
0
0
0
0
1
4
0
0
0
0
1
3
10
14
15
17
0
0
0
0
2
4
20
24
25
28
0
0
0
1
3
4
14
19
21
23
0
0
0
0
0
0
0
0
0
0
0
0
0
0
0
0
0
0
0
0
0
0
0
0
0
0
7
11
14
17
0
0
0
0
0
0
0
0
0
0
0
0
0
0
0
0
14
17
19
20
0
0
0
0
4
6
24
28
34
37
0
0
0
0
0
0
0
0
0
0
0
0
0
0
0
0
0
0
0
5
0
0
0
0
0
0
0
3
4
6
0
0
0
0
0
0
0
0
2
5
0
4
7
9
11
12
13
17
20
23
2
6
7
9
10
11
12
16
17
19
7
12
13
15
17
19
27
33
36
40
1
5
8
10
14
16
20
24
27
30
14
18
20
22
23
24
25
29
30
32
9
12
14
16
18
20
29
32
34
36
2
7
9
11
12
14
16
21
23
25
5
9
10
13
15
17
18
22
23
28
5
10
13
15
18
19
21
26
27
29
9
14
22
25
26
28
30
35
39
41
4
9
10
12
16
18
24
27
29
31
15
20
23
25
27
29
31
36
39
41
15
18
20
21
22
25
31
34
38
39
3
7
12
15
17
18
19
23
26
31
4
8
11
15
17
18
19
23
26
28
2
7
9
12
13
15
16
21
23
26
5
9
11
13
14
18
23
27
32
34
7
10
13
14
15
16
18
21
24
25
4
10
12
14
16
19
21
26
28
30
17
20
21
23
25
27
29
33
36
38
11
15
17
20
22
24
25
29
31
35
1
4
5
7
9
11
23
26
29
31
2
7
9
11
12
14
18
23
25
27
6
10
16
18
20
22
26
29
31
33
7
11
12
14
16
17
21
25
27
29
3
8
11
13
15
19
27
31
34
36
11
14
19
21
24
26
32
35
37
40
21
25
28
30
31
32
33
37
38
40
12
15
18
19
20
21
28
31
33
34
2
5
7
8
9
10
12
15
17
19
42
