time_cost:342167ms
ontime_proportion:0.960000
max_delay:2
avg_delay:0.060000
avg_flowtime:20.980000
object function value:99.333333
0
0
0
0
0
2
3
11
16
17
19
0
0
1
4
6
7
12
22
25
28
6
10
11
14
16
17
18
22
23
25
0
0
1
2
3
5
15
18
20
21
0
0
1
3
4
6
13
16
18
20
0
0
0
0
0
0
0
0
0
0
0
0
0
0
0
0
16
21
23
24
0
0
0
0
0
0
0
0
0
0
0
1
3
4
6
8
10
15
17
19
0
1
3
4
5
7
12
19
21
22
0
0
0
0
0
0
11
14
15
19
0
0
0
0
0
0
3
8
10
13
0
0
0
0
0
0
7
11
12
15
0
0
0
0
0
0
0
0
0
0
0
0
0
0
0
0
0
0
1
3
0
0
0
0
0
2
9
13
16
18
0
5
6
8
15
17
19
23
24
26
0
3
4
7
9
10
12
15
17
20
0
0
0
0
0
0
0
1
2
5
0
0
0
1
2
4
9
15
18
20
10
13
16
17
20
22
24
27
29
31
4
10
12
16
18
20
21
26
28
29
0
3
6
8
9
11
13
16
19
21
0
3
5
6
7
9
12
17
19
20
10
13
14
16
17
19
21
24
25
27
1
6
10
12
21
23
25
28
29
31
3
6
9
11
13
15
17
20
23
25
1
4
5
7
8
10
14
17
20
23
7
11
15
17
18
23
25
28
30
32
5
10
12
14
15
16
20
25
27
29
8
12
14
15
17
18
20
24
26
27
4
7
8
10
11
13
17
20
21
23
1
5
7
8
10
11
13
17
19
22
7
12
14
15
17
19
20
25
27
28
0
5
7
9
10
11
13
18
20
22
7
10
11
14
16
18
20
23
26
29
2
7
9
11
12
13
15
20
22
24
0
3
5
6
7
9
11
15
17
18
6
9
12
14
20
22
24
27
28
30
3
7
8
10
12
13
15
19
20
22
2
6
7
9
11
12
15
19
20
22
9
12
15
17
19
21
23
26
29
31
4
8
9
12
14
15
19
23
24
26
1
4
7
9
13
15
17
20
24
26
4
9
11
12
14
16
17
22
24
25
3
7
8
10
12
13
14
21
22
30
5
8
10
12
13
14
16
20
22
24
10
14
16
17
19
21
23
27
29
32
8
11
13
15
16
17
19
23
25
27
8
11
13
17
19
20
22
25
27
30
34
