time_cost:21903ms
ontime_proportion:0.740000
max_delay:13
avg_delay:1.760000
avg_flowtime:26.300000
object function value:2476.666667
0
0
0
3
5
6
8
17
25
40
42
0
0
0
2
3
5
15
20
35
38
0
0
0
0
1
3
4
9
14
17
0
0
0
0
0
1
13
17
27
28
0
0
0
0
0
1
11
15
22
23
0
13
24
25
27
29
31
34
37
38
0
0
0
1
2
4
11
15
21
22
0
0
0
0
0
2
8
11
15
16
0
0
0
3
4
6
7
10
14
17
0
0
0
0
0
2
12
16
26
29
0
0
0
0
0
0
0
0
1
3
0
1
11
14
15
16
18
22
31
34
0
3
4
7
9
10
15
19
27
30
0
0
0
0
0
0
0
0
0
1
0
1
2
5
6
8
11
14
20
23
0
0
0
0
0
0
0
0
0
2
0
0
0
0
0
0
0
1
3
4
0
1
2
5
7
8
9
12
16
21
0
0
0
0
0
0
9
13
20
35
0
0
0
0
0
0
11
17
29
31
8
13
18
20
22
24
25
30
31
33
4
8
11
13
14
16
17
21
24
26
8
13
24
26
27
29
30
35
38
40
5
9
12
14
15
17
19
22
24
26
3
6
7
10
11
13
14
17
18
21
9
12
21
24
26
27
28
31
34
37
8
11
23
24
25
27
29
32
34
35
2
7
10
13
17
19
20
25
28
31
2
5
13
16
17
19
20
23
28
31
10
14
25
27
29
31
32
36
39
41
5
8
9
13
16
18
19
22
23
27
3
11
13
16
21
22
23
28
30
32
5
9
10
11
12
13
14
18
23
24
5
8
12
13
14
16
18
21
30
31
1
5
19
21
22
24
25
29
32
34
8
13
16
29
31
32
34
37
39
41
0
3
5
7
9
10
12
15
17
19
8
11
15
18
20
22
23
26
27
30
7
12
13
15
19
21
22
27
28
30
2
5
8
27
29
30
32
35
37
39
6
10
13
16
19
20
21
24
25
28
1
4
5
9
11
12
13
16
17
20
1
4
6
16
18
19
21
24
26
31
6
10
17
20
21
23
24
27
33
36
1
4
11
14
16
18
19
24
36
39
5
8
9
12
13
15
16
19
20
23
3
6
8
14
16
18
20
23
31
33
4
7
9
11
13
14
16
19
21
23
9
13
24
27
29
30
32
36
39
42
1
4
6
9
11
12
14
17
19
25
43
