time_cost:334968ms
ontime_proportion:0.880000
max_delay:10
avg_delay:0.960000
avg_flowtime:20.940000
object function value:898.000000
0
0
4
5
7
8
10
21
25
26
28
0
0
0
0
0
0
12
16
20
22
0
0
0
0
0
0
0
0
0
0
0
0
0
0
0
0
0
2
3
6
0
0
0
0
0
0
0
0
0
0
0
0
0
0
0
0
0
5
7
9
0
0
0
0
1
2
12
16
17
19
0
4
5
9
13
15
16
20
21
24
0
0
0
0
0
0
0
0
1
3
0
0
0
0
0
0
0
0
1
4
0
0
0
2
4
5
18
22
26
28
0
0
0
0
0
0
0
2
4
5
0
0
0
0
0
0
0
0
0
2
0
0
0
0
0
0
0
0
0
1
0
2
3
5
7
9
18
21
23
26
0
0
1
4
6
8
10
14
16
19
0
0
0
0
0
0
0
0
0
0
0
0
0
0
2
4
15
19
24
26
0
0
0
0
0
0
10
15
19
21
0
0
0
1
2
3
9
12
16
17
0
4
5
8
10
12
13
17
18
21
5
10
13
16
17
19
20
25
27
30
0
3
5
6
7
8
14
17
19
22
1
4
5
7
9
11
29
32
34
36
3
8
10
13
14
16
17
22
24
27
6
9
11
13
15
17
19
22
25
26
11
16
18
20
21
23
25
30
32
34
5
10
11
14
15
16
17
22
23
26
4
9
11
13
17
21
26
31
34
36
8
13
16
18
19
21
23
28
30
32
5
10
12
15
16
17
22
27
28
31
15
19
22
24
25
26
27
31
34
36
4
9
11
14
16
18
19
24
26
29
4
7
8
10
14
16
17
20
21
23
2
5
7
8
9
10
12
15
19
20
8
12
13
16
18
20
22
26
28
31
2
7
9
11
12
14
16
21
23
25
9
14
16
19
20
22
23
28
31
34
14
18
20
22
24
26
30
34
36
38
10
15
17
19
22
23
28
33
36
38
7
12
14
17
18
20
21
26
28
31
1
6
10
12
13
15
17
22
24
27
3
8
9
11
13
14
16
21
22
24
7
11
12
14
16
18
20
24
26
28
7
12
14
16
18
19
21
26
27
29
1
4
6
7
8
9
12
15
19
20
8
12
14
16
19
21
22
26
29
31
5
8
10
11
12
13
15
18
20
21
9
14
15
18
20
21
26
32
36
39
2
7
8
11
12
13
24
29
31
35
40
