time_cost:306757ms
ontime_proportion:0.960000
max_delay:3
avg_delay:0.100000
avg_flowtime:20.120000
object function value:70.666667
0
0
0
0
0
2
3
7
12
15
18
0
0
0
0
0
0
0
0
0
6
0
0
0
0
0
0
0
0
0
1
0
0
0
0
0
0
10
14
17
20
0
0
0
0
0
0
0
2
4
6
0
0
0
0
0
0
0
0
0
0
0
0
0
0
0
1
14
18
21
24
0
0
0
0
0
0
0
0
0
1
0
0
2
3
5
6
12
18
20
28
0
0
0
0
0
0
0
0
2
4
0
0
0
0
0
0
0
0
0
2
0
0
0
0
0
0
12
15
18
19
0
1
4
5
6
8
11
14
17
18
0
0
0
0
0
0
0
0
0
0
0
0
0
2
3
4
12
21
23
25
0
0
0
0
0
0
0
2
3
4
0
0
0
0
1
3
17
23
26
27
0
5
8
9
11
13
14
19
21
22
0
0
0
0
0
1
5
11
17
20
0
0
0
0
0
0
0
0
0
3
1
6
7
10
11
12
13
18
19
22
5
10
15
18
20
22
23
28
31
33
7
12
14
16
18
19
20
25
27
31
3
7
10
12
15
16
22
26
29
31
0
3
6
7
8
10
14
17
20
21
3
6
7
9
10
12
14
17
21
23
10
14
15
17
18
20
22
26
27
29
10
15
17
18
20
21
22
27
29
32
0
5
6
9
10
11
12
17
18
21
6
11
12
15
16
17
18
23
24
27
1
7
10
12
14
15
16
20
23
26
9
17
19
21
22
23
25
30
32
34
8
13
15
16
18
19
20
25
26
28
5
10
12
14
16
17
19
24
27
30
11
14
15
17
19
21
23
26
27
29
9
14
16
18
19
20
23
28
30
32
4
7
10
13
15
17
18
21
24
28
3
8
10
12
14
15
17
22
24
26
5
10
13
15
17
19
20
25
28
30
7
12
14
15
17
20
21
26
28
29
6
11
13
15
16
17
18
24
26
28
1
6
8
10
12
13
15
20
22
24
9
13
16
19
21
23
24
27
30
33
2
7
13
15
19
21
22
27
30
32
4
9
11
13
14
15
17
22
24
26
1
4
7
8
9
11
17
20
23
24
6
10
11
13
14
18
20
23
25
27
2
5
6
8
9
11
13
16
19
21
1
4
7
10
12
14
15
18
21
24
14
17
18
20
21
23
25
29
30
32
35
