time_cost:25647ms
ontime_proportion:0.720000
max_delay:14
avg_delay:2.360000
avg_flowtime:27.260000
object function value:2708.666667
0
0
0
0
0
0
0
0
2
5
7
0
0
0
2
3
5
18
35
39
41
0
0
0
3
4
5
12
18
22
25
0
0
0
0
0
0
13
32
35
37
0
0
0
1
3
4
18
32
37
38
0
0
0
0
0
0
0
0
0
0
0
0
0
0
0
1
13
21
25
28
0
0
0
0
0
1
15
31
34
36
0
0
0
0
1
2
11
18
25
28
0
0
0
0
0
1
12
23
26
30
0
0
0
0
0
0
0
0
0
0
0
0
0
0
0
0
0
0
3
4
0
2
5
7
8
9
12
18
21
23
0
0
0
0
0
0
0
0
0
0
0
0
0
0
0
0
0
0
1
4
0
0
0
0
0
0
27
35
38
42
0
0
0
0
0
0
12
30
33
36
0
0
1
3
4
5
15
22
27
29
0
0
0
0
0
0
12
19
23
25
0
0
1
4
6
7
10
16
20
25
3
6
8
11
12
13
15
18
20
23
9
17
18
21
23
24
26
35
37
40
1
6
9
10
12
13
14
19
24
25
2
7
8
11
13
14
16
22
23
29
5
8
11
13
14
15
16
19
22
24
2
7
10
13
15
17
18
23
26
29
7
14
15
18
20
21
23
33
34
37
11
17
20
23
25
26
28
34
36
39
7
15
16
19
23
25
27
35
36
42
2
11
14
15
17
18
19
24
27
28
10
15
19
21
23
24
25
29
32
35
2
7
10
12
14
16
17
22
25
27
2
7
10
15
17
19
20
25
28
31
6
11
14
17
19
21
22
27
30
33
0
12
15
17
18
20
21
26
29
31
6
12
17
19
24
27
28
34
37
39
1
10
13
18
20
22
23
28
31
33
10
16
19
20
22
23
24
31
34
35
2
10
12
14
16
18
20
29
31
34
7
14
17
19
21
23
24
29
32
34
0
22
25
27
29
31
32
37
40
42
11
17
19
22
24
25
27
34
35
38
7
13
15
17
19
23
25
30
32
34
5
10
13
17
18
20
21
26
29
31
5
10
11
14
16
17
19
25
27
30
6
9
12
14
15
16
17
20
23
25
7
13
16
17
21
22
23
26
29
32
8
15
17
20
21
22
24
27
29
32
0
5
7
9
11
13
15
20
23
25
7
15
18
20
22
24
25
32
35
37
44
