time_cost:261095ms
ontime_proportion:0.860000
max_delay:12
avg_delay:1.040000
avg_flowtime:22.460000
object function value:1148.666667
0
0
0
0
0
1
3
13
16
19
23
0
0
0
0
0
0
0
0
2
6
0
0
0
0
0
0
0
0
3
5
0
0
0
0
0
1
15
19
21
26
0
0
0
0
0
0
0
2
4
7
0
0
1
3
5
7
24
28
31
33
0
0
0
2
4
6
15
19
21
24
0
0
0
0
0
0
0
0
7
8
0
0
0
2
4
5
9
13
17
19
0
0
0
0
0
0
0
0
0
8
0
0
0
0
0
0
0
0
0
0
0
0
2
5
6
8
10
15
18
23
0
0
0
0
0
1
11
15
16
19
0
0
0
0
0
0
0
1
2
4
0
0
0
4
6
7
10
14
18
21
0
0
0
0
1
3
10
13
16
18
0
3
6
8
10
11
12
16
20
22
0
0
0
0
1
3
7
12
16
19
0
0
0
0
0
0
0
0
0
0
0
0
0
0
0
0
1
6
10
14
5
10
11
13
16
17
19
24
25
27
0
3
4
6
8
10
12
16
18
21
6
11
13
16
19
20
21
26
27
30
12
17
23
25
27
28
29
33
36
38
4
9
13
15
17
19
21
26
28
30
6
12
15
18
19
20
21
26
27
30
11
17
19
21
23
25
26
30
31
33
5
8
11
13
15
17
18
21
24
26
5
10
11
13
15
16
24
29
33
35
7
10
12
14
17
19
20
23
24
28
23
26
30
31
32
33
35
38
40
41
9
12
14
18
20
22
23
26
27
29
5
10
13
15
16
18
20
25
27
29
15
20
22
25
26
27
28
33
35
38
6
11
13
16
17
18
19
24
25
28
9
12
14
16
18
20
21
24
29
31
0
4
5
7
9
11
26
31
38
40
15
20
24
27
28
29
30
35
38
41
10
15
18
20
21
23
25
30
32
34
1
5
8
10
12
13
19
27
33
35
3
7
8
11
13
15
16
20
21
26
5
9
10
12
14
16
17
21
22
24
1
4
5
7
11
13
30
33
37
39
1
4
6
7
8
9
11
14
16
17
3
7
8
11
13
15
22
27
29
32
5
9
12
14
16
17
18
22
25
27
2
6
7
13
20
22
26
30
34
37
8
13
15
18
19
21
22
27
29
32
2
6
9
11
13
14
15
19
22
24
16
20
28
29
30
31
33
36
39
40
42
