time_cost:263163ms
ontime_proportion:0.920000
max_delay:7
avg_delay:0.220000
avg_flowtime:21.780000
object function value:526.000000
0
0
0
0
0
0
0
16
20
22
25
0
0
0
0
0
0
0
0
1
3
0
0
0
0
0
0
0
0
2
5
0
0
0
0
0
0
0
0
2
3
0
0
1
4
5
7
20
25
28
31
0
1
3
6
7
9
20
25
27
30
0
0
0
2
4
5
9
15
18
20
0
0
0
0
0
0
0
0
0
0
0
0
0
0
1
3
10
15
17
20
0
1
3
4
5
6
13
18
20
21
0
0
0
0
0
1
2
5
6
14
0
0
0
0
0
1
13
18
25
27
0
0
3
5
7
9
12
18
21
23
0
0
2
4
5
7
11
16
18
20
0
0
1
4
6
10
16
21
23
27
0
0
0
0
2
4
5
8
10
12
0
0
0
0
0
0
0
0
0
2
0
0
0
0
0
0
0
0
0
0
0
0
0
0
0
0
0
2
4
6
0
0
0
0
0
2
12
17
20
24
9
14
16
18
20
22
24
29
31
33
5
10
12
15
16
18
19
24
26
29
4
7
8
10
12
14
15
18
20
22
11
16
18
20
21
23
25
30
32
34
3
7
8
10
12
14
15
19
20
22
1
4
16
18
22
24
25
28
29
31
8
13
15
18
19
21
22
27
29
32
9
13
16
19
21
22
23
27
30
32
7
11
12
14
16
18
19
23
24
26
4
9
11
13
15
17
19
24
26
28
8
12
15
17
19
20
23
27
30
32
7
12
14
17
21
23
25
30
32
34
17
20
22
24
26
28
29
32
35
37
6
11
14
16
18
21
24
29
31
33
1
6
8
12
13
15
17
22
24
26
11
16
19
21
22
24
26
31
33
35
0
4
5
8
10
12
13
17
18
21
4
8
9
11
14
15
16
20
21
23
6
9
10
12
17
19
20
23
27
29
0
3
5
6
7
8
10
13
15
18
1
5
6
8
9
10
13
19
21
26
1
6
10
12
14
16
18
23
25
28
4
9
11
14
15
17
18
23
25
28
4
8
9
12
14
15
16
20
23
25
11
15
16
19
23
25
27
31
32
35
1
6
8
11
12
14
15
20
22
25
6
11
12
17
18
19
25
30
34
37
2
5
6
8
10
12
16
19
23
25
5
10
13
15
17
19
21
26
27
29
8
11
12
16
18
20
21
24
25
27
39
