time_cost:271460ms
ontime_proportion:0.900000
max_delay:7
avg_delay:0.420000
avg_flowtime:23.560000
object function value:785.333333
0
0
0
0
0
0
0
0
1
2
5
4
8
9
12
14
16
17
21
22
26
0
0
0
0
0
1
15
20
24
27
0
0
0
2
3
5
7
12
14
16
0
0
0
0
0
0
0
1
2
4
0
0
0
0
0
0
0
0
0
0
0
0
2
3
4
5
18
21
25
26
0
0
0
0
1
2
14
19
22
25
0
0
0
0
0
0
0
0
0
2
0
0
0
0
2
4
10
14
16
19
0
0
0
0
0
1
5
9
10
19
0
0
0
1
3
4
12
17
18
20
0
0
0
0
1
2
10
13
15
16
0
0
0
0
1
3
17
22
26
29
0
0
0
0
0
0
6
10
12
20
0
0
0
0
0
0
0
2
3
6
0
0
1
4
6
7
19
24
27
29
0
0
0
0
4
6
13
16
19
22
0
4
6
9
10
12
13
18
20
23
0
0
0
0
0
0
12
16
18
20
0
4
7
9
11
12
13
17
21
26
9
13
15
19
21
23
24
28
29
32
2
7
8
13
15
16
18
23
25
27
3
6
7
9
11
13
14
17
18
20
1
4
5
7
9
11
12
15
20
24
6
11
13
15
16
18
20
25
27
30
0
3
4
6
8
10
19
22
25
27
10
14
16
18
20
22
23
27
29
31
2
7
9
11
12
14
16
21
23
25
8
12
14
17
19
21
22
26
29
32
11
15
17
19
20
22
24
28
30
31
1
5
8
11
13
14
15
19
22
24
0
5
6
8
10
11
13
18
20
22
2
6
7
10
12
14
21
25
31
34
8
12
14
18
19
20
27
32
38
40
0
3
5
6
7
8
14
17
21
22
2
6
10
15
16
17
18
22
23
28
7
11
12
14
17
20
21
25
26
28
6
10
13
16
18
19
20
24
27
29
11
14
16
17
20
22
24
27
29
30
10
15
18
21
23
25
26
31
33
36
8
13
17
20
22
24
25
30
32
35
8
13
15
18
19
21
22
27
29
36
3
8
10
13
14
16
25
30
35
38
4
8
12
14
16
17
21
25
34
36
5
10
13
15
16
18
20
25
27
29
5
10
11
13
19
20
22
27
28
30
2
5
6
11
13
15
16
19
20
22
17
21
23
25
27
29
30
34
36
38
4
8
9
12
14
16
25
29
36
39
41
