time_cost:21778ms
ontime_proportion:0.820000
max_delay:7
avg_delay:0.820000
avg_flowtime:23.700000
object function value:1590.000000
0
0
0
0
2
4
5
23
30
32
34
0
0
0
3
4
5
12
18
29
33
0
0
0
0
0
0
12
18
32
34
0
2
4
6
8
9
10
17
19
21
0
0
2
5
6
7
11
15
21
24
0
0
0
0
0
0
0
0
0
0
8
12
16
18
19
21
22
26
29
31
0
0
0
0
0
1
26
31
34
35
0
0
0
0
0
0
0
0
1
3
0
0
0
0
0
0
0
0
3
6
0
1
4
6
7
9
10
14
20
22
0
0
0
0
0
0
8
12
16
17
0
0
0
0
0
0
16
22
24
25
0
0
0
0
0
0
0
2
20
22
0
0
2
3
4
6
11
14
17
18
0
0
0
0
0
0
14
17
24
28
0
0
0
0
0
0
11
19
22
25
0
0
0
0
0
0
0
3
5
6
0
0
0
0
2
3
14
21
27
29
0
0
0
0
0
0
0
0
0
0
1
7
12
14
20
22
23
27
30
32
6
11
14
18
21
23
24
29
30
32
3
6
7
10
11
13
14
17
18
21
9
12
15
19
22
23
24
27
28
31
7
10
12
16
18
20
21
24
25
28
7
11
15
16
17
18
19
23
25
26
6
11
13
15
17
19
20
25
27
29
10
14
18
20
22
24
25
29
33
35
3
6
8
10
12
13
15
18
20
24
7
12
15
17
18
20
21
26
27
30
2
7
10
12
16
17
18
23
25
27
4
8
9
10
11
12
13
17
18
19
3
8
10
12
18
21
24
30
33
35
4
7
8
11
12
14
15
18
19
22
0
3
5
12
14
15
17
20
22
26
1
4
10
13
14
16
17
20
21
24
10
14
17
19
20
22
23
27
31
33
5
9
10
11
12
13
14
18
19
20
9
13
17
22
24
25
27
30
32
35
6
9
12
17
19
20
21
24
25
28
1
5
7
8
9
11
18
25
29
30
3
6
7
11
15
17
18
21
22
25
1
8
11
14
15
17
18
23
26
29
6
11
14
17
20
22
23
28
31
34
0
3
5
14
16
19
21
24
28
33
1
4
6
8
10
11
13
16
18
20
5
10
11
13
14
16
17
22
23
25
3
7
8
9
10
11
12
16
17
18
6
10
13
16
17
18
20
26
30
34
1
6
9
12
13
15
16
21
24
27
37
