time_cost:1112ms
ontime_proportion:0.760000
max_delay:14
avg_delay:1.620000
avg_flowtime:21.640000
object function value:2121.333333
0
0
0
0
0
0
0
0
0
2
4
0
0
0
0
0
0
0
0
1
3
0
0
0
0
0
0
0
3
6
11
0
0
0
0
0
0
0
0
0
1
0
0
0
0
0
2
7
12
15
18
0
0
0
2
3
4
15
19
29
32
0
3
5
6
7
9
11
14
16
17
0
0
0
2
4
5
17
22
24
26
0
0
0
0
0
0
7
12
14
16
0
0
0
0
0
0
0
0
1
4
0
0
1
3
4
6
8
15
16
18
0
0
0
0
0
1
15
19
30
33
0
0
0
0
1
3
19
24
29
30
0
0
0
0
0
0
0
0
0
0
0
0
0
0
0
2
8
13
18
19
0
0
0
0
0
0
0
0
0
0
0
0
0
0
0
0
0
0
0
0
0
0
0
0
0
0
0
0
0
0
0
0
0
0
0
0
0
0
2
5
0
0
0
0
0
0
0
0
0
0
4
9
12
15
16
18
19
24
27
30
5
11
12
13
14
16
17
21
22
23
1
4
5
8
9
11
25
28
30
33
10
15
18
20
22
24
25
30
33
35
3
8
11
14
15
17
18
23
26
29
1
4
5
8
9
11
12
15
18
21
2
7
10
13
14
16
22
27
35
38
2
7
9
11
13
14
15
20
22
24
3
8
10
12
14
15
16
21
23
25
10
16
20
22
24
26
27
32
33
36
6
11
14
16
19
21
22
26
33
35
5
10
13
16
17
19
20
33
37
40
2
9
11
13
15
16
17
22
25
27
7
13
16
18
19
21
26
30
35
37
7
10
12
14
16
17
19
22
25
28
13
17
19
20
21
22
23
27
28
29
10
16
19
21
27
29
30
36
38
40
0
4
5
6
7
8
9
16
19
21
14
17
21
22
23
25
27
30
32
33
10
18
22
25
26
28
29
32
35
38
10
14
17
21
25
27
28
33
38
40
7
14
16
19
21
22
23
26
27
30
16
19
22
26
29
31
32
36
40
43
11
17
20
23
28
30
31
37
40
42
3
10
13
16
17
18
20
24
27
30
4
7
9
11
13
14
16
19
21
23
2
5
6
9
11
12
13
16
17
22
5
12
14
16
18
19
20
25
27
31
2
5
7
9
11
12
19
24
26
30
1
6
9
12
13
15
30
35
40
43
44
