time_cost:1185ms
ontime_proportion:0.780000
max_delay:8
avg_delay:0.980000
avg_flowtime:22.500000
object function value:1950.000000
0
0
0
0
0
0
0
0
0
2
7
0
0
2
3
4
6
13
20
23
25
0
0
0
0
0
0
0
0
20
23
0
0
0
0
0
0
8
13
16
19
0
0
0
0
0
0
0
0
1
3
0
0
0
0
0
1
9
13
14
15
0
0
0
1
3
4
8
13
15
17
0
0
0
0
0
0
26
31
34
36
0
1
2
5
7
8
13
17
26
29
0
0
1
3
5
6
22
27
32
34
0
0
0
0
0
0
0
0
3
5
0
0
0
0
0
0
0
0
0
5
0
2
3
6
8
9
10
16
18
22
0
0
0
2
3
5
24
30
34
37
0
0
0
0
0
0
19
24
26
31
0
0
0
0
1
2
27
30
33
36
0
0
0
0
0
0
0
0
0
0
0
0
0
0
0
0
0
0
0
0
0
0
0
0
1
3
9
13
20
22
0
0
0
0
0
0
0
0
0
0
8
12
15
16
21
22
23
27
29
30
7
12
14
16
18
19
20
25
27
29
3
7
10
12
14
16
17
21
24
26
3
8
10
12
15
16
17
23
26
32
7
10
12
15
16
18
19
22
23
26
2
7
10
13
14
16
17
22
25
28
1
4
5
8
10
11
12
15
17
20
5
10
12
15
16
18
19
22
23
28
4
9
10
12
13
15
16
21
22
24
10
14
16
18
20
21
23
26
28
30
1
4
5
8
10
11
12
15
16
19
0
3
7
10
18
19
26
29
31
34
4
7
9
11
13
14
16
19
21
23
6
10
12
13
14
15
16
20
21
22
5
9
11
12
13
14
15
19
20
21
6
11
15
18
20
22
23
28
31
34
3
6
8
9
10
12
14
17
19
21
3
6
8
14
16
17
19
22
24
27
4
10
12
14
16
18
21
26
29
31
1
6
12
15
17
19
20
25
28
31
13
16
19
20
21
23
25
28
32
33
3
8
10
12
15
16
17
22
24
26
0
3
4
10
12
17
19
23
29
32
0
3
4
7
8
10
11
14
20
23
7
12
15
17
19
21
22
27
28
30
9
14
17
19
20
22
23
27
30
32
6
11
13
15
18
20
21
26
27
29
0
3
7
10
11
13
14
17
19
23
0
5
6
8
11
13
14
19
22
24
0
5
6
8
9
11
12
17
18
20
38
