time_cost:316180ms
ontime_proportion:0.940000
max_delay:6
avg_delay:0.260000
avg_flowtime:22.940000
object function value:364.666667
0
0
0
0
0
0
0
0
0
0
0
0
0
0
0
0
0
0
2
5
6
0
1
4
7
9
11
12
15
18
21
0
0
0
0
0
1
3
8
10
18
0
0
0
0
2
3
8
12
16
18
0
0
0
0
0
0
0
0
2
3
0
0
0
3
5
7
12
15
18
22
0
4
7
9
12
13
14
18
21
23
0
0
0
0
0
1
7
12
14
20
0
0
0
2
4
6
12
18
21
25
0
0
0
0
0
0
0
1
4
5
0
0
0
1
3
4
15
21
23
24
0
0
0
0
1
3
23
31
34
35
0
0
0
0
0
0
0
0
2
5
0
0
0
3
4
5
18
25
27
29
0
0
0
0
0
0
20
23
26
27
0
0
0
0
0
0
0
0
1
4
0
0
0
0
1
3
14
19
22
23
0
0
0
0
0
0
0
2
3
4
0
1
4
7
9
11
14
18
21
24
9
14
16
17
19
20
22
28
34
35
2
7
9
12
13
14
22
28
31
34
6
11
14
16
18
19
21
26
29
31
5
9
12
14
16
17
18
22
25
27
7
12
13
16
17
18
19
25
26
29
10
14
17
19
21
22
23
28
31
34
6
9
12
15
17
19
20
23
27
30
1
6
8
9
11
12
14
21
23
24
8
11
14
17
19
21
22
25
28
32
0
5
6
7
9
10
11
17
18
19
4
9
11
13
15
16
18
23
25
28
12
16
19
21
23
24
25
29
32
34
5
10
12
14
16
17
23
29
31
33
1
4
7
15
16
18
20
26
29
30
2
7
8
9
11
12
13
18
20
23
9
13
15
17
19
21
23
26
27
29
0
6
8
11
13
14
18
23
25
26
9
14
17
19
21
23
24
29
32
34
0
3
6
9
11
13
16
25
29
32
9
13
16
18
20
21
23
27
30
32
9
12
13
18
22
24
26
30
32
34
10
16
18
20
21
22
23
31
33
35
1
6
8
10
12
13
15
20
24
26
3
8
9
13
15
16
17
22
23
25
0
5
6
9
11
12
13
18
19
21
4
9
10
11
13
14
15
20
21
22
4
9
11
13
14
15
16
23
25
27
5
10
11
14
15
16
17
22
23
26
0
4
10
12
14
15
19
27
30
32
11
14
15
21
22
24
26
31
33
35
37
