time_cost:358495ms
ontime_proportion:0.840000
max_delay:11
avg_delay:1.300000
avg_flowtime:23.460000
object function value:1382.000000
0
0
0
0
0
0
0
16
21
24
26
0
0
0
0
0
0
0
0
0
0
0
0
0
0
0
0
0
0
0
1
0
1
2
4
5
8
15
21
24
27
0
0
2
3
6
7
15
20
22
23
0
0
3
5
7
8
28
34
37
39
0
0
1
3
4
5
6
12
14
16
0
0
0
0
0
1
28
33
35
37
0
0
0
0
1
3
29
35
38
39
0
0
0
0
0
2
22
25
26
28
0
0
0
0
0
0
19
24
27
30
0
0
0
2
4
5
6
10
13
17
0
0
0
0
0
0
1
4
7
10
0
0
0
0
0
0
0
2
4
6
0
0
0
0
0
0
0
0
0
1
0
0
0
2
5
6
10
18
22
24
0
0
0
0
1
2
10
15
16
19
0
0
0
0
0
0
0
2
4
6
0
0
0
0
1
2
11
16
19
22
0
0
0
0
0
0
0
0
0
1
11
16
18
20
21
22
23
28
30
32
10
13
16
19
22
24
26
31
34
37
0
5
6
9
10
11
12
17
18
21
5
8
9
11
12
14
25
28
29
32
8
12
15
16
19
21
22
25
28
29
13
18
21
24
26
28
29
33
36
39
8
14
16
17
19
20
21
26
28
29
0
5
6
9
10
11
12
17
19
23
7
12
15
17
19
21
25
30
33
35
7
13
14
21
22
23
24
29
30
33
13
16
19
22
24
26
27
30
33
36
1
6
7
8
10
11
12
17
18
19
0
5
7
8
11
12
20
26
28
31
2
5
8
9
10
12
16
19
23
24
5
10
13
15
18
20
21
26
29
32
2
7
9
10
12
13
14
19
21
22
5
10
12
13
15
16
17
22
24
26
6
12
13
14
16
17
18
23
25
26
0
9
11
14
16
17
30
36
37
38
10
15
17
19
21
22
24
29
31
33
2
7
10
15
17
19
20
25
28
30
0
5
8
10
12
14
15
20
23
25
7
11
12
14
16
18
20
23
24
26
4
8
11
13
15
16
17
21
24
26
5
10
12
13
16
17
18
24
26
27
10
15
16
17
20
21
22
28
29
30
8
13
17
18
21
23
24
28
31
32
5
9
12
13
14
16
17
20
23
24
2
7
10
12
14
16
17
22
25
28
1
6
9
11
13
15
22
27
30
32
41
