time_cost:326437ms
ontime_proportion:0.900000
max_delay:14
avg_delay:0.580000
avg_flowtime:25.560000
object function value:852.000000
0
0
0
0
0
0
1
11
15
17
19
0
0
0
0
0
0
0
1
2
5
0
0
0
1
2
3
14
20
22
24
0
2
4
8
10
11
19
24
26
27
0
0
0
0
0
0
0
0
1
12
0
0
0
0
0
0
0
0
0
0
0
0
1
2
4
5
9
15
17
22
0
0
0
2
4
5
10
15
17
28
0
0
0
6
8
9
16
21
23
34
0
0
2
4
5
6
10
18
22
25
0
0
0
0
0
0
11
17
20
24
0
0
0
0
0
0
0
0
3
4
0
0
0
0
0
0
14
20
23
25
0
4
6
7
9
10
11
17
20
21
0
0
1
4
6
7
9
14
16
24
0
0
2
5
7
8
14
19
21
23
0
0
0
0
0
0
0
0
0
4
0
0
0
0
0
0
0
2
4
26
0
0
0
1
2
3
11
17
19
22
0
0
0
0
0
1
14
22
25
28
0
9
12
14
15
16
19
25
27
29
5
10
12
14
17
18
24
29
31
42
4
9
12
14
16
18
21
26
29
31
10
15
18
20
22
24
25
30
33
37
1
6
8
11
12
13
18
23
25
27
1
5
8
10
12
13
15
19
22
26
6
12
15
17
19
21
22
28
31
33
15
18
19
21
22
24
26
29
30
32
10
16
18
20
23
24
26
32
34
36
6
12
14
15
18
20
21
26
27
28
0
3
6
7
8
11
21
25
28
29
2
6
10
12
14
16
17
23
28
30
3
8
10
11
13
14
16
22
24
25
11
16
19
22
24
26
27
31
34
37
0
8
10
18
20
21
23
28
30
32
1
6
8
10
12
13
15
22
24
36
5
10
12
20
22
23
25
30
32
40
0
14
17
19
21
22
23
30
33
35
1
6
8
10
11
12
16
21
23
26
5
10
11
14
16
17
19
24
25
26
8
13
15
17
18
19
23
28
30
32
1
6
8
16
18
19
21
26
28
30
6
11
13
22
24
25
27
32
34
38
6
11
12
15
16
17
18
24
25
28
8
11
14
17
21
23
24
27
30
33
5
8
9
11
12
14
16
19
20
22
13
16
17
19
20
22
24
27
28
30
6
12
15
17
19
20
21
25
29
31
2
12
15
17
19
21
26
30
33
34
4
9
11
12
14
15
16
21
22
24
44
