time_cost:868ms
ontime_proportion:0.720000
max_delay:16
avg_delay:1.640000
avg_flowtime:24.440000
object function value:2614.666667
0
0
0
0
0
0
1
12
18
22
25
0
0
0
0
0
0
0
1
2
5
0
0
0
1
2
3
22
28
31
33
0
2
4
6
8
9
11
18
20
32
0
0
0
0
0
0
0
0
1
2
0
0
0
0
0
0
0
0
0
0
0
0
1
2
4
5
12
18
21
25
0
0
0
8
10
11
19
25
27
38
0
0
0
2
4
5
7
12
14
16
0
0
2
4
5
6
7
13
15
17
0
0
0
0
0
0
19
25
29
31
0
0
0
0
0
0
0
0
3
4
0
0
0
0
0
0
15
19
27
29
0
4
6
7
9
10
21
27
29
30
0
0
1
4
6
7
9
14
16
18
0
0
2
5
7
8
20
25
27
28
0
0
0
0
0
0
0
0
0
4
0
0
0
0
0
0
0
2
4
10
0
0
0
1
2
3
24
29
30
33
0
0
0
0
0
1
9
12
17
20
10
16
20
22
23
24
25
30
32
34
5
10
12
22
24
25
27
32
34
36
10
15
18
20
22
24
25
30
33
35
2
7
10
12
14
16
17
22
25
27
14
21
23
25
26
27
28
33
35
37
1
5
8
11
13
14
15
19
22
24
0
7
10
12
14
16
17
22
25
27
4
7
8
10
11
15
17
20
21
23
2
8
11
13
16
17
18
23
25
27
1
6
7
8
10
11
12
17
18
19
12
16
19
20
23
25
26
29
32
33
2
6
14
16
18
19
20
27
30
32
3
8
10
11
13
14
15
20
22
23
6
10
14
17
19
21
22
25
28
31
10
15
18
30
32
33
35
40
42
44
1
11
13
24
26
27
29
34
36
40
5
10
12
14
16
17
19
24
26
28
0
4
7
9
11
12
13
17
20
22
6
11
13
15
16
17
19
24
26
28
10
15
16
17
19
20
22
27
28
29
7
12
14
16
17
18
20
26
28
30
6
13
17
26
28
29
31
36
38
42
5
10
12
20
22
23
25
30
32
34
5
10
11
14
15
16
17
22
23
26
2
5
8
11
13
15
16
19
22
25
9
15
16
18
19
21
23
26
27
29
0
3
4
6
7
9
15
18
19
22
11
15
19
21
23
24
25
29
32
34
2
8
11
12
14
17
18
22
25
26
4
9
10
11
13
14
15
20
22
23
46
