time_cost:1052ms
ontime_proportion:0.760000
max_delay:9
avg_delay:1.260000
avg_flowtime:22.660000
object function value:2155.333333
0
0
0
0
0
0
0
0
3
5
9
0
0
0
0
0
0
0
0
0
1
0
1
4
7
8
11
12
17
20
23
0
0
0
0
0
1
10
15
21
23
0
0
0
0
0
0
0
0
2
3
0
0
0
0
0
1
11
17
23
26
0
0
0
0
0
0
0
0
0
6
0
0
0
0
1
3
10
20
30
33
0
0
0
0
0
0
0
2
3
5
0
0
0
0
0
0
0
0
0
0
0
3
6
8
9
11
12
16
21
24
0
0
0
1
2
4
14
20
30
33
0
0
1
4
6
7
8
12
15
21
0
0
0
0
0
0
0
0
0
3
0
0
0
0
0
0
15
21
33
35
0
0
0
0
0
0
0
0
2
4
0
0
0
0
0
0
0
0
0
2
0
0
0
0
3
5
17
27
35
38
0
0
0
0
0
0
0
2
4
5
0
0
0
0
1
2
8
16
22
24
3
7
10
13
14
15
17
21
24
27
0
4
7
9
11
13
14
18
22
24
7
12
15
24
26
27
29
32
34
37
3
7
10
12
13
15
16
20
23
25
0
4
7
9
10
12
13
17
20
22
5
10
13
15
16
18
19
26
29
31
10
15
19
21
23
24
25
30
32
34
10
14
18
21
22
23
25
29
32
35
10
18
19
20
21
22
23
29
36
37
9
16
22
25
26
28
29
32
35
38
3
7
10
15
16
17
19
23
26
29
2
7
8
10
11
13
14
19
20
22
3
10
13
15
16
19
20
25
26
28
7
13
16
20
21
22
24
28
31
34
7
12
13
18
20
21
22
25
27
30
0
3
5
6
7
9
11
14
16
17
6
11
14
16
17
19
20
24
28
30
5
11
13
16
18
20
21
26
27
29
2
7
10
13
14
16
17
22
25
28
4
8
11
14
15
16
18
22
25
28
1
10
15
17
19
20
21
26
34
36
0
5
6
10
12
14
15
20
23
26
4
10
12
14
16
17
19
22
24
26
7
13
17
22
24
25
27
30
33
35
7
13
17
19
21
22
23
28
30
32
7
12
16
19
20
21
23
27
30
34
7
10
14
16
18
20
22
25
28
30
3
7
10
16
17
18
20
24
28
32
0
3
5
7
9
10
12
15
17
20
2
5
6
9
10
12
13
17
19
23
39
