time_cost:1066ms
ontime_proportion:0.760000
max_delay:13
avg_delay:1.780000
avg_flowtime:28.320000
object function value:2344.000000
0
0
0
0
0
1
2
27
33
36
39
0
0
1
3
4
6
9
14
17
22
0
4
7
9
10
12
13
19
22
26
0
0
0
0
0
0
0
0
0
0
0
0
1
4
6
7
11
18
24
27
0
0
0
0
0
0
14
23
26
29
0
0
0
0
2
3
13
16
29
30
0
0
0
0
0
0
0
0
19
40
0
0
0
0
0
0
0
17
20
22
0
0
0
0
0
0
0
0
0
1
0
0
2
5
6
7
24
31
33
37
0
1
4
5
7
8
13
18
21
22
0
0
0
0
0
1
22
33
36
38
0
0
0
0
1
2
10
14
18
21
0
0
0
0
0
0
0
0
0
0
0
0
0
0
0
0
0
0
0
1
0
0
0
0
2
4
18
31
34
36
0
0
0
0
0
0
0
0
0
3
0
0
2
5
6
9
26
31
35
38
0
0
0
0
0
1
12
19
24
27
5
10
13
15
16
18
19
24
27
31
8
14
18
22
24
27
29
32
36
39
0
3
8
11
12
13
27
35
38
41
6
13
15
20
22
23
25
30
31
34
11
16
21
24
26
29
31
36
38
41
9
16
17
20
22
23
25
30
32
35
5
10
13
15
16
18
19
24
27
29
5
10
13
16
18
20
21
26
29
32
4
9
11
13
15
17
19
24
26
30
14
20
24
26
27
29
30
37
41
43
3
8
9
12
14
15
17
22
23
26
6
12
15
22
24
26
27
32
35
38
3
8
10
12
14
16
18
25
27
29
3
8
9
12
14
15
17
22
23
29
1
4
7
8
10
11
12
15
18
19
8
13
15
17
22
24
28
37
41
43
0
5
14
20
22
24
25
30
33
36
4
9
12
14
16
18
19
24
27
29
2
7
10
12
14
16
17
22
25
27
1
4
7
9
10
11
15
19
29
34
7
13
17
20
23
25
27
33
34
40
0
5
6
9
11
12
15
21
28
32
8
13
16
18
20
22
23
28
31
33
0
6
12
18
20
22
23
28
31
34
3
6
9
11
12
13
14
17
20
22
1
9
12
16
18
20
21
27
30
32
10
17
19
21
23
25
28
36
39
41
5
11
14
24
26
28
29
34
38
42
11
16
22
25
27
29
31
34
39
42
10
15
21
24
26
27
29
34
37
42
45
