time_cost:346197ms
ontime_proportion:0.900000
max_delay:12
avg_delay:0.680000
avg_flowtime:25.120000
object function value:837.333333
0
0
0
0
0
0
1
20
23
24
26
0
0
0
0
0
0
0
1
2
5
0
0
0
1
2
3
11
18
21
23
0
2
4
5
7
8
16
21
23
30
0
0
0
0
0
0
0
0
1
9
0
0
0
0
0
0
0
0
0
0
0
0
1
2
4
5
10
17
20
22
0
0
0
2
4
5
7
12
14
16
0
0
0
4
6
7
26
31
33
40
0
0
2
4
5
6
14
24
27
29
0
0
0
0
0
0
14
19
23
25
0
0
0
0
0
0
0
0
3
13
0
0
0
0
0
0
13
18
21
23
0
4
6
7
9
11
18
23
25
27
0
0
1
6
8
9
11
16
18
26
0
0
2
3
5
6
13
18
20
25
0
0
0
0
0
0
0
0
0
4
0
0
0
0
0
0
0
2
4
8
0
0
0
1
2
3
18
23
24
27
0
0
0
0
0
1
11
15
19
22
0
5
7
9
10
11
12
17
19
21
5
10
12
14
16
17
19
24
26
28
4
9
12
16
18
20
21
26
29
31
9
14
17
19
21
23
25
30
33
35
13
18
20
22
23
24
26
33
35
37
1
5
8
10
12
13
14
20
23
27
6
12
16
18
20
22
23
28
31
33
10
13
14
16
17
19
22
25
26
28
5
10
14
16
17
18
19
24
26
28
12
17
18
19
21
22
23
28
29
30
0
3
6
7
8
10
11
14
17
18
2
7
10
12
14
15
16
21
24
29
3
8
10
11
13
14
17
22
24
25
10
14
17
20
22
24
25
28
33
36
0
5
7
12
14
15
17
22
25
32
1
6
8
10
12
13
15
20
22
24
6
13
15
22
24
25
27
32
34
38
0
7
12
14
16
17
18
24
28
30
8
13
15
17
19
21
24
29
31
33
5
12
14
15
17
18
21
26
27
28
2
7
9
11
12
13
14
19
21
24
1
8
10
20
22
23
25
30
32
36
5
10
12
18
20
21
23
28
30
34
5
10
11
14
15
16
17
22
26
29
8
11
14
17
19
21
22
26
29
33
11
15
17
21
23
25
27
31
32
34
0
3
4
6
10
14
18
21
22
24
4
10
13
15
17
18
20
31
34
36
2
6
9
10
13
15
28
31
34
35
6
16
18
20
25
27
28
33
36
37
42
