time_cost:326858ms
ontime_proportion:1.000000
max_delay:0
avg_delay:0.000000
avg_flowtime:22.240000
object function value:-258.666667
0
0
0
0
0
1
4
13
17
20
21
0
0
0
0
0
0
18
22
24
25
0
0
0
0
0
0
0
1
2
5
0
0
0
0
2
3
10
15
17
19
0
4
6
7
9
10
12
16
18
19
0
0
0
0
1
3
11
14
18
20
0
0
0
0
0
0
0
5
7
8
8
10
11
13
14
17
19
22
23
26
0
0
1
3
5
6
14
18
21
23
0
0
0
0
3
5
13
20
24
28
0
0
1
2
4
5
8
16
19
21
0
0
0
0
0
1
14
18
21
23
0
0
0
0
0
0
0
0
2
4
0
4
5
7
9
11
13
17
18
26
0
0
0
0
1
2
13
16
18
20
0
0
0
0
2
3
10
13
15
18
0
3
5
7
8
9
11
14
16
19
0
1
3
4
5
7
10
14
16
17
0
0
2
3
5
6
16
20
22
24
0
0
0
0
0
0
0
1
2
4
10
13
16
18
21
24
26
29
32
34
5
8
11
12
14
17
19
22
24
25
1
6
8
10
11
14
16
21
23
25
9
13
14
16
20
22
24
28
29
31
0
3
4
6
7
12
20
23
25
27
2
6
8
9
11
12
14
18
20
21
1
4
6
7
12
15
17
20
22
23
4
7
8
11
13
14
15
18
19
22
11
14
16
18
23
26
28
31
32
34
7
12
14
15
19
22
24
28
30
32
5
11
13
14
18
19
21
25
27
30
6
12
14
18
20
22
23
28
30
31
6
9
12
14
16
20
22
25
28
30
1
4
6
8
9
10
12
15
19
21
8
12
14
15
17
19
21
25
27
28
1
5
6
8
10
11
12
16
17
20
3
8
10
15
18
21
22
27
29
30
8
11
13
15
16
19
21
24
26
28
9
14
15
17
20
24
26
29
30
32
0
3
5
6
7
9
12
17
20
21
6
10
12
13
16
17
19
23
25
26
3
6
9
11
12
14
16
19
22
25
9
12
14
16
22
26
28
31
32
34
5
10
12
14
15
16
18
23
25
27
4
9
10
13
15
16
18
22
23
27
7
10
12
13
17
21
23
26
28
29
6
9
10
12
16
18
20
24
25
27
5
8
9
11
12
14
16
19
20
23
3
7
8
12
14
16
17
21
22
24
1
6
8
9
11
13
14
19
21
23
35
