time_cost:338496ms
ontime_proportion:0.940000
max_delay:7
avg_delay:0.380000
avg_flowtime:22.060000
object function value:335.333333
0
0
0
0
0
0
0
0
0
1
3
0
0
0
0
0
0
0
0
0
2
0
0
0
0
0
0
0
0
0
0
0
0
0
0
0
0
0
0
0
0
0
0
0
0
0
0
0
0
1
3
0
0
0
0
0
0
0
0
0
0
0
2
5
7
9
11
12
18
21
24
0
0
0
0
0
0
7
12
14
16
0
0
0
0
0
0
0
0
2
4
0
2
4
6
7
8
19
24
26
28
0
0
0
0
0
0
7
12
14
22
0
0
1
2
4
5
17
22
23
25
0
0
0
0
0
0
0
0
1
4
0
0
0
0
0
1
12
17
18
19
0
0
2
4
5
6
11
18
20
22
0
0
0
2
4
6
15
20
23
25
0
0
0
0
1
3
13
18
21
24
0
0
0
0
0
0
10
15
19
21
0
0
0
0
1
3
17
20
21
23
0
0
0
0
0
1
20
23
24
26
6
11
13
18
20
21
23
28
30
32
8
13
15
17
19
20
21
26
28
34
11
16
18
20
22
23
24
29
31
32
1
6
15
18
19
21
24
29
30
33
4
9
11
13
14
15
16
21
24
26
2
7
8
10
12
13
14
19
20
23
1
4
7
12
14
17
18
28
31
34
6
11
12
15
16
19
22
27
28
31
5
10
12
14
16
17
19
24
26
28
7
12
14
15
17
18
19
24
26
27
2
7
9
12
14
15
17
22
24
26
14
17
19
21
22
24
27
31
32
34
3
7
10
12
15
16
17
21
24
26
3
9
12
14
17
20
21
26
29
31
11
15
18
20
22
23
24
28
31
33
1
6
8
10
12
13
15
20
22
24
1
8
10
12
13
14
25
30
32
34
10
14
17
19
21
22
23
27
30
32
5
10
12
14
15
16
20
25
27
29
2
5
8
9
10
12
15
18
21
22
0
3
6
7
8
10
26
30
33
34
2
7
9
16
18
19
21
26
28
30
4
8
9
11
12
14
16
19
20
22
6
11
12
13
15
16
17
22
23
24
12
15
19
20
21
23
26
31
35
36
12
17
19
21
23
24
26
31
33
36
7
12
16
19
20
21
25
30
32
35
7
12
14
17
18
19
20
25
26
29
9
14
15
19
20
21
22
27
28
32
12
15
17
19
20
24
27
31
34
36
38
