time_cost:897ms
ontime_proportion:0.780000
max_delay:7
avg_delay:0.840000
avg_flowtime:21.880000
object function value:1929.333333
0
0
0
1
3
4
5
14
18
22
25
0
2
3
5
7
9
10
13
14
20
0
0
2
4
5
7
13
18
20
22
0
0
0
0
0
0
0
0
1
3
0
0
0
0
0
2
15
19
31
33
0
4
5
8
10
12
13
17
18
21
0
0
0
0
0
0
0
0
1
4
0
0
0
0
0
0
0
0
3
5
0
0
0
0
0
0
0
3
4
6
0
0
1
3
5
7
21
25
27
31
0
0
0
0
0
0
0
0
0
1
0
0
0
0
0
0
0
0
1
3
0
0
0
0
2
3
26
31
33
35
0
0
0
0
0
1
26
30
33
35
0
0
0
0
0
0
15
20
27
30
0
0
0
0
0
0
0
0
0
0
0
0
0
0
0
0
0
0
0
0
0
0
0
0
0
0
11
15
16
18
0
0
0
0
0
1
11
15
21
26
0
0
0
0
0
0
0
0
0
1
9
14
16
19
20
22
23
28
29
33
8
13
16
18
20
21
23
28
29
31
0
4
5
7
8
9
11
15
19
21
2
7
9
11
12
14
16
21
23
25
11
15
18
20
21
23
25
29
31
33
1
5
6
8
14
16
17
21
22
24
9
14
17
19
21
22
25
29
33
35
8
13
14
16
18
19
21
26
27
29
4
8
11
13
16
17
18
22
25
27
1
6
7
10
11
12
13
18
19
22
7
12
14
16
17
19
21
26
28
30
1
5
6
8
9
10
14
18
21
24
3
7
8
12
18
20
21
25
29
31
2
7
9
12
13
15
17
22
24
26
7
11
15
17
19
21
22
26
29
31
5
9
10
12
14
16
17
21
22
24
3
8
10
12
13
15
17
22
24
26
7
11
12
15
17
18
19
23
26
29
5
9
10
13
15
17
18
22
23
26
7
11
13
17
19
21
22
26
30
33
3
7
8
10
12
14
15
19
20
22
0
4
7
9
11
12
13
17
20
22
12
16
18
21
22
23
24
28
31
33
5
10
12
15
16
18
19
24
26
29
5
10
11
13
16
17
19
24
25
27
8
13
15
17
19
20
22
27
29
31
2
5
6
8
10
12
13
16
24
31
6
11
13
15
20
22
24
29
32
34
4
8
11
15
17
19
20
24
26
29
10
14
17
19
21
23
24
28
31
33
37
