time_cost:314966ms
ontime_proportion:0.840000
max_delay:8
avg_delay:0.820000
avg_flowtime:22.200000
object function value:1340.000000
0
0
0
0
0
0
0
0
3
8
11
0
0
0
0
0
0
0
0
0
1
0
1
4
7
8
10
11
16
19
22
0
0
0
0
0
1
2
7
8
10
0
0
0
0
0
0
0
0
4
5
0
0
0
0
0
1
12
18
28
31
0
0
0
0
0
0
0
0
0
2
0
0
0
0
1
3
6
11
17
20
0
0
0
0
0
0
0
2
3
5
0
0
0
0
0
0
0
0
0
0
0
3
6
8
9
11
12
16
19
21
0
0
0
1
3
5
16
20
33
36
0
0
1
4
6
7
11
16
19
23
0
0
0
0
0
0
0
0
0
3
0
0
0
0
0
0
8
14
19
21
0
0
0
0
0
0
0
0
1
3
0
0
0
0
0
0
0
0
2
6
0
0
0
0
2
4
13
25
30
33
0
0
0
0
0
0
0
2
4
5
0
0
0
0
1
2
9
16
22
24
3
7
10
13
14
15
17
21
24
27
10
14
17
19
22
24
25
31
34
36
1
4
6
9
11
12
14
17
19
23
6
10
13
15
16
18
19
23
26
28
0
4
7
9
10
12
13
17
20
22
5
9
12
14
15
17
18
22
25
27
4
10
12
14
16
17
18
23
25
27
9
13
16
19
21
22
24
28
31
34
12
20
24
25
26
27
28
32
35
36
10
15
21
24
25
27
28
31
34
37
8
13
16
19
20
21
23
28
32
35
7
12
13
16
17
19
20
27
30
32
8
13
15
17
19
21
22
27
28
30
3
10
14
17
18
19
21
25
29
32
5
8
9
15
17
18
19
24
27
30
0
4
7
8
19
22
24
28
36
37
1
5
8
10
11
13
14
18
27
29
7
12
14
16
17
19
20
25
29
31
7
13
16
19
20
22
23
28
31
34
4
8
11
14
15
16
18
22
25
29
1
6
8
10
13
14
16
28
32
34
0
3
4
7
12
14
15
19
22
25
8
11
14
21
23
24
26
29
31
36
7
13
15
17
19
20
22
25
28
34
3
8
10
12
14
15
16
21
23
25
2
6
9
12
13
14
16
20
23
26
5
9
12
14
18
19
21
25
27
32
3
7
10
13
14
16
18
22
25
28
0
3
5
7
9
10
12
15
17
19
2
5
6
9
10
12
13
17
21
24
38
