time_cost:253814ms
ontime_proportion:0.940000
max_delay:6
avg_delay:0.340000
avg_flowtime:23.400000
object function value:380.000000
0
0
0
0
0
0
0
0
0
1
4
0
0
0
0
0
0
1
2
8
10
0
0
1
3
5
7
8
11
12
15
0
0
1
4
5
6
9
14
16
19
0
0
0
0
0
1
13
18
21
23
0
0
0
0
0
1
8
13
14
21
0
0
0
2
3
4
6
10
12
14
0
0
0
0
0
0
0
3
5
10
0
1
2
5
6
7
9
15
19
22
0
0
1
3
4
5
14
18
24
26
0
0
0
0
0
0
14
18
23
25
0
2
5
7
9
10
14
18
22
24
0
0
0
0
0
0
0
0
4
7
0
0
3
5
7
8
17
21
24
27
0
1
2
5
7
9
15
19
20
23
0
0
0
0
0
0
0
4
20
22
0
0
0
2
4
6
7
10
11
13
0
0
0
0
1
3
14
19
23
26
0
1
3
4
6
7
11
14
18
19
0
0
0
0
0
0
0
0
5
9
2
5
7
8
9
10
12
15
19
22
2
7
12
15
16
17
18
23
24
29
6
11
13
16
17
19
20
25
27
30
2
5
7
8
9
10
20
23
26
27
8
11
14
16
18
20
21
24
26
28
11
15
16
18
20
21
22
26
27
29
4
9
13
15
16
17
18
22
27
29
0
5
7
9
10
12
18
25
28
30
1
6
7
10
11
12
15
20
27
30
5
9
10
12
14
16
17
21
22
24
7
12
15
18
19
21
22
27
29
32
8
13
15
17
19
20
22
27
29
31
3
8
9
12
13
14
15
20
21
24
14
18
20
22
23
24
25
29
33
35
13
16
20
21
23
24
26
29
32
33
13
17
19
21
23
24
26
30
31
33
0
3
4
6
8
10
23
26
30
32
0
3
5
6
7
8
10
13
16
20
10
14
15
18
20
22
23
27
29
34
5
10
12
14
16
17
19
24
25
27
3
8
10
12
14
18
24
31
33
35
0
7
18
20
22
23
24
28
32
34
2
6
7
10
12
14
18
22
30
33
11
14
17
19
21
23
24
27
30
32
3
8
9
11
13
14
16
21
22
25
5
9
10
16
18
20
21
25
26
29
10
15
17
20
21
23
24
29
32
35
4
8
9
14
16
18
19
23
24
27
8
11
14
15
17
22
27
31
34
35
11
16
18
20
22
24
26
30
32
34
36
