time_cost:318305ms
ontime_proportion:0.920000
max_delay:7
avg_delay:0.380000
avg_flowtime:22.160000
object function value:538.666667
0
0
0
0
0
0
0
0
0
7
10
0
0
2
3
4
6
10
13
15
17
0
0
0
0
0
0
0
0
7
11
0
0
0
0
0
0
9
14
17
20
0
0
0
0
0
0
0
0
1
4
0
0
0
0
0
1
11
16
17
18
0
0
0
1
3
4
20
26
29
31
0
0
0
0
0
0
13
18
20
22
0
1
2
5
7
8
13
18
19
22
0
0
1
3
5
6
8
15
17
19
0
0
0
0
0
0
0
0
3
5
0
0
0
0
0
0
0
0
0
2
0
2
3
7
9
10
25
28
31
34
0
0
0
2
3
5
22
28
33
36
0
0
0
0
0
0
10
16
19
21
0
0
0
0
1
2
15
19
22
26
0
0
0
0
0
0
0
0
0
0
0
0
0
0
0
0
0
0
0
0
0
0
0
0
1
3
10
15
20
21
0
0
0
0
0
0
0
0
0
0
9
13
16
17
21
22
24
29
31
32
3
8
10
12
14
15
16
21
24
26
3
9
12
14
15
17
18
22
27
29
6
11
14
16
20
21
22
27
29
31
10
13
14
17
18
20
22
25
26
29
2
7
10
13
14
16
17
22
25
28
1
4
5
9
11
12
13
16
19
22
7
10
13
16
18
20
21
24
27
30
4
9
10
12
16
18
19
24
25
27
7
10
12
15
19
21
23
26
29
31
1
4
6
9
11
12
25
29
32
35
0
3
5
11
20
22
24
27
29
32
4
7
9
11
13
14
17
20
22
24
4
8
9
10
11
12
13
17
18
19
8
12
14
15
17
18
19
23
24
25
4
9
12
15
18
20
21
26
29
32
7
14
16
17
21
23
27
30
35
36
3
6
8
13
15
16
18
21
23
26
12
17
18
20
21
23
26
31
34
36
1
6
9
12
13
15
16
21
24
27
8
12
14
15
17
19
21
24
26
27
5
14
16
18
20
21
22
28
31
33
0
3
4
7
9
10
15
18
21
24
0
3
4
7
8
10
11
14
16
20
6
11
15
17
20
22
23
28
30
32
4
9
12
14
15
17
18
22
25
28
5
10
12
15
16
18
19
25
27
29
0
3
4
7
8
10
11
14
17
20
0
5
10
12
13
16
17
25
27
29
0
5
7
9
10
12
13
18
20
22
37
