time_cost:575724ms
ontime_proportion:0.980000
max_delay:6
avg_delay:0.120000
avg_flowtime:22.500000
object function value:-50.000000
0
0
0
0
2
4
5
14
19
22
24
0
0
0
3
4
5
9
13
20
23
0
0
0
0
0
0
11
18
23
25
0
2
4
6
8
9
11
16
18
20
0
0
3
6
7
8
10
14
20
23
0
0
0
0
0
0
0
0
0
0
0
3
6
9
10
12
13
17
20
22
0
0
0
0
0
1
14
18
20
21
0
0
0
0
0
0
0
0
1
4
0
0
0
0
0
0
0
0
0
3
0
2
5
7
8
10
11
15
22
24
0
0
0
0
0
0
10
12
13
14
0
0
0
0
0
0
21
25
27
28
0
0
0
0
0
0
0
0
3
5
0
0
2
3
4
6
8
11
13
14
0
0
0
0
0
0
11
14
20
23
0
0
0
0
0
0
19
22
26
29
0
0
0
0
0
0
0
3
5
6
0
0
0
0
2
3
9
14
16
19
0
0
0
0
0
0
0
0
0
0
1
8
14
16
17
19
20
24
29
31
0
5
8
10
19
22
23
29
31
33
6
10
12
15
17
19
20
23
26
29
4
7
8
11
15
16
17
21
27
30
8
11
15
18
20
21
24
28
31
34
2
6
7
8
9
10
14
18
19
20
0
5
6
8
9
11
12
17
18
20
7
11
14
16
17
19
20
25
29
31
3
6
8
10
12
13
16
19
21
24
6
11
16
18
19
21
22
27
32
34
5
11
15
17
19
20
21
26
30
32
6
10
13
14
22
24
25
30
33
34
6
13
18
20
21
23
24
29
33
35
6
9
10
13
15
17
18
21
23
26
0
3
5
12
14
15
17
20
23
26
1
4
5
8
11
13
21
27
28
31
4
8
11
13
15
17
18
22
25
27
5
9
11
13
14
15
16
20
21
22
3
8
11
14
16
17
19
22
25
28
10
13
17
20
22
23
24
27
29
34
11
14
16
17
18
20
22
27
30
31
9
12
14
17
20
22
23
26
31
34
1
6
9
12
13
15
16
21
24
27
0
5
8
11
12
14
15
20
23
26
9
12
14
16
21
22
24
28
31
33
1
4
6
8
10
11
13
16
18
20
5
10
12
14
15
17
18
24
27
29
3
7
8
9
10
11
12
16
17
18
5
9
12
15
17
18
20
24
27
30
1
6
9
12
13
15
16
21
24
27
36
