time_cost:843ms
ontime_proportion:0.860000
max_delay:9
avg_delay:0.720000
avg_flowtime:24.360000
object function value:1212.000000
0
0
0
0
0
0
0
0
0
1
2
0
0
0
0
0
0
0
0
0
0
0
2
5
7
8
13
24
29
34
36
0
0
0
0
0
0
14
18
21
23
0
0
0
0
0
0
0
1
2
4
0
0
0
0
0
0
7
12
14
15
0
0
1
2
4
6
12
18
22
23
0
0
0
0
1
3
23
28
30
32
0
3
5
6
8
10
11
16
18
19
0
4
5
7
9
10
12
16
17
19
0
0
2
3
5
6
15
19
23
24
0
0
0
0
0
1
14
18
21
25
0
4
6
7
9
10
15
19
21
22
0
0
0
0
0
0
13
17
24
27
0
0
0
0
1
2
23
27
28
31
0
0
0
0
0
0
0
2
7
9
0
0
2
4
5
6
9
13
15
17
0
0
0
0
0
0
0
0
0
0
0
0
0
1
3
4
16
20
23
24
0
6
9
11
19
23
26
30
33
35
5
10
12
13
15
17
18
23
25
26
10
14
16
17
18
20
23
26
28
29
1
6
9
12
13
22
25
29
32
34
12
17
19
21
22
25
27
32
33
35
5
10
12
18
19
20
22
27
29
31
2
5
6
9
11
12
24
28
29
32
1
5
7
8
10
11
17
21
23
24
5
9
10
15
17
18
19
23
24
26
4
9
11
13
14
15
18
23
25
27
6
11
13
14
17
18
20
24
26
30
3
6
8
10
11
12
14
17
19
22
10
16
17
19
21
27
28
33
35
37
1
4
6
9
10
12
14
17
19
20
5
10
12
14
15
16
18
23
25
27
5
10
12
13
15
17
19
25
27
28
4
8
10
11
13
14
19
27
29
30
12
17
19
21
23
28
30
34
36
38
3
12
14
16
18
19
21
25
27
32
5
10
12
15
16
17
19
24
26
28
7
12
14
16
17
21
26
33
37
39
9
16
18
22
25
29
30
35
36
39
4
7
9
10
12
14
16
19
21
22
6
12
14
16
17
19
21
24
26
28
8
14
16
17
20
24
26
32
35
36
2
7
8
10
20
22
24
27
28
30
9
12
14
16
18
21
23
26
27
29
0
5
7
8
14
16
17
22
24
25
10
16
17
19
24
28
29
35
38
40
3
13
16
18
21
26
28
34
39
41
1
5
7
8
12
14
16
19
21
24
42
