time_cost:1023ms
ontime_proportion:0.840000
max_delay:14
avg_delay:1.060000
avg_flowtime:24.260000
object function value:1408.666667
0
0
0
0
1
3
4
9
12
17
23
0
0
0
0
0
0
0
0
0
1
0
1
3
5
7
8
10
13
16
18
0
0
0
0
0
0
8
13
16
20
0
0
0
0
0
0
1
2
4
13
0
0
0
0
0
0
0
0
0
2
0
0
0
0
0
2
16
19
29
32
0
0
0
0
0
0
0
0
0
1
0
0
0
0
0
0
13
20
32
35
0
0
0
0
0
0
0
0
0
2
0
0
0
0
0
0
0
0
0
0
0
0
0
0
0
0
0
0
0
3
0
2
3
4
5
6
15
19
27
28
0
1
3
5
7
8
11
16
22
24
0
0
0
0
0
0
0
0
1
3
0
3
5
7
9
10
12
15
23
25
9
13
17
20
22
24
25
28
32
35
0
3
4
7
9
10
11
14
18
25
0
0
0
0
0
0
0
0
0
0
0
0
0
0
0
1
13
18
32
36
1
4
6
11
13
14
16
19
21
23
0
3
5
9
11
12
14
17
25
27
11
14
20
23
24
26
27
30
35
38
2
7
9
11
13
14
15
20
23
25
6
11
14
16
17
19
20
25
26
28
3
8
10
12
14
15
16
21
23
25
5
9
11
14
16
17
18
21
24
27
2
7
8
10
13
16
19
24
25
27
2
6
9
12
14
15
17
25
35
38
5
9
12
14
15
17
18
22
25
27
10
13
19
22
24
26
27
30
37
40
1
4
5
8
10
11
12
15
18
27
7
12
14
17
19
20
21
24
25
29
6
10
11
21
23
24
25
28
29
32
7
12
14
17
18
20
21
26
27
29
4
8
11
14
15
16
18
22
27
30
12
15
20
23
26
28
29
32
38
41
1
6
8
10
12
13
14
19
21
23
1
6
8
10
12
13
14
19
21
26
4
11
14
16
17
19
20
25
30
32
6
10
14
15
16
18
20
23
31
33
9
13
18
19
26
28
30
33
41
42
8
12
16
19
21
22
23
26
27
34
9
14
19
20
21
22
23
27
28
29
0
4
7
9
10
12
17
22
35
37
0
5
8
11
12
14
19
26
38
41
3
8
11
15
18
20
24
29
40
43
8
12
15
18
20
21
22
25
28
31
8
11
14
17
19
21
22
25
28
31
5
9
12
15
22
24
25
31
41
43
44
