time_cost:2874ms
ontime_proportion:0.780000
max_delay:6
avg_delay:0.700000
avg_flowtime:20.660000
object function value:1888.666667
0
0
0
0
0
0
0
0
0
2
3
0
0
0
0
0
0
0
0
0
2
0
0
0
0
0
2
12
15
20
21
0
0
0
0
0
0
10
15
17
19
0
0
0
0
0
0
9
13
15
18
0
0
0
0
0
0
0
0
0
2
0
0
0
0
0
0
23
26
27
29
0
0
0
0
0
0
0
0
1
3
0
0
0
0
0
0
0
0
1
3
0
0
0
0
0
0
17
20
24
26
0
0
0
0
0
0
0
1
2
4
0
0
0
0
0
0
0
0
0
2
0
0
0
0
1
4
20
23
26
28
0
0
0
0
2
3
9
12
15
18
0
0
0
0
0
1
11
15
18
21
0
0
0
0
0
0
0
0
0
0
0
0
0
0
2
3
15
18
21
24
0
0
0
0
0
0
0
0
0
0
0
0
0
0
0
0
0
4
5
9
0
0
0
1
2
4
13
16
21
23
3
6
7
10
12
13
14
17
19
22
8
12
14
15
17
20
22
26
28
29
5
10
12
15
17
19
20
25
27
29
1
5
7
8
10
11
13
17
19
20
5
9
11
12
14
15
17
21
23
24
5
10
12
14
16
17
19
24
29
31
3
8
10
11
13
15
16
21
23
26
0
4
5
7
9
10
12
16
17
22
7
10
13
15
17
19
21
27
30
32
2
7
9
10
12
14
15
20
22
23
6
9
10
13
15
16
17
20
23
26
2
6
7
9
11
12
14
18
19
21
3
8
10
13
15
17
18
23
25
28
2
5
8
10
11
13
15
18
21
23
4
9
11
13
14
15
17
22
24
26
5
9
10
12
15
17
19
23
24
31
4
8
9
11
13
18
20
24
25
27
0
3
4
6
7
9
26
30
31
33
8
12
15
17
18
22
24
27
31
33
7
11
12
14
16
17
18
22
23
30
6
10
13
15
20
23
25
28
33
35
0
3
4
7
9
10
11
14
18
26
2
7
9
11
12
13
15
20
22
24
9
13
15
17
19
20
22
26
27
29
10
15
17
19
22
24
26
30
32
34
10
14
17
19
22
25
27
31
33
35
9
13
14
16
20
21
22
26
28
30
9
13
14
16
19
20
22
26
27
32
2
5
13
15
18
22
24
27
30
35
8
14
16
19
21
22
23
27
29
32
36
