time_cost:287815ms
ontime_proportion:0.860000
max_delay:8
avg_delay:0.720000
avg_flowtime:25.440000
object function value:1248.000000
0
0
0
0
2
6
8
18
24
31
33
0
0
0
2
3
5
13
21
25
29
0
0
0
0
1
3
9
14
17
20
0
0
0
0
0
1
3
8
10
11
0
0
0
0
0
1
11
14
21
22
0
0
2
3
4
6
9
12
15
16
0
0
0
1
2
4
11
15
22
24
0
0
0
0
0
2
10
14
19
20
0
0
0
3
5
7
17
21
29
33
0
0
0
0
0
2
18
22
32
35
0
0
0
0
0
0
0
0
2
4
0
1
4
7
8
9
12
16
26
29
0
3
4
8
10
11
12
15
23
26
0
0
0
0
0
0
0
0
0
1
0
1
2
5
6
8
9
13
17
20
0
0
0
0
0
0
0
0
0
3
0
0
0
0
0
0
0
1
3
4
0
2
14
17
19
20
21
24
28
31
0
0
0
0
0
0
7
11
14
22
0
0
0
0
0
0
9
14
19
21
8
13
15
18
19
21
22
27
30
32
4
10
13
15
16
18
19
23
26
28
5
10
11
13
14
16
19
25
33
35
8
13
17
18
23
25
27
30
32
33
3
6
7
10
11
13
14
17
18
21
0
4
11
14
18
19
20
25
35
38
7
11
14
15
16
18
20
23
25
26
2
7
10
13
14
16
17
22
25
28
2
5
16
19
20
23
24
27
35
38
5
9
14
16
17
20
21
25
38
40
5
8
9
12
13
15
16
19
20
24
3
8
10
12
15
16
17
22
24
26
5
9
10
11
12
13
14
18
19
21
6
11
13
14
22
24
26
29
40
41
1
5
8
10
11
13
14
18
21
23
4
9
12
20
22
23
25
28
30
34
0
3
5
7
9
10
14
19
23
27
8
11
16
20
21
23
24
27
28
31
7
12
15
17
18
20
21
26
28
30
2
5
7
16
18
19
21
24
26
30
6
10
12
15
17
18
19
22
23
28
1
4
5
10
12
13
14
17
20
24
1
4
8
18
20
21
23
26
28
36
10
13
20
23
24
26
27
30
31
34
9
13
16
19
20
22
23
26
34
37
6
10
11
14
15
17
18
21
26
29
3
6
8
14
19
21
23
26
38
40
4
7
9
11
13
14
16
22
29
32
10
14
20
23
24
25
27
31
37
40
1
4
7
9
11
14
16
19
23
25
42
