time_cost:276430ms
ontime_proportion:1.000000
max_delay:0
avg_delay:0.000000
avg_flowtime:20.340000
object function value:-322.000000
0
0
0
0
0
0
0
0
0
1
3
0
0
0
0
0
0
0
2
5
7
0
0
0
0
0
1
16
19
20
28
0
0
0
1
3
4
8
12
15
17
0
0
0
0
0
0
0
0
2
3
0
0
0
0
0
0
0
0
0
0
0
0
0
0
1
3
12
17
19
21
0
3
5
6
7
9
11
14
16
17
0
0
0
0
0
0
0
0
0
0
0
0
0
0
0
0
10
14
16
17
0
0
0
2
4
5
12
16
17
19
0
0
0
0
0
0
0
0
1
2
0
0
0
0
0
1
10
14
15
17
0
0
0
0
0
0
11
16
18
20
0
4
5
8
10
11
12
16
17
19
0
0
0
1
2
4
8
12
14
16
0
0
0
0
0
0
0
0
0
1
0
3
5
7
8
9
12
17
19
22
0
0
1
3
5
6
11
15
17
21
0
0
0
0
0
0
0
0
0
0
7
11
13
15
17
22
23
27
28
30
2
6
8
9
11
12
14
18
20
21
4
8
11
12
15
16
18
22
24
25
12
17
19
20
22
25
26
31
33
34
4
8
9
11
14
15
17
21
22
24
5
8
9
11
12
16
18
21
22
24
8
12
13
15
17
19
21
25
26
28
5
9
10
12
14
15
16
20
21
23
8
11
14
18
19
23
25
28
31
33
5
8
9
12
14
15
20
23
29
32
0
5
7
8
10
11
22
26
31
33
9
13
15
17
19
22
23
27
28
30
0
4
5
7
9
10
17
21
22
24
3
7
8
10
12
14
15
19
20
24
5
8
9
11
12
19
21
24
29
31
2
9
12
14
15
19
21
24
29
31
1
5
7
10
11
13
17
20
25
28
9
12
15
17
18
21
23
26
27
29
6
10
11
13
16
20
22
26
27
29
8
12
14
16
18
21
22
26
27
29
5
9
12
14
16
17
19
23
24
26
6
10
11
15
17
21
23
27
28
31
6
10
12
15
17
18
19
22
23
26
2
5
6
9
14
17
19
22
23
25
9
13
17
18
20
23
25
28
30
32
2
6
7
9
11
12
13
19
20
22
2
6
8
9
11
12
14
20
24
25
8
13
16
17
20
23
25
29
31
32
5
8
10
12
13
14
16
19
21
23
0
3
6
8
9
18
20
23
26
28
36
