time_cost:1189ms
ontime_proportion:0.780000
max_delay:17
avg_delay:2.140000
avg_flowtime:25.140000
object function value:2038.000000
0
0
0
0
0
0
0
0
0
0
0
0
0
0
4
6
7
10
15
18
23
0
0
0
0
0
0
14
23
24
29
0
1
4
6
7
9
10
15
18
20
0
0
0
0
0
0
0
0
0
1
0
0
1
4
5
6
17
40
42
45
0
0
0
2
4
6
7
12
20
23
0
0
0
0
0
0
0
0
0
6
0
0
0
0
0
0
0
0
0
2
0
0
0
0
0
0
8
13
16
21
0
0
0
0
0
0
12
16
20
22
0
0
0
0
0
0
0
0
0
1
0
0
0
0
0
1
11
16
19
25
0
0
0
0
0
0
0
3
6
7
0
0
0
0
2
3
12
18
22
25
0
0
0
0
0
0
0
0
0
0
0
0
0
0
0
0
0
1
4
6
0
0
0
0
0
0
0
0
0
0
0
0
0
0
0
0
0
0
0
0
0
0
0
0
0
0
17
33
36
37
9
16
19
21
24
26
27
37
40
42
4
9
11
13
15
17
19
24
26
28
11
17
20
22
24
26
27
34
37
39
3
8
9
15
17
18
20
25
26
29
0
5
6
9
11
12
14
19
21
27
1
4
7
8
10
11
15
31
34
35
5
10
13
15
17
19
20
26
29
31
7
13
14
17
19
20
22
27
28
31
4
9
12
14
17
19
20
25
28
30
6
11
21
24
26
27
30
39
41
44
2
7
9
11
13
15
17
22
24
26
1
6
9
15
17
19
20
25
28
33
2
7
10
13
15
17
18
23
26
29
2
9
13
17
18
20
21
26
29
31
1
6
9
11
13
15
16
28
31
33
5
10
12
21
23
24
26
31
32
35
12
20
23
24
26
27
28
34
37
38
6
12
13
19
21
22
24
29
30
33
1
13
16
18
20
22
23
28
31
33
0
5
11
13
14
16
17
22
25
27
14
19
24
28
29
30
31
37
40
42
10
17
20
21
27
28
29
41
44
45
9
14
17
20
22
24
25
31
34
36
9
14
17
19
22
24
25
30
33
35
0
5
8
11
13
15
16
22
35
38
1
4
6
9
10
11
21
40
42
45
6
11
12
15
19
20
22
27
28
32
14
20
23
26
28
29
30
36
39
40
5
10
15
22
24
25
27
32
33
36
7
12
15
18
20
21
23
28
31
34
47
