time_cost:1968ms
ontime_proportion:0.880000
max_delay:5
avg_delay:0.420000
avg_flowtime:21.880000
object function value:929.333333
0
0
0
0
0
2
3
11
15
16
18
0
0
1
4
6
7
10
13
16
19
0
4
5
7
9
10
13
17
18
20
0
0
1
2
3
5
15
18
21
22
0
0
1
3
4
6
16
20
21
23
0
0
0
0
0
0
0
0
0
0
0
0
0
0
0
0
11
15
18
21
0
0
0
0
0
0
0
0
0
0
0
1
3
4
6
8
10
15
17
18
0
1
3
4
5
7
11
14
19
20
0
0
0
0
0
0
9
13
16
19
0
0
0
0
0
0
11
16
19
20
0
0
0
0
0
0
9
13
15
17
0
0
0
0
0
0
0
0
0
0
0
0
0
0
0
0
0
0
1
3
0
0
0
0
0
2
11
16
21
23
1
10
12
14
18
20
22
25
26
28
0
3
4
7
9
10
11
14
18
21
0
0
0
0
0
0
0
1
2
6
0
0
0
1
2
4
10
14
18
20
10
13
15
16
17
19
21
24
26
27
4
9
11
12
14
17
18
23
25
26
0
3
12
14
18
22
24
27
30
32
0
3
5
6
7
9
11
14
17
18
8
12
14
16
19
21
23
26
27
29
0
6
7
9
16
18
20
23
24
26
3
6
9
11
12
14
16
19
22
24
7
10
14
16
17
19
21
24
25
27
5
8
10
12
13
17
19
22
24
26
5
10
12
14
15
16
18
23
26
28
3
7
9
12
14
15
17
21
23
24
8
12
16
18
19
22
24
27
28
30
1
5
7
8
10
11
14
18
20
21
0
5
7
8
10
12
13
18
20
22
6
11
14
16
20
21
23
28
30
32
2
5
6
9
11
12
15
18
20
25
2
7
9
11
12
13
18
25
27
29
7
10
14
15
21
24
26
29
32
33
7
12
14
17
22
24
26
30
31
33
3
7
8
10
12
13
15
19
20
27
7
11
12
14
16
21
22
26
29
31
0
3
6
8
9
11
13
16
19
21
7
11
12
17
21
24
25
29
30
32
1
4
7
10
11
13
15
19
22
24
6
11
13
14
20
23
24
30
32
33
5
9
11
15
17
18
19
23
24
28
3
8
10
12
13
15
17
20
22
24
4
9
11
12
14
23
25
29
31
32
4
7
9
14
15
16
18
21
23
25
4
7
8
14
16
18
19
22
23
30
35
