time_cost:300698ms
ontime_proportion:0.880000
max_delay:6
avg_delay:0.480000
avg_flowtime:20.780000
object function value:892.666667
0
0
0
0
0
0
0
0
0
0
1
0
0
1
4
5
6
12
17
19
22
0
0
0
0
0
0
11
20
23
24
0
0
1
4
6
7
10
16
17
20
0
0
0
0
0
0
0
0
0
1
0
0
0
0
0
0
0
0
2
4
0
0
0
0
0
0
0
0
1
3
0
0
0
1
3
4
12
17
20
21
0
0
0
0
0
0
0
0
0
0
0
3
5
8
9
10
13
20
22
25
0
3
4
7
9
10
12
17
18
22
0
0
0
0
0
0
0
1
4
6
0
0
0
0
0
0
0
0
0
1
0
0
0
0
0
0
0
0
0
1
0
0
0
0
0
0
0
0
2
4
0
0
0
1
2
3
13
18
20
23
0
0
0
0
0
0
0
1
4
6
0
0
0
0
0
0
1
4
10
12
0
0
0
0
0
0
0
0
1
2
0
0
0
0
0
0
9
14
17
18
9
14
17
18
20
21
22
25
28
31
9
13
17
19
21
23
24
27
32
33
5
11
14
15
17
19
20
25
28
29
5
10
11
14
16
17
19
24
25
28
6
9
11
14
16
18
20
25
27
30
2
5
8
9
11
12
13
17
21
23
2
5
7
10
11
12
14
19
21
24
6
9
12
13
15
16
17
20
23
26
12
15
18
20
21
24
25
30
33
35
0
5
6
9
11
12
14
19
21
24
11
17
20
22
23
24
25
31
34
36
6
11
12
16
18
20
22
27
29
32
3
9
14
16
18
20
23
28
32
34
3
8
10
12
14
16
18
23
25
27
1
6
9
13
15
16
17
22
26
27
4
11
12
16
18
19
21
26
27
33
2
7
10
12
14
17
18
23
26
28
8
13
15
19
21
22
25
31
32
35
8
13
14
17
19
22
24
29
30
33
7
12
15
17
19
21
22
27
30
32
7
12
14
18
20
21
23
28
29
32
10
14
18
20
21
22
23
28
31
33
2
7
9
11
13
15
17
22
24
26
3
8
11
14
16
18
19
24
27
30
1
6
7
10
12
13
15
21
22
25
5
10
13
14
16
17
18
23
26
27
1
6
9
11
13
15
16
21
24
26
10
14
17
20
22
23
24
28
31
32
8
12
18
21
22
24
26
31
33
37
0
3
6
8
9
10
15
20
24
26
38
