time_cost:1891ms
ontime_proportion:0.780000
max_delay:13
avg_delay:1.240000
avg_flowtime:25.100000
object function value:2036.666667
0
0
0
0
0
0
1
12
16
32
35
0
0
0
0
0
1
15
18
32
35
0
0
0
0
1
2
12
17
26
29
0
0
3
5
6
8
12
16
30
32
0
0
0
0
0
0
10
15
17
19
0
0
0
0
0
0
0
0
0
2
0
0
2
4
6
7
10
15
22
24
0
0
0
0
0
0
0
0
2
6
0
0
0
0
0
0
11
14
16
18
0
0
0
0
0
0
0
2
4
5
0
3
4
5
7
8
15
19
24
25
0
0
0
0
0
1
13
16
19
22
0
0
0
0
0
0
11
14
21
23
0
0
0
0
1
3
15
18
23
26
0
0
0
0
0
0
0
1
3
6
0
0
1
4
6
7
12
15
16
22
0
0
0
0
0
0
0
0
1
2
0
0
0
0
0
0
7
17
23
26
0
0
0
0
0
0
0
0
0
0
0
0
0
0
1
2
17
21
35
36
5
9
12
14
16
18
19
28
31
33
9
14
18
21
22
24
25
28
35
38
10
13
15
16
19
21
23
26
28
29
9
12
16
17
19
21
23
26
29
30
1
4
5
8
10
11
13
16
18
24
9
14
15
16
21
23
24
28
33
34
3
8
10
12
14
15
16
21
23
27
1
4
5
8
10
11
12
15
23
27
4
9
10
12
13
15
16
21
22
25
5
9
12
15
16
17
19
23
30
33
7
13
14
15
18
19
20
24
25
26
1
6
8
10
12
13
14
19
21
23
1
4
5
10
12
13
14
17
27
30
0
5
8
12
13
15
16
26
33
37
6
10
13
15
17
19
20
25
29
31
8
13
15
18
20
21
22
25
26
29
6
12
15
18
20
21
22
25
27
30
2
8
9
11
12
14
15
20
21
23
9
13
18
21
24
26
27
30
38
41
9
14
19
22
23
25
26
29
36
39
6
10
14
16
21
23
24
28
32
34
2
7
11
14
15
17
18
23
26
29
1
4
5
8
9
11
16
20
29
32
6
11
13
15
17
18
20
23
25
27
9
13
16
20
22
23
24
27
29
34
1
6
8
10
12
13
14
19
21
26
1
6
9
13
18
20
21
26
36
39
1
6
9
12
14
16
17
22
30
33
5
10
13
16
17
19
23
29
39
42
4
9
11
14
16
17
18
23
25
29
43
