time_cost:290622ms
ontime_proportion:0.880000
max_delay:8
avg_delay:0.520000
avg_flowtime:22.460000
object function value:948.666667
0
0
0
0
0
0
1
6
10
13
17
0
0
0
0
0
1
11
14
18
25
0
0
0
0
1
2
10
16
19
22
0
0
3
5
6
8
9
13
16
18
0
0
0
0
0
0
14
19
23
25
0
0
0
0
0
0
0
0
0
2
0
0
2
4
6
7
10
16
21
23
0
0
0
0
0
0
0
0
2
5
0
0
0
0
0
0
13
16
19
21
0
0
0
0
0
0
0
2
4
6
0
3
4
5
7
8
12
16
23
24
0
0
0
0
0
1
15
18
23
26
0
0
0
0
0
0
0
2
19
21
0
0
0
0
1
3
9
12
14
17
0
0
0
0
0
0
0
1
3
5
0
0
1
4
6
7
9
13
14
17
0
0
0
0
0
0
0
0
1
2
0
0
0
0
0
0
12
17
20
23
0
0
0
0
0
0
0
0
0
0
0
0
0
0
1
2
5
9
11
12
5
9
12
14
15
17
18
22
25
27
2
5
6
9
10
12
19
23
34
37
7
12
15
16
19
21
23
26
29
30
10
13
18
19
21
23
25
28
30
31
1
4
5
12
19
20
21
26
29
32
6
10
16
17
22
23
24
28
29
30
3
8
10
12
14
15
16
21
24
26
8
11
12
15
17
18
19
22
29
32
4
9
10
12
13
15
16
21
22
24
10
15
21
24
25
26
28
32
36
39
2
6
7
8
9
10
11
15
17
19
1
6
8
10
12
13
14
19
21
23
14
18
26
29
31
32
33
36
37
40
0
5
8
11
12
14
15
20
24
28
10
14
17
19
20
22
23
27
30
32
1
4
5
8
10
11
12
15
16
19
1
4
5
10
13
14
16
19
27
30
6
11
12
14
17
19
20
25
27
29
9
13
18
21
22
24
25
28
33
36
15
18
26
29
30
32
33
36
37
40
6
10
13
15
17
19
20
24
27
29
2
7
10
13
15
17
18
23
26
29
1
4
5
8
9
11
12
15
17
20
4
7
9
11
14
15
18
23
32
34
13
17
23
26
28
29
30
33
34
37
1
6
8
10
12
13
14
19
21
23
7
12
15
18
19
21
22
27
30
33
1
6
9
12
13
15
16
21
24
27
5
10
13
16
17
19
20
25
29
32
4
9
11
13
15
16
17
23
32
34
42
