time_cost:308374ms
ontime_proportion:0.860000
max_delay:10
avg_delay:0.660000
avg_flowtime:24.840000
object function value:1228.000000
0
0
0
0
0
0
0
0
2
5
7
0
0
0
2
3
5
14
25
28
30
0
0
0
3
4
5
12
19
23
26
0
0
0
0
0
0
18
27
30
32
0
0
0
1
3
4
18
26
29
31
0
0
0
0
0
0
0
0
0
0
0
0
0
0
0
1
8
15
17
22
0
0
0
0
0
1
12
18
21
24
0
0
0
0
1
2
6
11
16
19
0
0
0
0
0
1
2
12
19
21
0
0
0
0
0
0
0
0
0
0
0
0
0
0
0
0
0
0
3
4
0
2
5
7
8
9
11
15
20
23
0
0
0
0
0
0
0
0
0
0
0
0
0
0
0
0
0
0
1
6
0
0
0
0
0
0
0
4
7
10
0
0
0
0
0
0
12
19
23
26
0
0
1
3
4
5
9
13
17
19
0
0
0
0
0
0
14
21
24
26
0
0
1
4
6
7
13
21
22
28
3
6
8
11
12
13
15
18
20
23
5
10
11
14
16
17
19
24
25
28
10
15
18
19
21
22
23
28
31
32
10
15
16
19
21
22
24
29
30
33
11
14
19
21
22
23
24
30
33
35
2
7
10
13
16
18
19
24
27
30
7
13
19
22
24
25
27
33
35
38
7
12
13
16
18
19
21
31
32
35
4
10
12
16
18
19
21
26
27
30
2
9
12
13
15
16
17
22
26
28
12
20
23
24
26
27
28
33
36
37
2
7
10
13
15
17
18
23
26
28
6
11
14
20
22
24
25
30
33
40
5
12
15
18
22
24
25
30
35
38
0
8
11
14
15
17
18
23
26
28
3
8
11
13
14
16
17
22
25
27
1
10
13
15
17
19
20
25
28
30
0
3
6
7
9
10
15
27
30
31
7
13
15
17
19
21
23
28
30
32
1
6
9
11
13
15
16
21
24
26
11
16
22
24
26
28
29
34
37
39
7
14
17
22
24
25
27
32
33
36
5
11
15
17
19
21
23
30
32
35
12
17
20
22
24
26
27
33
36
38
6
11
13
16
18
19
22
32
33
36
4
7
10
12
13
14
15
18
21
24
0
3
6
7
9
10
17
27
30
33
15
25
27
30
31
32
34
37
39
42
0
5
7
9
11
13
15
20
22
24
10
16
19
21
22
24
25
30
34
38
43
