time_cost:946ms
ontime_proportion:0.800000
max_delay:9
avg_delay:0.980000
avg_flowtime:23.540000
object function value:1784.666667
0
0
0
0
0
0
0
13
17
24
26
0
0
0
0
0
0
0
0
1
4
0
0
0
0
0
0
0
0
2
5
0
0
0
0
0
0
0
0
4
5
0
0
1
4
5
7
14
19
21
24
0
1
3
6
7
9
13
18
20
23
0
0
0
2
4
5
9
13
16
18
0
0
0
0
0
0
0
0
0
0
0
0
0
0
1
3
19
25
29
32
0
1
3
4
5
6
13
16
20
21
0
0
0
0
0
1
11
15
18
20
0
0
0
0
0
1
14
19
20
22
0
0
0
2
4
5
9
13
17
19
0
0
2
4
5
7
12
17
24
26
0
0
1
4
6
8
17
21
24
26
0
0
0
0
2
4
10
14
16
18
0
0
0
0
0
0
0
0
2
4
0
0
0
0
0
0
0
0
0
0
0
0
0
0
0
0
10
12
18
22
0
0
0
0
0
2
15
20
22
24
1
6
8
10
11
13
15
20
22
24
5
10
12
15
16
18
19
24
26
29
4
7
8
10
13
15
16
19
20
22
2
7
9
11
12
14
24
29
31
33
7
11
13
15
17
19
20
24
25
27
1
4
5
7
9
11
13
16
19
22
4
9
11
14
18
20
21
26
29
32
5
9
12
14
16
17
18
22
25
27
6
11
13
15
17
19
20
24
25
27
4
9
11
13
14
22
24
29
31
34
3
7
10
12
14
15
16
20
23
29
4
9
11
13
17
19
21
26
28
30
10
13
15
17
19
21
22
25
27
29
9
14
16
18
21
24
28
33
35
37
1
6
8
10
11
13
15
22
26
28
9
14
17
19
24
27
29
34
36
38
0
4
5
8
13
15
16
20
21
24
11
16
19
21
25
26
27
31
33
35
6
9
10
12
15
17
18
21
22
26
0
3
5
6
7
9
20
23
26
27
1
5
6
8
9
10
20
24
30
32
11
16
18
20
23
25
27
32
34
36
6
11
13
16
19
21
22
28
30
33
9
13
15
17
20
21
23
28
32
34
7
12
14
17
19
21
22
26
27
30
1
6
8
11
12
14
23
28
35
38
10
15
17
20
23
24
25
30
32
35
2
5
6
14
21
23
24
27
29
31
5
10
11
13
15
16
18
23
27
29
7
11
14
19
21
23
24
27
28
33
39
