time_cost:821ms
ontime_proportion:0.820000
max_delay:8
avg_delay:0.640000
avg_flowtime:22.640000
object function value:1554.666667
0
0
0
0
1
3
4
9
13
19
21
0
0
0
0
0
0
0
1
6
9
0
0
0
0
0
0
0
0
6
8
0
0
0
2
3
5
11
17
24
27
0
0
0
0
0
0
0
0
0
2
0
0
0
0
0
0
0
0
0
2
0
0
0
0
0
1
11
17
20
22
0
0
0
0
0
0
0
2
3
5
0
2
3
6
8
9
11
15
21
24
0
0
0
0
1
2
16
21
23
26
0
0
0
0
0
0
16
22
25
27
2
7
13
16
18
19
20
24
26
29
0
0
0
0
0
0
0
3
8
11
0
0
0
0
0
0
0
4
6
8
0
0
0
0
0
0
11
13
26
29
0
0
0
0
0
0
0
0
0
0
0
0
0
0
0
0
10
16
26
30
0
0
3
6
9
11
13
22
27
30
0
0
0
0
0
0
0
0
0
3
0
0
0
0
0
0
0
0
2
4
3
8
10
12
14
15
16
21
23
25
10
16
19
22
24
25
26
29
30
33
4
9
12
15
16
17
19
25
28
31
5
11
13
14
16
18
20
23
25
26
4
10
11
13
15
17
18
23
24
26
2
7
9
11
13
14
15
20
22
24
8
11
16
19
20
22
23
26
29
32
2
7
9
11
13
14
15
20
22
24
0
7
8
10
11
13
14
19
20
22
4
8
11
13
14
16
17
21
24
27
7
13
16
19
20
21
23
27
30
33
0
4
7
9
12
14
15
19
22
24
3
8
11
14
15
17
18
30
33
36
8
12
15
17
19
20
22
25
27
31
4
8
12
14
17
20
21
25
29
31
11
17
19
20
22
23
24
28
29
30
5
10
14
17
18
20
21
30
34
37
8
14
17
19
20
22
23
27
33
35
0
3
5
6
7
9
11
14
19
20
0
3
5
7
8
10
13
19
24
27
5
11
14
16
22
24
25
30
33
35
0
4
9
11
19
21
22
26
29
31
8
12
16
20
24
26
27
30
32
36
8
12
16
19
23
25
26
29
31
34
0
3
5
6
7
9
12
18
22
23
0
5
7
9
11
12
13
18
20
22
8
13
14
18
21
23
24
29
31
33
5
11
13
15
17
18
19
24
26
28
10
16
19
22
23
25
26
30
31
34
7
13
17
19
21
23
24
31
35
37
38
