time_cost:263739ms
ontime_proportion:1.000000
max_delay:0
avg_delay:0.000000
avg_flowtime:20.380000
object function value:-320.666667
0
0
4
6
9
10
12
13
18
20
23
0
0
1
4
5
6
7
12
13
18
0
0
0
0
0
1
13
16
18
19
0
0
0
0
0
0
0
4
5
7
0
0
0
2
3
4
7
11
13
15
0
4
5
8
9
10
13
18
19
22
0
0
0
0
0
0
0
0
2
5
0
0
0
0
0
0
5
9
18
20
0
0
0
0
0
0
0
0
0
2
0
0
0
0
0
0
0
0
2
4
0
0
0
0
0
0
0
0
0
0
0
0
0
1
2
4
12
17
19
22
0
0
0
2
4
5
10
15
16
22
0
0
0
0
0
0
10
13
15
18
0
0
0
0
0
0
0
0
0
0
0
0
0
0
0
0
8
13
16
20
0
0
0
0
0
0
0
0
0
0
0
0
0
0
0
0
0
0
0
1
0
0
1
3
4
6
12
17
19
21
0
0
2
4
6
8
11
15
18
20
1
4
5
7
9
11
12
15
18
20
4
8
10
14
16
18
19
23
25
27
4
7
9
10
11
12
17
20
22
23
5
10
11
16
18
19
21
26
27
29
7
10
11
13
15
17
18
21
23
25
4
8
10
12
13
14
17
21
22
24
10
14
16
18
20
21
22
26
28
30
1
5
6
8
9
10
26
30
32
34
1
5
7
10
12
14
16
20
22
27
2
9
14
16
19
20
22
27
28
30
1
5
7
12
14
16
17
21
22
25
7
11
13
16
19
21
22
26
27
31
11
14
16
20
22
24
25
28
29
31
0
3
5
6
7
8
16
19
21
22
5
8
12
13
20
22
24
27
30
31
0
5
7
10
11
13
14
21
23
26
12
16
17
19
21
23
24
28
29
31
4
7
10
11
12
13
15
18
20
23
3
7
12
14
16
17
18
22
25
27
5
10
11
13
15
16
19
24
26
28
10
13
16
18
20
22
23
26
27
29
0
4
5
7
9
11
19
23
31
33
4
7
8
10
17
19
20
23
24
29
1
6
9
11
12
14
16
21
25
27
6
10
11
13
14
15
16
20
21
23
7
12
14
16
19
20
22
27
29
31
8
12
13
15
17
19
20
24
25
27
8
11
13
14
18
19
21
24
26
27
8
13
15
17
19
22
24
29
30
33
13
18
20
22
23
24
26
30
31
33
35
