time_cost:280234ms
ontime_proportion:0.940000
max_delay:7
avg_delay:0.320000
avg_flowtime:20.460000
object function value:282.000000
0
0
0
1
3
4
5
15
19
22
24
0
2
3
5
7
9
12
15
16
18
0
0
2
4
5
7
13
18
21
23
0
0
0
0
0
0
0
0
2
4
0
0
0
0
0
2
8
12
15
17
11
16
19
22
24
26
27
31
32
35
0
0
0
0
0
0
0
0
1
4
0
0
0
0
0
0
0
0
0
2
0
0
0
0
0
0
0
3
4
6
0
0
1
3
5
7
21
25
26
28
0
0
0
0
0
0
0
0
0
1
0
0
0
0
0
0
0
0
1
3
0
0
0
0
2
3
18
23
25
27
0
0
0
0
0
1
10
14
15
20
0
0
0
0
0
0
0
4
5
12
0
0
0
0
0
0
0
0
0
0
0
0
0
0
0
0
0
0
0
0
0
0
0
0
0
0
18
22
23
27
0
0
0
0
0
1
2
6
7
9
0
0
0
0
0
0
0
0
0
1
10
15
16
19
20
21
22
27
28
31
7
12
13
18
20
21
23
28
29
31
0
4
5
7
8
9
15
19
21
23
2
7
9
11
12
14
16
21
23
25
1
5
6
8
9
10
14
18
20
22
1
5
6
8
10
12
13
17
18
20
9
13
17
20
22
23
24
28
31
33
8
13
15
20
22
23
25
30
33
35
4
8
11
13
15
16
17
21
24
26
1
6
7
10
11
12
13
18
19
22
9
14
16
18
21
23
26
31
33
35
1
5
6
9
10
11
12
16
19
21
5
9
10
12
14
16
17
21
22
24
2
7
9
12
13
15
17
22
24
26
11
15
17
19
21
22
23
27
28
30
12
16
18
20
23
25
26
30
31
33
6
11
13
15
17
19
21
26
28
30
9
13
14
16
17
18
23
27
29
31
7
11
12
15
17
19
20
24
25
29
5
10
12
17
19
21
22
26
28
33
3
7
8
10
12
14
15
19
20
22
0
4
7
10
16
17
19
23
27
29
8
12
19
22
23
24
25
29
31
33
5
10
12
15
19
21
22
28
30
33
4
9
10
12
14
17
21
26
27
29
3
8
10
14
16
17
19
24
25
27
7
10
12
16
18
20
21
24
25
27
10
15
17
20
22
23
25
30
31
33
4
8
9
12
14
16
17
21
22
25
6
10
11
13
15
17
18
22
23
25
37
