time_cost:308894ms
ontime_proportion:0.920000
max_delay:10
avg_delay:0.520000
avg_flowtime:22.800000
object function value:560.000000
0
0
0
0
0
0
0
0
0
1
3
0
0
0
0
0
0
0
0
0
0
0
2
7
11
14
18
25
28
31
33
0
0
0
0
0
0
21
25
26
28
0
0
0
0
0
0
0
1
2
8
0
0
0
0
0
0
9
13
15
17
0
0
1
2
4
6
8
16
19
20
0
0
0
0
1
2
11
17
22
24
0
3
5
6
10
12
13
18
20
23
0
4
5
7
9
10
12
16
17
19
0
0
2
3
5
6
15
19
21
22
0
0
0
0
0
3
14
20
24
26
0
4
6
7
9
10
18
22
24
25
0
0
0
0
0
0
15
18
19
22
0
0
0
0
1
2
9
12
13
16
0
0
0
0
0
0
0
9
12
14
0
0
2
4
5
6
8
12
14
16
0
0
0
0
0
0
0
0
0
0
0
0
0
1
3
4
6
13
15
16
0
3
6
8
9
26
28
32
35
37
6
11
13
14
16
18
19
24
26
28
1
6
9
10
18
26
28
33
35
36
10
13
16
18
19
24
26
29
32
34
5
8
9
11
12
14
16
19
20
22
6
11
13
15
18
22
24
29
31
33
2
5
6
9
11
12
23
26
27
30
7
12
14
15
18
20
22
26
28
29
5
9
10
12
14
15
16
20
21
23
4
9
11
13
17
19
22
27
31
33
10
14
16
19
21
22
27
31
33
35
4
8
10
12
16
20
22
25
27
29
13
17
22
24
26
30
31
35
36
38
1
5
7
8
12
18
20
23
25
27
5
10
12
14
15
17
19
25
27
29
5
10
12
13
15
17
18
23
25
26
2
6
8
9
11
12
14
18
20
21
13
16
18
20
22
24
26
29
30
32
18
22
24
25
27
28
30
35
37
38
5
10
12
14
15
16
18
23
25
27
2
8
10
12
14
16
19
24
26
28
12
15
16
19
21
22
24
27
28
33
4
7
9
12
13
15
17
20
22
23
3
6
8
10
12
13
15
18
20
22
17
21
23
24
26
28
30
34
36
38
2
7
8
10
16
19
21
24
25
27
7
10
11
13
17
21
23
26
27
29
0
5
7
8
10
12
13
18
20
21
11
16
17
19
22
23
24
28
29
31
3
6
9
11
12
14
27
30
33
35
1
4
6
7
8
10
12
15
17
18
40
