time_cost:378163ms
ontime_proportion:0.960000
max_delay:5
avg_delay:0.200000
avg_flowtime:19.780000
object function value:59.333333
0
0
0
0
0
0
0
0
0
0
1
0
0
0
0
2
4
10
15
17
18
0
0
2
3
5
7
22
29
31
33
0
0
0
0
0
0
0
0
1
6
0
0
0
2
3
5
7
11
14
16
0
0
0
0
0
0
21
24
26
27
0
0
0
0
0
0
0
1
3
4
0
0
0
0
0
0
0
0
1
3
0
0
1
3
4
5
8
13
18
20
0
0
0
0
0
0
19
22
24
26
0
0
0
0
0
0
0
0
2
3
0
0
0
0
0
0
0
1
3
5
0
0
0
0
0
0
0
1
3
4
0
0
0
0
0
0
0
1
4
6
0
0
0
0
0
0
0
0
0
0
0
0
0
0
1
3
8
12
15
17
0
0
0
0
0
0
6
12
14
16
0
0
0
0
0
1
10
14
16
18
0
0
0
0
0
0
10
16
18
20
0
2
3
5
6
8
18
21
22
24
2
6
7
12
14
15
17
21
22
24
1
4
5
8
10
11
12
15
16
19
11
17
19
20
22
25
27
31
33
34
5
10
12
13
15
17
18
23
25
26
15
19
20
22
23
26
28
32
33
35
7
11
12
15
17
18
25
28
29
32
3
6
8
9
10
12
14
17
19
21
6
10
11
13
15
17
18
22
24
26
8
13
15
17
20
22
24
27
29
30
0
5
7
8
9
11
13
16
18
19
11
15
17
20
22
24
26
30
32
33
2
6
10
12
14
16
18
21
24
26
6
10
12
14
16
18
20
24
26
28
6
10
11
15
17
18
19
23
24
26
5
8
10
12
13
16
18
21
23
25
4
8
9
11
13
14
15
19
20
23
1
4
6
8
9
10
12
15
17
19
0
4
6
7
9
10
12
17
19
22
4
8
9
11
13
14
16
20
22
24
10
15
17
19
21
23
25
30
32
34
3
7
9
10
12
14
16
19
21
22
1
9
11
13
14
15
17
23
26
28
3
6
8
10
11
12
14
17
19
22
3
7
8
10
12
13
14
18
20
22
5
9
13
15
16
18
20
23
26
28
8
12
14
16
18
20
22
26
27
29
3
11
13
14
18
20
21
26
28
31
8
12
15
16
20
21
23
27
29
30
1
4
7
9
10
12
15
19
22
24
0
3
5
6
7
9
22
25
28
29
36
