time_cost:1009ms
ontime_proportion:0.660000
max_delay:20
avg_delay:3.160000
avg_flowtime:30.100000
object function value:3403.333333
0
0
0
0
0
0
0
0
0
0
0
0
0
0
0
2
4
14
21
25
27
0
0
0
0
1
2
17
24
27
29
0
0
0
0
0
0
0
0
0
2
12
17
20
21
23
24
25
30
33
34
0
3
6
9
10
12
14
19
23
25
0
0
0
0
1
2
17
27
30
31
0
0
0
0
0
0
0
0
1
4
0
3
6
8
9
11
12
18
22
24
0
0
3
5
6
8
10
17
21
24
0
0
1
3
4
6
19
32
35
37
0
0
3
6
8
10
14
21
24
27
0
0
0
0
0
0
10
17
18
23
0
0
0
1
3
5
10
15
20
22
0
3
6
8
9
11
18
31
34
36
0
2
4
6
8
10
12
17
19
21
0
0
0
2
3
5
34
42
46
49
0
0
0
0
0
0
0
0
3
5
7
13
16
19
21
22
24
33
34
37
0
0
0
0
2
3
20
27
28
31
10
15
22
25
28
29
31
40
43
46
6
11
16
19
20
23
26
31
33
36
0
5
8
10
12
14
16
23
26
28
13
18
21
23
24
25
26
29
32
34
9
12
15
17
19
22
24
28
31
33
1
6
7
10
12
13
15
20
21
24
0
20
23
26
29
31
34
41
45
47
7
13
16
18
20
22
23
28
31
33
2
7
10
16
18
20
21
34
37
40
9
14
17
18
20
21
22
27
30
33
5
12
15
16
19
22
23
28
31
38
3
8
11
14
16
18
19
24
27
33
9
15
18
20
22
23
24
34
37
38
4
10
13
18
22
24
26
35
38
42
4
9
11
13
15
17
19
24
26
28
4
9
13
16
18
20
22
27
28
31
2
7
10
20
24
26
28
37
40
44
0
5
8
10
11
13
15
21
24
26
0
7
10
11
13
14
15
21
24
26
13
20
21
24
26
27
29
38
39
42
2
6
9
11
13
15
17
22
25
26
9
15
17
20
21
23
25
30
32
35
4
10
13
22
26
28
29
39
42
46
12
17
20
21
25
26
29
37
41
42
9
14
19
22
27
29
31
40
42
45
5
10
12
15
17
19
21
26
28
30
1
4
7
9
10
11
34
43
47
49
5
11
14
16
18
20
21
26
29
31
5
10
12
14
16
18
20
25
27
33
8
14
16
21
28
31
33
42
45
48
50
