time_cost:331775ms
ontime_proportion:0.900000
max_delay:10
avg_delay:0.760000
avg_flowtime:22.960000
object function value:765.333333
0
0
0
0
0
0
0
10
16
19
20
0
0
0
0
0
0
0
0
1
2
0
0
0
0
0
0
25
32
35
38
0
3
6
9
13
15
22
26
29
32
0
0
0
0
0
0
0
0
2
4
0
0
1
2
4
5
14
19
20
21
0
0
1
3
4
5
17
22
24
26
0
0
0
0
0
1
15
20
22
24
0
0
0
0
1
3
30
35
38
39
0
0
0
0
0
0
0
2
3
5
0
0
0
0
0
0
0
0
0
0
0
0
0
0
0
0
0
0
1
3
0
0
0
1
3
4
13
17
20
22
0
0
0
0
0
0
0
0
0
0
0
0
0
0
0
0
0
0
0
0
0
4
5
6
8
9
10
15
17
18
0
0
3
7
9
12
15
18
21
25
0
0
0
0
2
3
10
16
21
23
0
0
0
0
0
0
0
0
0
0
0
2
4
5
7
8
15
20
22
23
5
12
14
17
18
19
20
25
26
29
5
10
12
14
15
16
22
28
30
33
9
12
13
15
16
20
22
25
26
28
5
10
12
14
16
17
19
24
26
28
8
13
15
17
18
19
20
26
28
30
7
12
14
16
18
19
21
26
28
32
10
15
17
20
21
22
24
29
30
33
0
5
6
8
10
11
12
17
18
19
9
14
17
19
21
23
24
29
32
34
4
7
14
17
19
21
22
25
29
32
0
5
7
8
10
11
18
24
26
27
2
7
9
10
12
13
17
22
24
26
4
9
11
12
14
15
16
21
23
25
0
3
4
6
7
9
15
18
20
22
5
10
12
16
18
19
21
26
28
30
6
12
16
21
23
25
26
31
34
36
15
19
22
24
26
27
29
33
37
39
5
8
11
14
16
18
19
23
26
29
1
6
9
11
13
15
16
21
24
26
4
11
16
24
26
27
29
34
36
40
1
4
5
7
8
10
13
16
18
20
12
17
19
22
24
25
27
32
34
36
12
15
18
21
23
25
26
29
32
35
1
4
5
7
8
10
12
15
19
21
10
15
17
19
21
23
25
30
32
34
1
5
8
10
12
13
14
18
21
23
8
13
15
20
22
23
25
30
32
34
5
10
12
18
20
21
23
28
30
32
3
8
9
12
13
14
25
32
34
37
7
12
14
18
19
20
21
26
28
31
42
