time_cost:349167ms
ontime_proportion:1.000000
max_delay:0
avg_delay:0.000000
avg_flowtime:21.640000
object function value:-278.666667
0
0
1
2
5
7
8
14
18
19
22
0
0
0
0
1
3
11
17
19
21
0
0
2
4
5
7
9
15
17
19
0
0
0
0
0
0
13
16
20
22
0
0
0
0
0
0
1
5
6
10
0
0
1
3
5
6
9
14
18
20
0
0
0
0
0
0
10
13
14
16
0
0
0
0
0
0
0
5
8
10
0
0
1
3
4
5
9
16
20
23
0
0
0
0
0
0
0
2
4
6
0
0
0
0
0
2
8
14
16
19
0
0
0
0
0
0
0
0
0
0
0
0
0
2
3
4
13
16
18
20
0
0
0
1
2
3
6
11
13
18
0
0
0
0
0
1
13
17
18
20
0
2
5
7
8
10
13
16
21
23
0
0
1
3
5
6
16
20
22
24
0
0
0
0
0
0
0
1
3
4
0
0
1
3
4
6
17
22
24
26
0
0
0
0
0
0
0
0
0
0
5
8
9
11
12
14
20
23
24
26
4
9
11
13
14
16
18
23
27
29
2
6
8
9
11
12
14
18
20
26
0
3
5
7
8
9
20
23
25
27
5
9
10
12
14
15
16
20
22
25
1
5
6
8
10
13
17
21
23
25
1
5
7
8
10
11
16
20
23
24
1
4
7
9
10
13
15
19
22
24
7
10
11
14
16
17
23
26
28
32
8
13
15
17
18
20
22
26
27
29
0
3
7
11
12
21
24
27
30
32
6
11
14
16
18
20
22
25
28
30
12
15
16
18
21
24
26
29
30
32
0
3
6
8
9
11
13
16
20
22
5
8
11
13
14
16
18
21
24
27
0
3
4
6
7
9
11
14
18
20
2
6
8
9
11
12
14
18
20
21
6
10
13
15
16
18
20
23
26
28
3
7
9
11
13
14
16
20
22
23
5
8
9
12
15
16
17
20
21
24
5
8
12
14
16
18
20
23
26
29
5
10
12
14
16
18
20
25
29
30
10
15
16
18
20
23
25
29
30
32
11
14
16
19
21
22
23
26
27
30
9
13
14
16
18
19
21
25
26
28
8
14
16
18
20
22
24
29
31
33
8
11
14
16
20
22
24
27
30
33
10
13
15
16
17
19
21
24
26
27
5
11
13
16
19
21
23
28
31
32
1
6
8
10
12
14
16
21
24
28
34
