time_cost:864ms
ontime_proportion:0.760000
max_delay:10
avg_delay:1.260000
avg_flowtime:24.320000
object function value:2210.666667
0
0
0
0
0
0
0
0
0
0
0
0
0
0
0
0
0
0
0
0
1
0
0
0
0
0
0
0
0
2
4
0
0
0
0
0
0
0
2
3
6
0
0
0
0
0
0
10
15
19
21
0
0
0
0
0
2
13
19
22
25
0
0
0
2
3
5
12
18
20
23
0
0
0
0
0
0
0
1
2
3
0
0
0
0
0
0
0
0
0
1
0
0
0
0
0
0
13
20
24
29
0
0
0
0
1
2
10
17
20
23
0
0
1
2
3
5
13
18
21
24
0
0
0
0
0
0
0
0
0
1
0
0
0
0
0
0
0
0
4
7
0
0
0
1
2
3
11
17
27
30
0
1
3
4
5
7
16
20
23
25
0
1
3
5
7
8
10
16
19
25
0
4
6
8
10
11
12
18
21
23
0
0
1
4
5
7
18
22
30
33
0
0
0
0
0
2
14
20
26
29
0
4
9
11
12
14
16
21
29
31
5
10
12
14
16
17
18
23
25
27
4
9
11
13
15
16
17
22
25
27
11
16
19
22
23
25
26
29
30
33
7
13
16
19
21
22
23
26
27
31
2
7
10
13
14
16
17
24
33
36
5
10
13
15
16
18
19
24
27
29
10
14
17
19
20
22
23
27
31
33
0
5
8
11
12
14
15
24
33
36
5
10
13
16
17
19
20
25
28
31
4
7
8
11
13
14
15
19
22
25
3
8
10
12
14
15
16
21
23
25
6
13
16
21
22
23
25
29
32
35
0
3
5
7
9
10
13
17
21
27
8
13
17
19
20
22
23
27
30
32
2
7
10
13
14
16
17
23
33
37
7
12
14
17
19
20
21
24
25
28
0
3
4
7
8
10
14
20
33
36
9
15
18
20
21
23
24
28
31
33
7
13
16
22
25
26
28
32
36
39
9
16
19
21
22
23
24
28
29
30
0
5
7
9
11
12
13
21
27
30
7
11
13
16
18
19
20
23
24
29
4
7
12
14
16
17
19
22
24
32
10
14
19
23
24
25
26
30
31
32
5
10
13
17
18
20
21
26
33
37
1
10
14
19
23
25
26
31
36
39
1
6
8
10
12
13
14
19
23
27
10
17
20
22
25
26
27
31
32
33
6
12
15
18
19
21
22
30
36
39
40
