time_cost:294095ms
ontime_proportion:0.920000
max_delay:13
avg_delay:0.580000
avg_flowtime:22.540000
object function value:551.333333
0
0
0
0
0
0
0
12
17
19
20
0
0
0
0
0
0
0
0
1
2
0
0
0
0
0
0
8
13
16
18
0
3
6
9
11
13
14
17
20
23
0
0
0
0
0
0
0
0
2
3
0
0
1
2
4
5
10
15
19
21
0
0
1
3
4
5
18
24
26
28
0
0
0
0
0
1
6
11
13
18
0
0
0
0
1
3
5
8
11
12
0
0
0
0
0
0
0
2
3
5
0
0
0
0
0
0
0
0
0
0
0
0
0
0
0
0
0
0
1
3
0
0
0
1
3
4
17
23
26
28
0
0
0
0
0
0
0
0
0
0
0
0
0
0
0
0
0
0
0
0
0
4
5
6
8
9
18
24
25
26
0
0
3
6
8
10
11
14
17
21
0
0
0
0
2
3
12
16
20
24
0
0
0
0
0
0
0
0
0
0
0
2
4
5
7
8
13
18
20
21
8
13
14
17
19
20
21
26
27
30
5
10
12
14
15
16
21
26
28
30
3
6
7
9
10
12
15
20
21
23
5
10
12
16
18
19
21
26
28
30
8
13
15
17
18
19
21
26
28
31
7
12
14
16
17
18
23
28
30
32
2
7
8
11
12
13
14
19
20
25
0
5
6
8
10
11
15
20
22
23
9
14
17
19
21
23
24
29
32
34
4
7
14
19
21
23
24
27
30
36
0
5
7
8
10
11
21
26
28
32
2
7
9
10
12
14
26
31
33
34
4
9
11
12
14
15
16
22
25
26
0
3
4
6
10
12
16
20
23
27
5
10
12
14
16
17
19
24
26
28
3
8
11
13
17
19
20
25
28
30
14
20
23
25
27
28
29
33
36
38
13
19
22
25
27
29
30
33
36
39
7
12
17
19
21
23
24
29
32
34
10
16
18
20
22
23
25
30
32
34
11
15
16
18
19
21
26
29
30
32
13
18
20
22
24
25
27
32
34
36
2
5
8
11
13
15
29
34
37
40
1
4
5
7
8
10
15
19
21
23
10
15
17
19
20
21
22
28
30
33
12
16
19
21
23
24
28
36
39
41
16
21
23
26
28
29
31
36
38
40
7
12
15
24
26
27
29
34
36
38
3
8
9
12
13
14
18
23
25
31
5
11
13
15
16
17
18
23
25
27
43
