time_cost:60842ms
ontime_proportion:1.000000
max_delay:0
avg_delay:0.000000
avg_flowtime:20.333333
object function value:-322.222222
0
0
0
0
1
3
4
11
16
17
19
0
0
0
0
0
2
9
13
14
15
0
0
0
0
0
0
0
4
5
7
0
0
2
4
6
7
9
14
19
21
0
4
5
6
8
10
11
16
17
18
0
0
0
0
0
0
8
13
14
16
0
1
2
5
7
9
11
14
15
18
0
0
0
0
0
2
6
11
12
14
0
0
0
2
4
5
6
11
14
16
0
0
0
3
5
7
9
12
13
16
2
7
8
9
11
13
15
20
21
22
1
6
7
8
10
11
13
18
19
23
4
9
10
13
14
15
16
21
22
25
3
8
9
10
11
12
13
18
19
20
5
8
9
12
14
16
17
20
21
24
8
11
12
13
16
18
20
23
24
25
4
9
11
14
15
16
18
23
25
26
5
9
10
13
14
15
16
20
21
24
1
4
5
8
10
12
13
16
17
20
5
10
11
12
13
14
15
20
21
22
1
6
7
9
12
13
14
19
20
22
1
4
5
9
12
14
16
19
20
22
8
13
14
15
16
18
19
24
25
27
6
11
12
14
15
17
19
24
25
27
4
9
10
11
12
13
14
19
20
21
7
10
11
12
14
16
18
21
22
26
0
5
8
10
13
14
15
20
23
25
5
8
9
12
16
18
19
22
23
26
0
5
6
7
9
10
12
17
18
19
1
6
7
8
10
12
13
18
19
20
28
