time_cost:4344ms
ontime_proportion:0.833333
max_delay:5
avg_delay:0.500000
avg_flowtime:22.666667
object function value:1422.222222
0
0
0
0
0
0
1
7
13
16
18
0
0
0
0
0
0
0
0
1
3
0
1
4
6
8
10
11
15
18
20
0
0
0
0
0
1
7
16
17
20
0
1
2
5
6
7
9
16
17
20
0
0
0
0
0
0
0
0
0
0
0
0
0
0
1
3
7
15
18
23
0
0
1
4
6
8
10
17
20
23
0
0
0
0
0
0
0
0
0
1
0
0
0
1
2
3
8
16
19
21
2
5
8
11
13
14
16
19
22
25
2
8
11
13
14
16
18
23
26
29
1
10
13
15
16
17
19
24
27
29
6
13
15
16
17
18
19
26
28
29
6
14
16
17
19
20
21
29
31
32
4
7
10
11
12
14
15
18
21
22
2
7
10
13
15
17
19
23
26
29
3
10
13
16
18
20
22
26
29
32
5
12
15
16
17
19
20
23
26
27
2
7
10
12
13
15
16
21
24
26
4
11
14
16
17
19
20
25
28
30
7
13
15
16
20
22
24
29
32
33
4
9
12
14
15
17
18
23
26
28
5
12
15
18
20
21
23
26
29
32
0
5
8
10
11
12
14
19
22
24
5
10
13
15
16
18
20
26
29
31
1
4
7
8
9
11
12
15
18
19
4
9
12
14
18
20
22
28
31
33
1
4
5
8
9
10
12
15
16
19
0
5
8
10
11
13
14
19
22
24
35
