time_cost:1033ms
ontime_proportion:0.966667
max_delay:1
avg_delay:0.033333
avg_flowtime:18.900000
object function value:-36.666667
0
0
0
0
0
0
0
6
10
14
16
0
0
0
0
0
0
0
2
3
4
0
0
0
2
4
6
7
10
12
15
0
0
0
0
0
0
0
0
0
19
0
0
0
0
0
0
0
0
0
0
0
0
0
1
2
3
9
13
14
15
0
0
0
3
5
6
7
12
13
14
0
3
4
5
7
9
10
14
15
27
0
0
0
0
0
0
0
0
0
3
0
0
1
2
3
4
9
12
13
14
1
6
7
10
11
12
13
18
19
24
3
6
7
8
9
10
11
14
15
16
2
5
7
12
14
16
17
20
22
25
9
13
14
15
17
19
21
25
26
27
5
9
10
12
16
18
20
24
25
27
8
12
13
17
19
21
22
26
27
29
0
3
4
5
6
7
8
11
12
13
1
5
6
7
9
11
12
16
17
21
5
8
9
10
11
12
13
16
17
18
2
7
8
11
12
13
14
19
20
23
4
9
10
11
13
14
15
20
21
22
4
9
11
12
14
16
17
22
24
25
4
8
10
12
14
16
17
21
23
25
6
10
11
14
15
16
18
22
23
24
5
9
12
14
18
20
21
25
27
29
2
6
10
12
16
18
19
23
25
27
7
11
12
14
16
17
19
23
24
25
4
8
9
10
11
12
14
18
19
20
4
7
10
14
16
18
20
23
26
28
2
5
7
10
12
14
15
18
20
23
31
