time_cost:6215ms
ontime_proportion:0.833333
max_delay:6
avg_delay:0.666667
avg_flowtime:20.466667
object function value:1348.888889
0
0
0
0
0
1
2
7
13
16
18
0
0
0
0
0
0
0
0
0
3
0
0
0
0
0
0
0
14
17
19
0
0
0
0
0
0
0
0
0
0
0
0
0
0
0
0
0
0
0
0
0
2
5
7
8
10
11
17
20
22
0
0
0
0
0
0
0
0
0
1
0
0
0
0
0
0
0
15
18
20
0
0
0
0
0
0
0
0
0
2
0
0
0
0
0
0
0
0
0
1
5
8
11
12
14
16
17
20
23
24
5
9
12
15
17
19
21
25
28
31
2
7
10
12
13
16
18
23
26
28
0
5
8
10
11
21
23
28
31
33
5
8
9
12
13
14
16
19
20
23
0
3
6
9
11
12
14
17
20
23
5
10
13
15
16
18
19
24
27
29
8
14
17
19
20
24
25
30
33
35
4
12
14
19
20
21
22
27
29
30
5
11
14
17
19
20
22
25
28
31
5
8
11
14
16
17
19
22
25
28
1
4
5
8
9
10
12
15
16
20
3
12
15
17
18
23
25
30
33
35
4
9
12
14
15
17
19
24
27
29
0
4
7
10
12
14
16
20
23
26
5
10
12
13
14
15
16
21
23
25
8
12
14
15
17
22
24
28
30
33
2
5
8
11
13
14
16
19
22
25
5
11
14
17
19
21
22
25
28
30
1
5
7
8
10
11
13
17
19
20
36
