time_cost:4592ms
ontime_proportion:0.733333
max_delay:10
avg_delay:1.533333
avg_flowtime:21.266667
object function value:2375.555556
0
0
0
0
0
0
0
0
0
1
3
0
0
0
0
0
0
0
0
0
0
0
0
0
0
0
0
0
0
0
0
0
0
0
0
0
0
0
0
3
6
0
0
0
0
0
0
0
0
2
5
0
0
0
0
0
0
0
0
0
0
0
0
0
0
0
0
0
0
0
2
0
0
0
0
0
2
6
12
15
17
0
0
0
0
1
3
10
19
21
23
0
3
6
8
10
12
14
19
22
24
2
11
14
16
18
19
20
27
30
33
3
6
8
10
11
12
13
17
20
22
1
10
13
16
17
18
19
24
27
29
6
11
15
17
19
21
23
27
30
32
10
17
20
23
24
25
27
33
36
39
4
8
11
15
17
19
21
25
28
30
1
4
7
10
12
13
15
18
21
24
8
14
17
20
23
25
27
32
35
38
0
8
11
12
13
15
16
21
24
25
4
9
12
15
16
17
19
24
27
30
4
10
13
16
18
19
21
26
29
32
3
9
12
15
16
18
20
25
28
31
9
16
19
20
22
24
25
30
33
34
7
13
16
19
21
22
24
28
31
34
2
7
9
10
11
13
14
19
21
22
4
7
10
13
15
16
18
21
24
27
1
6
9
12
13
15
17
22
25
28
2
7
10
13
14
15
17
22
25
28
6
14
17
20
21
23
25
30
33
36
5
12
14
15
16
18
19
24
26
27
40
