time_cost:58435ms
ontime_proportion:0.933333
max_delay:1
avg_delay:0.066667
avg_flowtime:19.733333
object function value:324.444444
0
0
0
1
2
4
6
15
18
21
22
0
2
3
4
6
8
9
14
15
16
0
0
0
0
0
0
0
0
0
1
0
0
0
0
0
2
4
9
10
12
0
0
0
0
0
0
0
0
1
3
0
0
0
0
1
2
9
14
15
17
0
1
4
6
8
9
10
15
18
20
0
0
0
0
0
1
10
14
15
16
0
0
0
0
0
2
10
15
16
17
0
0
0
0
0
1
4
9
10
12
2
6
7
10
11
12
13
17
18
21
6
9
10
11
15
19
21
24
25
26
0
5
6
10
12
13
14
19
20
22
4
9
10
11
12
13
14
19
20
21
5
8
9
10
13
15
17
20
21
22
5
10
11
12
14
16
17
22
23
24
5
10
13
15
17
18
19
24
27
29
2
5
6
9
11
13
14
17
18
21
0
4
5
6
8
10
11
15
16
17
1
4
5
6
8
10
12
15
16
17
0
5
6
8
10
11
12
17
18
20
9
12
14
15
18
20
22
25
26
27
5
10
13
15
17
18
19
24
27
29
5
8
9
10
13
15
17
20
21
24
0
5
8
10
12
13
14
19
22
24
1
6
7
11
13
14
16
21
22
23
2
7
8
9
10
12
13
18
19
20
6
11
12
14
16
17
18
23
24
26
0
4
5
6
8
10
11
15
16
17
1
5
6
8
13
15
16
20
21
22
31
