time_cost:217ms
ontime_proportion:0.666667
max_delay:10
avg_delay:1.933333
avg_flowtime:22.500000
object function value:3083.333333
0
0
0
0
0
0
0
0
0
1
3
0
0
0
0
0
0
0
0
0
0
0
0
0
0
0
0
0
0
0
0
0
0
0
0
0
0
0
0
3
6
0
0
0
0
0
0
0
0
2
5
0
0
0
0
0
0
0
0
0
0
0
0
0
0
0
0
0
0
0
2
0
0
0
0
0
2
6
12
15
17
0
0
0
0
1
3
11
19
21
22
0
3
6
8
10
12
14
18
21
23
2
10
13
15
17
18
19
25
28
30
8
16
19
21
22
23
24
27
29
31
1
6
9
12
13
14
15
20
23
25
5
9
12
14
16
18
20
24
27
29
7
15
18
21
22
23
25
30
33
36
4
8
11
16
18
20
22
26
29
31
1
4
7
10
12
13
15
18
21
24
6
13
16
19
20
21
23
28
31
34
0
12
15
16
17
19
20
25
28
29
4
9
12
15
16
17
19
24
27
31
6
13
16
19
20
21
23
28
31
34
3
10
13
16
18
24
26
31
34
37
7
16
19
20
25
28
29
35
38
39
4
7
10
13
15
16
18
21
24
27
2
11
13
14
15
17
18
23
25
26
4
7
10
13
15
16
18
21
24
29
1
10
13
16
23
25
27
32
35
38
2
7
10
13
14
15
17
22
25
28
1
6
9
12
13
26
28
33
36
39
9
18
20
21
23
27
28
34
37
38
40
