time_cost:4712ms
ontime_proportion:0.833333
max_delay:3
avg_delay:0.266667
avg_flowtime:22.066667
object function value:1402.222222
0
0
0
0
0
0
0
0
0
0
3
0
0
0
0
0
0
0
0
0
2
0
0
0
0
0
0
0
0
0
2
0
0
0
0
1
3
9
17
20
22
0
1
3
6
8
10
11
15
17
20
0
0
0
0
0
1
6
12
15
16
0
0
2
3
4
6
7
12
15
17
0
0
0
0
0
0
5
11
14
17
0
0
0
3
4
6
8
14
17
20
0
5
8
11
12
13
15
20
23
26
1
6
9
10
11
13
14
19
22
23
2
8
11
13
16
17
18
23
26
31
3
9
12
15
18
20
22
28
31
34
5
11
13
14
18
20
21
26
28
29
5
8
9
10
13
15
16
19
20
21
2
8
11
12
16
18
19
24
27
30
7
12
15
16
20
22
23
28
31
32
0
3
5
8
10
12
13
16
18
21
0
5
8
11
12
14
16
21
24
27
0
3
4
5
7
9
10
13
14
15
8
13
14
16
20
22
23
27
28
29
0
3
5
7
8
9
10
14
16
18
1
4
6
9
14
16
17
20
22
25
2
5
10
13
15
16
18
22
25
28
1
5
8
10
12
14
16
20
23
25
0
8
11
13
14
15
16
21
24
26
3
8
11
14
15
17
19
24
27
30
4
7
8
12
14
16
17
20
21
23
4
9
12
15
16
18
20
25
28
31
5
11
13
15
17
19
20
25
27
28
35
