time_cost:60988ms
ontime_proportion:0.900000
max_delay:3
avg_delay:0.200000
avg_flowtime:19.700000
object function value:656.666667
0
0
0
0
0
0
0
0
0
0
0
0
0
0
0
0
0
6
15
18
19
0
0
0
0
0
0
0
0
2
4
0
0
0
1
2
4
6
12
15
16
0
0
0
0
0
0
0
0
0
0
0
0
0
0
0
0
0
1
3
4
0
0
0
0
0
0
0
0
0
2
0
0
0
0
0
0
5
11
14
16
0
0
0
2
4
6
8
12
15
17
0
0
0
2
3
4
9
15
17
19
6
9
10
11
13
15
16
22
23
24
1
4
6
12
14
16
17
20
22
25
5
10
13
16
17
19
21
26
29
32
1
5
8
10
12
14
16
20
23
25
2
5
7
10
12
14
15
18
20
23
6
12
15
17
18
19
20
25
28
30
6
10
12
17
19
21
22
25
27
30
1
6
9
10
11
13
14
19
22
23
4
10
13
14
15
17
18
23
26
27
1
9
12
16
17
19
21
26
29
32
1
6
9
11
12
13
14
19
22
24
2
6
9
11
14
16
18
22
25
27
0
3
4
8
10
12
13
16
17
18
1
7
10
13
14
15
17
22
25
28
3
8
11
14
15
17
19
24
27
30
4
9
12
15
16
18
20
25
28
31
0
3
5
7
8
9
10
13
15
17
1
4
5
6
8
10
11
15
17
19
3
6
8
10
11
12
13
16
18
20
5
8
10
12
13
14
15
18
20
22
33
