time_cost:245ms
ontime_proportion:0.800000
max_delay:5
avg_delay:0.533333
avg_flowtime:21.966667
object function value:1732.222222
0
0
0
0
0
0
0
0
0
0
0
0
0
0
0
0
0
0
0
0
0
0
0
0
0
0
0
8
14
17
20
0
0
0
0
0
0
0
1
4
7
0
0
0
0
0
0
0
2
5
8
0
3
6
8
10
12
14
18
21
23
0
0
0
0
0
2
9
17
20
21
0
0
0
0
0
0
0
17
20
21
0
0
0
0
0
2
6
11
12
14
0
0
0
1
2
3
5
11
14
16
5
11
14
16
17
20
21
27
30
32
0
8
11
15
16
17
18
24
27
29
6
13
16
17
18
21
22
27
30
31
4
7
10
13
15
16
18
21
24
27
2
6
9
11
13
15
17
21
24
26
4
9
12
15
16
17
19
24
27
30
7
14
17
18
19
21
22
28
31
32
0
3
4
5
7
9
10
13
14
15
3
8
11
14
15
18
20
25
28
31
0
5
8
11
12
13
15
20
23
26
1
4
5
7
9
11
12
16
17
18
0
3
6
9
11
12
14
17
20
23
3
7
10
13
15
17
19
23
26
28
0
5
8
11
12
14
16
21
24
27
2
6
9
11
13
15
17
21
24
26
1
9
12
13
14
16
17
24
27
28
3
6
7
9
11
14
15
18
19
20
7
12
15
17
20
22
24
30
32
34
4
10
13
16
18
19
21
24
27
30
5
10
11
12
17
19
20
23
24
28
35
