time_cost:69797ms
ontime_proportion:1.000000
max_delay:0
avg_delay:0.000000
avg_flowtime:15.966667
object function value:-467.777778
0
0
0
0
0
0
0
0
0
0
0
0
0
0
0
1
3
6
10
11
15
0
0
0
0
0
0
3
8
9
10
0
0
0
0
0
0
0
0
1
2
0
0
0
0
0
0
0
0
0
3
0
0
0
0
1
3
7
12
14
15
0
0
0
0
0
0
0
0
1
3
0
0
0
0
0
0
0
0
0
0
0
0
0
0
0
0
7
11
12
14
0
0
0
0
0
0
0
0
0
0
0
4
5
6
8
10
11
15
16
17
3
7
8
9
11
13
14
18
19
20
4
8
10
13
15
17
18
21
23
26
0
5
6
7
9
10
11
16
17
18
3
7
8
9
10
11
13
17
18
19
0
4
5
6
7
8
10
14
15
16
0
4
6
8
10
12
13
17
19
21
1
4
5
6
7
8
9
12
13
14
1
6
8
9
10
12
13
18
20
21
4
8
9
11
13
15
17
21
22
26
0
3
4
5
6
7
8
11
12
13
2
6
7
9
11
13
15
19
20
22
5
10
11
12
14
15
16
21
22
23
4
7
10
12
15
17
19
22
25
28
5
9
10
13
16
18
20
24
25
27
6
11
13
14
15
17
18
23
25
26
1
5
6
7
8
9
11
15
16
17
5
9
10
11
13
15
16
20
21
22
5
10
12
13
14
16
17
22
24
25
7
12
13
14
17
18
19
24
25
26
30
