time_cost:173ms
ontime_proportion:0.933333
max_delay:2
avg_delay:0.100000
avg_flowtime:21.533333
object function value:384.444444
0
0
1
2
3
4
5
7
12
14
15
0
0
0
0
0
0
0
2
5
6
0
1
3
4
6
8
9
13
16
17
0
0
0
0
0
0
9
14
15
16
0
0
0
0
0
0
9
15
16
17
0
0
0
0
0
0
0
0
2
3
0
0
0
0
0
2
10
16
17
18
0
0
0
0
0
0
0
15
18
20
0
0
2
3
5
6
7
13
16
17
0
0
0
1
2
3
7
11
13
14
5
10
12
15
16
18
20
25
27
30
5
9
14
16
17
18
19
25
28
30
1
5
7
8
12
14
15
19
21
22
2
6
8
11
13
14
16
20
22
25
0
5
7
10
11
13
15
20
22
25
3
6
9
10
12
15
16
20
23
24
3
7
9
15
17
19
21
25
27
30
3
7
10
12
14
16
17
21
24
26
0
4
6
9
11
12
14
18
20
23
7
10
12
13
15
16
17
20
21
22
4
9
11
14
15
17
19
24
26
29
4
10
13
14
16
17
18
22
25
26
6
12
13
16
17
19
20
24
25
27
3
7
10
13
14
16
17
21
22
24
5
9
11
14
16
17
19
23
25
29
0
4
6
9
11
12
14
18
20
25
6
11
15
16
19
20
21
25
27
28
3
8
10
11
12
13
14
19
20
21
3
7
9
11
13
15
16
20
22
28
6
13
14
15
18
19
20
26
27
28
32
