time_cost:55871ms
ontime_proportion:0.900000
max_delay:4
avg_delay:0.266667
avg_flowtime:19.166667
object function value:638.888889
0
0
0
0
2
4
6
8
14
17
19
0
0
0
0
0
1
7
15
17
19
0
3
6
9
11
12
14
17
20
23
0
0
0
0
0
0
0
0
0
4
0
0
0
0
0
0
0
0
0
0
0
0
0
0
0
1
5
11
14
20
0
0
0
0
0
0
0
2
5
6
0
0
0
0
0
0
0
0
0
0
0
0
0
0
0
0
0
0
0
0
0
0
0
0
0
0
0
0
0
1
2
5
7
10
12
14
15
18
20
23
6
12
14
15
16
18
19
26
28
29
0
3
5
7
8
9
10
13
15
17
2
5
8
11
13
14
15
18
20
22
3
8
11
13
14
15
16
21
24
26
3
8
11
14
15
16
18
23
26
29
1
4
5
6
8
10
11
14
15
16
5
10
13
15
16
17
18
21
23
25
5
10
13
14
15
17
18
23
26
27
2
7
10
13
14
16
18
23
26
29
3
6
8
11
13
15
16
20
22
27
5
9
12
15
17
19
21
25
28
30
2
7
9
10
11
13
14
19
21
22
2
6
7
8
10
12
13
16
17
18
2
5
7
10
12
14
15
18
20
23
6
11
14
16
18
20
22
26
29
32
1
4
6
9
11
13
14
17
19
22
5
8
9
10
15
18
19
22
23
25
4
9
12
16
17
18
20
25
28
31
1
6
10
13
14
15
17
22
25
28
34
