time_cost:66068ms
ontime_proportion:0.933333
max_delay:3
avg_delay:0.166667
avg_flowtime:21.366667
object function value:378.888889
0
0
0
0
0
0
0
0
0
0
3
0
0
0
0
0
0
0
0
0
2
0
0
0
0
0
0
0
0
0
2
0
0
0
0
1
3
7
12
15
17
0
1
3
6
8
10
11
15
17
20
0
0
0
0
0
1
9
15
18
19
0
0
2
3
4
6
7
12
15
16
0
0
0
0
0
0
5
11
14
17
0
0
0
3
4
6
8
16
19
22
0
8
11
14
15
16
18
23
26
29
5
12
15
16
19
21
22
27
30
31
2
8
11
13
14
15
16
21
24
26
3
8
11
14
15
17
19
24
27
30
4
10
12
13
15
17
18
23
25
26
9
14
15
16
19
21
22
25
26
27
5
11
14
15
17
19
20
25
28
29
2
7
10
11
12
14
15
20
23
24
0
3
5
8
10
12
13
17
19
24
0
5
8
11
13
15
17
22
25
28
0
3
4
5
7
9
10
13
14
15
1
4
5
6
8
10
11
15
16
18
0
3
5
7
8
9
10
14
16
18
1
4
6
9
11
13
14
18
20
23
2
5
8
12
14
15
17
20
23
26
1
5
8
10
12
14
16
20
23
25
0
5
8
10
11
12
13
18
21
23
3
8
11
15
16
18
20
25
28
31
4
7
8
9
11
13
14
17
18
19
4
9
12
16
17
19
21
26
29
32
5
11
13
14
15
17
18
23
25
26
33
