time_cost:189ms
ontime_proportion:1.000000
max_delay:0
avg_delay:0.000000
avg_flowtime:17.400000
object function value:-420.000000
0
0
2
4
5
7
9
10
14
16
17
0
0
0
0
0
0
0
0
0
0
0
0
0
0
1
2
8
12
15
16
0
3
4
6
7
9
10
14
15
18
0
0
0
0
0
0
8
12
15
17
0
0
0
0
0
0
0
0
2
4
0
0
0
0
0
0
0
0
0
1
0
0
0
0
0
0
0
3
4
5
0
0
0
0
0
0
0
0
0
1
0
0
0
1
2
3
4
9
12
14
0
3
4
5
6
7
8
12
13
14
7
11
14
15
16
20
21
24
25
26
5
10
11
12
13
14
16
19
20
21
4
8
10
13
15
16
18
22
24
27
2
5
8
9
11
12
13
16
19
20
2
8
12
15
17
18
20
24
26
31
3
7
10
12
13
14
15
19
22
24
6
10
12
13
14
15
16
19
21
22
3
7
9
12
14
15
17
21
23
26
3
10
13
14
15
16
17
20
21
22
0
3
4
5
6
7
8
11
12
13
3
8
10
11
12
13
14
17
19
20
1
4
7
11
14
18
19
22
25
26
3
6
7
8
9
10
11
14
15
16
3
6
9
10
12
13
14
17
20
22
5
10
12
15
16
18
20
25
27
30
3
6
8
9
10
11
12
15
17
18
6
12
14
17
18
19
20
25
26
27
1
5
8
13
14
15
16
20
23
25
6
11
13
14
16
17
18
23
24
25
33
