time_cost:55848ms
ontime_proportion:0.966667
max_delay:2
avg_delay:0.066667
avg_flowtime:21.233333
object function value:41.111111
0
0
0
0
0
0
2
5
12
15
19
0
0
0
0
0
0
0
0
0
2
0
0
0
0
0
0
0
2
5
7
0
0
0
0
0
0
0
1
4
7
0
0
0
0
0
2
6
14
17
19
0
0
0
0
0
0
8
15
18
20
0
0
0
3
5
6
9
14
17
20
0
0
1
2
4
5
8
14
16
17
0
0
0
0
0
0
0
0
3
5
0
0
0
0
0
0
0
0
0
1
3
8
11
13
16
19
21
26
29
32
0
4
7
10
12
14
16
20
23
26
4
11
14
16
18
19
21
26
29
31
5
8
11
12
13
17
18
21
24
25
1
5
8
11
13
15
17
21
24
28
0
5
8
10
11
15
17
22
25
27
6
13
16
18
19
21
23
28
31
33
8
13
16
17
18
21
22
27
30
31
1
4
7
9
11
13
14
17
20
22
0
7
9
10
11
12
13
18
20
22
4
9
12
14
15
17
19
24
27
29
5
10
13
15
16
18
19
24
27
29
1
5
7
8
10
11
13
17
19
20
5
10
13
14
16
18
19
23
26
27
7
11
14
17
19
20
22
25
28
31
1
7
10
12
14
16
17
22
25
27
5
11
14
16
17
19
21
26
29
31
4
9
11
12
13
14
15
20
22
23
1
6
9
12
14
15
17
22
25
27
3
7
9
10
12
13
15
19
21
22
34
