time_cost:4231ms
ontime_proportion:0.966667
max_delay:1
avg_delay:0.033333
avg_flowtime:18.866667
object function value:-37.777778
0
0
0
0
1
2
3
7
10
12
14
0
0
0
0
0
0
0
0
0
0
0
0
0
0
0
0
6
11
13
23
0
0
0
0
0
0
0
0
1
2
0
0
2
4
6
8
10
13
16
18
0
0
0
0
1
2
9
12
14
15
0
3
4
7
8
9
10
15
16
19
0
0
0
0
0
1
8
13
15
16
0
0
0
0
0
0
0
0
0
0
0
0
0
0
0
0
0
2
5
7
4
7
9
12
14
16
17
20
22
25
4
8
10
12
14
16
17
21
25
27
0
5
6
7
9
10
11
16
17
18
5
10
11
14
15
16
17
22
23
26
2
7
8
11
12
13
14
19
20
23
2
5
7
16
18
20
21
24
26
31
0
4
5
6
8
10
11
15
16
18
2
6
7
8
9
10
12
16
17
18
4
9
11
12
13
15
16
21
23
24
0
3
5
8
10
12
13
16
18
21
7
12
13
14
16
17
18
23
24
25
4
7
8
9
10
11
12
15
16
17
3
8
9
10
12
14
15
19
20
29
3
7
8
9
10
11
13
17
18
19
7
11
12
13
16
17
18
21
22
23
7
11
12
14
18
20
22
26
27
29
2
7
8
11
12
13
14
19
20
24
7
11
13
15
17
19
20
24
26
28
5
10
12
13
14
16
17
22
24
25
5
9
11
14
16
18
19
23
24
27
33
