time_cost:204ms
ontime_proportion:0.766667
max_delay:7
avg_delay:1.033333
avg_flowtime:24.333333
object function value:2144.444444
0
0
0
0
0
0
0
0
0
0
1
0
0
0
0
0
1
9
19
22
23
0
0
1
4
6
8
9
18
20
23
0
0
0
0
0
0
0
1
4
6
0
0
0
0
0
0
0
0
0
3
0
0
0
0
1
3
5
11
14
17
0
2
7
10
12
15
17
27
30
33
0
0
0
0
1
2
9
31
34
36
0
1
4
7
9
10
12
15
18
21
0
0
0
0
0
0
1
5
8
10
6
13
16
19
21
22
24
28
31
34
1
8
11
13
14
15
16
21
24
26
7
16
19
20
21
24
25
31
34
35
6
12
15
17
19
21
23
28
31
33
6
11
14
16
18
19
20
25
28
30
1
6
9
12
13
14
16
21
24
27
0
3
5
8
10
12
13
16
18
21
5
10
13
16
17
19
20
26
29
31
2
11
13
14
18
20
21
27
29
30
4
9
12
15
16
17
19
24
27
30
3
8
11
14
15
17
19
24
27
30
0
5
8
10
11
12
13
18
21
23
2
7
10
12
13
14
15
20
23
25
2
7
10
13
14
16
18
23
26
29
1
4
6
8
9
10
11
14
17
19
1
5
8
12
16
18
20
24
27
29
4
10
13
14
17
19
20
25
28
29
3
9
11
14
16
18
19
22
24
27
0
3
6
9
11
12
14
17
20
23
1
6
14
17
19
23
25
30
33
36
37
