time_cost:191ms
ontime_proportion:0.833333
max_delay:5
avg_delay:0.433333
avg_flowtime:21.733333
object function value:1391.111111
0
0
0
0
0
0
2
10
16
19
21
0
0
0
0
0
0
9
16
19
22
0
3
4
5
7
9
10
13
14
17
0
0
0
0
0
0
0
0
3
6
0
0
0
0
0
0
0
0
0
1
0
0
0
0
0
2
6
11
12
13
0
1
3
6
8
10
11
14
16
19
0
0
0
0
0
0
0
0
0
0
0
0
0
0
0
1
6
11
13
14
0
0
3
4
5
7
8
14
17
18
1
9
12
15
17
19
21
26
29
32
4
9
12
15
16
18
20
25
28
31
6
12
15
16
19
21
22
28
30
31
8
14
16
19
21
23
24
29
31
34
6
13
16
18
20
21
22
29
32
34
5
10
13
16
17
19
21
26
29
32
1
6
9
11
12
13
14
19
22
24
3
6
9
14
16
17
19
22
25
28
1
4
6
8
9
10
11
14
16
18
0
3
6
9
11
12
14
17
20
23
4
7
8
9
11
13
14
17
18
19
5
10
11
12
14
16
17
20
21
22
0
8
11
14
15
17
19
24
27
30
1
4
7
10
12
13
15
18
21
24
2
7
10
11
12
14
15
20
23
24
3
8
11
12
13
15
16
21
24
25
1
4
7
12
14
15
17
20
23
26
3
11
14
15
18
20
21
26
29
30
1
7
10
13
15
16
18
23
26
29
3
6
7
11
13
15
16
19
20
21
36
