time_cost:226ms
ontime_proportion:1.000000
max_delay:0
avg_delay:0.000000
avg_flowtime:18.400000
object function value:-386.666667
0
0
0
0
0
0
0
0
0
0
0
0
0
0
0
0
2
6
11
13
16
0
0
0
0
0
0
0
4
6
7
0
3
5
8
10
11
13
17
19
22
0
0
0
0
0
0
0
0
1
2
0
0
0
1
2
3
6
10
15
17
0
0
1
2
3
4
8
11
12
14
0
3
5
6
7
8
9
12
14
15
0
0
0
0
0
1
9
12
13
15
0
0
1
4
6
7
9
13
15
19
3
7
8
9
10
13
15
18
19
20
5
8
9
10
11
12
13
16
17
18
7
11
12
14
16
17
18
22
23
24
3
7
9
10
12
14
15
19
21
22
7
11
12
14
17
18
19
23
24
25
2
6
8
12
14
16
17
21
23
26
5
8
10
11
12
15
16
19
21
22
5
9
11
12
14
16
17
21
23
24
1
5
7
10
12
13
15
19
21
24
2
6
8
11
13
14
16
20
24
27
1
6
7
8
9
10
11
16
17
18
2
7
8
9
10
11
12
17
18
19
5
9
11
12
14
16
17
21
23
26
6
9
10
11
13
17
19
22
23
24
0
4
5
7
8
10
11
15
16
18
6
11
12
14
17
19
20
24
25
27
5
10
11
12
16
17
18
23
24
25
3
8
10
13
14
16
18
23
25
28
0
4
7
9
10
11
12
16
19
21
0
3
4
5
6
7
8
13
14
15
29
