time_cost:329ms
ontime_proportion:0.933333
max_delay:4
avg_delay:0.200000
avg_flowtime:17.900000
object function value:263.333333
0
0
0
0
0
0
1
2
5
6
8
0
0
0
0
0
0
1
4
5
6
0
0
0
0
0
0
0
1
2
3
0
3
5
6
8
10
11
15
17
21
0
0
0
0
0
0
0
0
1
2
0
0
0
0
0
0
0
4
7
9
0
0
0
0
0
0
0
0
0
1
0
0
0
0
2
4
11
15
17
23
0
2
4
5
7
9
10
15
17
18
0
0
0
0
0
0
0
0
0
0
8
12
14
15
17
19
20
24
26
27
7
11
13
16
18
19
21
25
27
30
5
9
11
16
18
19
21
25
27
30
4
8
11
13
14
15
16
20
23
25
6
10
13
15
16
17
18
22
25
27
1
5
6
8
10
12
13
18
19
21
8
13
15
16
17
18
19
22
24
25
9
14
16
18
19
22
24
27
28
29
2
5
8
9
11
12
13
16
19
20
4
7
9
10
12
13
14
17
19
20
4
7
8
9
10
11
12
15
16
17
2
6
9
11
12
13
14
18
21
23
0
4
6
7
9
11
12
16
18
19
3
7
11
14
16
20
22
26
28
32
4
8
10
13
15
16
18
22
24
27
5
9
12
13
14
15
17
20
21
22
0
5
6
8
9
10
11
16
18
19
5
9
10
12
13
15
16
20
21
23
0
3
4
7
8
9
10
13
14
17
7
13
15
18
19
21
23
28
30
33
34
