time_cost:42779ms
ontime_proportion:1.000000
max_delay:0
avg_delay:0.000000
avg_flowtime:21.200000
object function value:-293.333333
0
0
1
4
6
7
9
11
17
20
22
0
1
3
4
5
6
7
12
14
15
0
0
0
0
0
0
0
0
0
1
0
0
0
0
0
0
0
0
0
0
0
0
0
0
1
2
9
15
18
21
0
0
1
3
4
6
8
13
16
18
0
0
0
0
0
0
0
0
2
3
0
0
0
0
0
0
0
0
2
5
0
2
3
6
7
8
10
13
14
17
0
0
0
0
0
2
10
16
19
20
6
11
14
17
19
21
23
27
30
33
8
13
16
18
19
20
22
27
30
32
2
5
6
9
10
11
13
16
17
20
9
17
19
20
22
24
25
30
32
35
6
12
15
18
20
22
24
28
31
34
3
8
10
11
12
13
14
19
21
22
4
7
8
11
12
13
15
18
19
22
1
6
9
11
12
13
15
20
23
26
9
14
17
20
21
23
25
30
33
35
1
4
5
8
9
10
12
16
20
23
5
9
11
12
14
15
17
21
23
24
4
9
12
14
15
17
18
23
26
28
4
7
10
12
14
16
17
20
23
25
1
5
7
8
10
11
13
17
19
20
0
3
6
9
11
12
14
19
22
25
1
6
9
11
12
14
15
20
23
25
4
8
11
14
15
16
18
21
22
25
1
5
8
12
14
16
18
22
25
28
3
6
11
15
17
18
20
23
26
29
4
10
13
15
16
18
20
25
28
30
36
