time_cost:62844ms
ontime_proportion:1.000000
max_delay:0
avg_delay:0.000000
avg_flowtime:17.166667
object function value:-427.777778
0
0
0
0
0
0
0
0
0
0
0
0
0
1
4
6
8
9
12
14
17
0
4
5
7
9
11
13
17
18
20
0
0
0
0
1
2
4
8
9
10
0
0
0
0
0
0
4
8
9
10
0
0
0
0
0
0
0
0
0
0
0
0
0
2
4
6
7
11
13
17
0
0
0
0
0
0
0
0
1
2
0
0
1
2
3
4
9
13
14
15
0
0
0
0
0
0
0
0
1
3
5
9
10
11
12
13
15
19
20
21
6
11
13
14
15
17
18
23
25
26
7
10
12
15
17
19
20
23
25
28
5
10
11
12
14
15
16
21
22
23
6
10
12
14
16
18
19
23
25
27
1
4
6
10
12
14
15
18
20
23
2
5
6
7
8
9
10
13
14
15
4
7
8
9
11
13
14
17
18
19
3
6
8
12
14
16
17
20
22
25
0
4
6
8
11
13
14
18
20
22
5
9
10
14
16
18
20
24
25
27
2
6
7
8
10
12
13
17
18
19
0
5
8
9
10
12
13
18
20
21
2
5
6
8
9
10
11
14
15
16
10
14
15
16
19
20
22
26
27
28
3
8
10
11
13
15
16
21
23
24
3
8
9
12
13
14
15
20
21
24
8
13
15
16
18
20
21
26
28
29
0
4
5
6
7
8
10
14
15
16
0
6
7
9
10
11
13
17
18
19
30
