time_cost:103ms
ontime_proportion:0.966667
max_delay:1
avg_delay:0.033333
avg_flowtime:19.366667
object function value:-21.111111
0
0
0
0
0
1
3
9
12
13
16
0
1
2
3
4
5
7
12
13
14
0
0
0
0
0
1
11
14
15
16
0
0
0
0
2
3
9
14
17
19
0
0
0
1
3
5
9
14
16
18
0
0
0
0
1
2
7
12
13
15
0
0
0
0
0
0
0
2
3
6
0
0
0
0
0
0
0
0
0
1
0
0
0
0
0
0
0
4
5
6
0
0
0
0
0
0
0
0
0
1
4
7
8
11
15
17
18
21
22
25
4
8
9
10
12
14
15
19
20
22
4
8
9
10
14
16
17
21
22
23
6
11
12
13
17
18
20
25
26
27
1
4
5
8
10
12
13
16
17
20
5
9
10
12
17
19
20
24
25
27
4
9
10
11
12
13
14
19
20
21
2
8
11
12
13
14
15
20
21
22
8
13
14
16
19
21
23
28
29
30
1
6
7
14
19
20
21
26
27
29
4
9
12
14
16
17
18
23
26
28
4
9
10
11
13
15
16
21
22
25
2
7
8
12
14
15
16
21
22
24
2
5
6
12
15
17
18
21
22
25
1
4
5
6
8
10
12
15
16
17
7
10
11
12
15
17
19
22
24
25
8
12
13
16
18
20
21
25
26
29
2
7
8
10
12
13
14
19
20
22
6
11
12
13
17
18
19
24
25
26
2
6
10
13
14
15
16
20
21
24
32
