time_cost:237ms
ontime_proportion:0.933333
max_delay:1
avg_delay:0.066667
avg_flowtime:18.166667
object function value:272.222222
0
0
0
0
0
0
0
0
0
0
2
0
0
0
0
0
0
0
0
0
0
0
1
2
3
4
5
10
13
15
16
0
1
2
3
4
5
7
10
11
13
0
0
0
1
2
3
4
9
10
11
0
0
0
0
0
0
0
0
0
1
0
0
1
2
3
4
14
19
20
21
0
0
3
5
6
7
10
14
17
19
0
0
1
2
3
4
6
9
11
15
0
0
0
0
1
2
3
6
8
9
1
6
7
8
9
10
11
17
18
19
1
6
8
11
12
14
16
21
23
26
6
10
11
13
14
16
17
21
22
24
10
14
15
17
19
21
22
26
27
29
3
6
9
10
12
13
14
17
20
21
0
5
6
7
8
9
10
15
16
17
7
11
13
14
16
17
19
22
23
24
2
6
8
9
11
13
14
18
20
21
2
8
12
15
17
19
21
26
28
31
4
7
8
9
10
11
13
16
17
18
0
3
4
5
6
7
8
11
12
15
7
12
13
15
17
19
20
24
25
27
3
8
10
13
14
16
18
23
25
28
6
10
12
13
15
17
18
22
24
25
0
3
6
7
9
10
11
14
17
18
5
10
11
12
13
14
15
20
21
22
1
5
7
10
12
13
15
19
21
24
7
11
14
16
19
20
21
25
28
30
10
15
16
17
20
21
22
27
29
30
2
7
9
12
13
15
17
22
24
27
32
