time_cost:56181ms
ontime_proportion:1.000000
max_delay:0
avg_delay:0.000000
avg_flowtime:20.066667
object function value:-331.111111
0
0
0
0
0
0
0
0
1
4
6
0
0
0
0
0
0
0
0
0
2
0
0
0
0
0
1
5
12
14
16
0
0
0
0
0
0
0
0
0
1
0
0
0
0
0
0
0
0
0
0
0
0
0
0
2
3
7
13
16
19
0
0
0
0
0
0
8
16
19
21
0
0
1
3
4
5
7
13
16
18
0
0
0
0
0
0
0
0
0
0
0
0
0
0
0
0
1
10
13
16
3
8
10
11
12
13
14
19
21
22
6
12
15
18
20
21
23
26
29
32
0
3
6
7
8
10
11
14
17
18
0
4
6
7
10
11
13
17
19
20
4
12
14
15
17
18
20
24
26
27
4
9
12
15
17
19
21
25
28
31
2
7
9
10
11
12
13
18
20
22
5
10
13
15
16
17
19
24
27
29
1
5
10
14
16
18
20
27
30
33
0
5
7
8
9
10
11
16
18
19
1
6
9
11
12
14
16
21
24
26
1
4
7
10
13
14
16
19
22
25
3
8
10
11
12
13
14
19
21
22
8
14
16
17
18
19
20
25
27
28
4
9
12
14
15
17
18
23
26
28
1
6
9
11
12
14
16
21
24
26
8
12
14
17
18
20
22
28
31
34
5
9
12
14
16
18
19
22
25
29
2
6
9
12
14
16
17
20
23
25
4
9
12
14
15
16
18
23
26
28
35
