time_cost:4462ms
ontime_proportion:1.000000
max_delay:0
avg_delay:0.000000
avg_flowtime:19.133333
object function value:-362.222222
0
0
0
0
0
3
5
10
13
14
17
0
1
2
3
4
5
7
12
13
15
0
0
0
0
0
1
10
13
14
15
0
0
0
0
2
3
9
14
17
19
0
0
0
1
2
4
9
14
15
19
0
0
0
0
1
2
7
12
13
14
0
0
0
0
0
0
0
2
3
6
0
0
0
0
0
0
0
0
0
1
0
0
0
0
0
0
0
4
5
6
0
0
0
0
0
0
0
0
0
1
4
7
8
11
14
16
17
20
22
25
9
13
14
15
19
21
22
26
27
28
6
10
11
14
17
19
20
24
25
26
6
11
12
18
20
21
23
28
29
30
1
4
5
8
10
12
13
16
17
20
2
6
7
8
10
12
13
17
18
19
4
9
11
12
13
14
15
20
21
22
6
11
12
13
15
16
19
24
25
26
5
10
11
12
14
15
17
22
23
24
1
6
7
16
18
19
20
25
26
28
4
9
12
14
16
17
18
23
26
28
4
9
10
13
15
17
18
23
24
27
2
7
10
14
16
17
18
23
24
26
2
5
6
9
11
13
14
17
18
21
1
4
5
6
8
10
12
15
16
17
5
8
9
10
12
14
16
19
20
21
5
9
10
13
14
15
16
20
21
24
2
7
8
10
12
13
14
19
20
22
0
5
6
7
8
9
10
15
16
17
2
6
10
13
14
15
16
20
21
26
32
