time_cost:6274ms
ontime_proportion:0.966667
max_delay:1
avg_delay:0.033333
avg_flowtime:18.400000
object function value:-53.333333
0
0
0
0
0
0
0
0
0
2
4
0
0
0
0
0
0
0
0
0
1
0
0
0
0
0
1
12
17
20
22
0
0
0
0
0
0
6
11
12
18
0
0
0
0
0
0
0
0
0
0
0
0
0
0
0
0
0
3
4
7
0
0
0
0
0
0
10
15
16
19
0
0
0
0
0
0
0
1
2
3
0
0
0
0
0
0
14
17
18
19
0
0
0
0
0
0
0
0
1
2
7
12
13
15
17
20
22
27
28
30
9
12
13
16
20
22
23
26
27
31
0
3
4
5
7
9
12
15
16
17
2
7
10
12
14
15
16
21
24
26
2
5
6
7
9
11
13
16
17
18
2
6
7
10
11
12
13
17
18
21
5
10
12
13
17
19
20
25
26
28
2
7
9
10
12
14
15
19
20
21
1
6
7
9
11
12
13
18
19
21
5
10
11
12
15
18
20
25
26
27
0
5
6
7
8
9
10
15
16
17
4
9
10
12
14
15
16
21
22
24
1
6
7
8
9
10
11
16
17
18
4
9
12
14
16
17
18
23
26
28
9
14
15
16
19
21
23
28
29
30
8
13
14
16
19
20
21
26
27
30
6
9
10
11
13
15
17
20
21
22
3
8
9
14
16
17
18
23
24
26
5
9
10
13
14
15
16
20
21
24
4
7
8
14
16
18
19
22
23
26
33
