time_cost:229ms
ontime_proportion:1.000000
max_delay:0
avg_delay:0.000000
avg_flowtime:15.133333
object function value:-495.555556
0
0
0
1
2
4
5
7
11
14
15
0
0
0
0
0
0
0
0
1
3
0
0
0
0
2
3
7
10
13
16
0
0
0
1
2
3
7
12
13
14
0
0
0
0
0
0
0
0
0
1
0
0
0
0
0
0
0
0
1
2
0
0
0
0
0
0
0
0
3
4
0
0
0
0
0
0
0
1
2
3
0
0
0
0
0
0
0
0
0
2
0
0
0
0
0
0
0
0
0
0
0
3
4
6
7
9
11
14
15
17
0
3
5
7
8
9
10
13
15
16
3
7
10
12
13
14
15
19
22
24
4
9
11
14
15
17
19
24
26
29
3
7
8
10
11
13
14
18
19
21
3
7
8
10
11
13
14
18
19
21
3
6
7
8
9
10
11
14
15
16
5
8
11
12
14
15
16
19
22
23
5
10
13
15
16
17
18
22
25
27
2
7
9
12
13
15
17
22
24
27
2
5
7
8
9
10
11
14
16
17
0
3
4
5
6
7
9
12
13
14
5
9
10
11
12
13
15
18
19
20
0
3
5
6
7
8
9
12
14
15
6
10
11
12
13
14
15
18
19
20
5
8
9
10
11
12
13
16
17
18
3
7
10
13
14
15
16
20
23
25
3
8
10
11
12
13
14
17
19
20
2
5
8
14
16
17
18
21
24
25
6
11
12
13
14
15
16
22
23
24
30
