time_cost:3943ms
ontime_proportion:0.833333
max_delay:2
avg_delay:0.266667
avg_flowtime:19.833333
object function value:1327.777778
0
0
0
0
0
0
0
0
0
0
0
0
0
0
0
0
1
6
10
11
13
0
0
0
0
0
1
6
11
12
15
0
0
1
4
5
6
10
15
16
19
0
4
5
8
9
10
11
16
17
20
0
0
0
0
2
4
8
12
14
16
0
0
0
0
0
0
0
0
0
0
0
2
4
7
10
12
13
16
18
21
0
0
0
1
2
4
5
10
12
13
0
0
0
0
0
0
0
0
0
2
6
10
13
14
19
20
21
24
26
27
3
6
11
13
16
20
22
25
28
30
3
8
9
12
13
14
15
20
21
24
2
5
7
10
12
14
15
18
20
23
1
4
7
12
14
16
18
21
24
26
2
5
8
10
12
14
16
19
22
24
2
7
8
9
10
11
13
17
18
19
3
6
8
15
17
19
20
23
25
28
0
3
4
5
6
7
9
12
15
16
2
7
9
10
16
17
18
23
24
25
5
9
10
12
14
16
18
22
23
25
5
8
10
13
15
17
18
21
23
26
6
10
13
17
20
22
23
27
28
30
3
6
7
8
9
10
11
14
15
17
4
9
13
14
19
21
22
27
30
31
8
12
14
15
21
22
24
28
29
30
1
4
5
6
7
8
9
13
15
18
8
11
14
15
22
23
24
28
29
30
3
9
12
13
18
19
20
25
26
27
4
8
10
12
14
16
17
21
23
25
32
