time_cost:66517ms
ontime_proportion:0.900000
max_delay:4
avg_delay:0.233333
avg_flowtime:21.700000
object function value:723.333333
0
0
0
0
0
0
0
0
0
0
2
0
0
2
5
7
8
10
15
18
21
0
0
0
0
1
3
9
15
18
21
0
0
0
0
0
0
0
1
4
7
0
0
0
0
0
0
0
0
0
1
0
0
0
0
2
3
7
13
16
19
0
0
0
0
0
0
9
16
19
22
0
0
0
0
0
2
9
14
17
19
0
0
0
0
0
1
7
13
16
19
0
0
0
0
0
0
0
0
0
0
3
7
10
12
14
16
18
22
25
28
2
5
8
11
13
14
16
19
22
25
3
8
11
14
15
18
20
25
28
31
6
12
15
18
20
21
23
26
29
32
4
7
10
13
17
18
20
26
29
32
6
13
15
16
19
21
22
27
29
30
3
8
11
13
14
15
16
19
21
23
6
12
15
18
19
20
22
27
30
33
0
3
4
5
7
9
10
15
16
17
1
4
6
8
9
10
11
17
19
21
5
11
14
15
17
19
20
25
27
28
2
6
9
11
13
15
17
21
24
26
1
6
9
11
12
13
14
19
22
24
4
9
12
15
16
17
19
24
27
30
5
10
13
15
16
17
18
23
26
28
5
10
12
13
14
16
17
22
24
25
0
5
8
11
12
13
15
20
23
27
7
12
14
16
17
19
20
24
26
28
4
9
13
14
15
17
18
23
26
28
2
10
13
16
17
20
22
27
30
33
34
