time_cost:4645ms
ontime_proportion:0.800000
max_delay:4
avg_delay:0.466667
avg_flowtime:21.566667
object function value:1718.888889
0
0
0
0
0
0
2
9
16
19
24
0
0
0
0
0
0
0
0
0
2
0
0
0
0
0
0
0
2
5
7
0
0
0
0
0
0
0
1
4
7
0
0
0
0
0
2
5
13
16
18
0
0
0
0
0
0
6
13
16
20
0
0
0
3
5
6
8
14
17
20
0
0
1
2
4
5
7
14
16
17
0
0
0
0
0
0
0
0
3
5
0
0
0
0
0
0
0
0
0
1
4
10
13
15
16
18
20
25
28
31
0
4
7
10
12
14
16
23
26
29
5
12
15
17
18
20
22
27
30
32
5
8
11
12
13
15
16
19
22
23
1
7
10
13
17
19
21
26
29
32
0
5
8
10
11
13
15
22
25
27
2
7
12
14
15
17
19
24
27
29
1
4
7
8
9
11
12
15
18
19
1
4
7
9
11
13
14
17
20
22
4
10
12
13
15
16
17
22
24
25
4
10
13
15
16
17
19
24
27
29
6
11
14
16
18
20
21
27
30
32
1
5
7
8
10
11
13
17
19
20
2
7
10
11
14
16
17
20
23
24
3
6
9
12
14
15
17
20
23
26
1
7
10
12
13
15
16
21
24
26
5
10
13
15
16
18
20
25
28
30
4
9
11
12
13
14
15
20
22
23
1
11
14
16
17
19
21
26
29
31
6
13
15
16
18
21
23
28
30
31
34
