time_cost:290ms
ontime_proportion:0.833333
max_delay:4
avg_delay:0.466667
avg_flowtime:20.033333
object function value:1334.444444
0
0
0
0
0
0
0
16
21
30
33
0
0
0
0
1
3
4
8
9
11
0
0
0
1
2
3
13
17
19
20
0
0
0
0
0
0
0
0
3
7
0
0
1
2
3
4
5
8
9
10
0
0
0
0
0
0
11
16
17
18
0
0
0
0
0
1
3
7
8
10
0
0
0
0
0
0
3
8
10
13
0
0
0
0
0
0
9
14
17
18
0
0
0
2
3
5
11
18
20
23
5
9
13
15
16
17
18
22
25
27
0
4
5
8
9
10
12
15
16
17
7
12
14
17
18
20
22
27
29
32
3
8
10
13
14
18
20
25
27
30
0
3
4
5
6
7
8
11
12
13
0
3
4
5
6
7
8
11
12
13
8
13
16
17
20
22
23
28
31
32
0
3
4
6
7
8
9
12
13
14
3
6
8
9
10
11
12
15
17
18
2
5
6
7
8
9
16
19
20
23
7
14
16
18
20
22
23
28
32
33
0
4
6
9
11
12
14
18
20
23
3
10
12
13
16
18
19
23
25
26
8
12
15
16
19
21
22
25
28
29
0
4
6
7
9
11
12
17
19
20
4
8
10
13
15
16
18
22
24
27
6
11
13
16
17
19
21
26
28
31
4
7
9
10
11
12
13
16
18
19
2
5
6
7
8
9
10
13
14
15
1
4
5
6
7
8
15
19
20
22
34
