time_cost:4881ms
ontime_proportion:0.766667
max_delay:4
avg_delay:0.566667
avg_flowtime:22.100000
object function value:2070.000000
0
0
0
0
0
0
0
0
0
0
1
0
0
2
5
7
8
10
13
16
19
0
0
0
0
1
3
6
13
16
19
0
0
0
0
0
0
0
1
4
7
0
0
0
0
0
0
0
0
0
1
0
0
0
0
2
3
7
13
16
20
0
0
0
0
0
0
9
16
19
22
0
0
0
0
0
2
8
16
19
21
0
0
0
0
0
1
7
13
16
19
0
0
0
0
0
0
0
0
0
0
3
7
10
13
17
19
21
25
28
30
2
5
8
11
13
14
16
19
22
25
3
8
11
14
15
17
19
24
27
30
5
10
13
16
18
19
21
26
29
32
4
7
10
13
15
16
18
21
24
27
0
5
7
8
9
11
12
17
19
20
5
11
14
16
19
21
22
28
30
32
1
6
9
12
13
14
16
21
24
27
0
3
4
5
7
9
10
17
18
19
1
4
6
8
9
10
11
15
18
20
5
11
14
15
19
21
22
27
30
31
2
6
9
11
13
18
20
25
28
30
1
9
12
14
16
17
18
24
27
29
6
12
15
18
19
20
22
27
30
33
5
10
13
15
16
17
18
23
26
28
6
12
14
15
16
18
19
24
26
27
0
5
8
11
12
13
15
20
23
26
7
14
16
18
19
21
22
28
30
32
4
9
12
13
14
16
17
22
25
26
2
8
11
15
17
19
21
26
29
32
34
