time_cost:197ms
ontime_proportion:0.700000
max_delay:7
avg_delay:1.200000
avg_flowtime:24.466667
object function value:2815.555556
0
0
0
0
0
0
0
0
0
0
1
0
2
5
7
9
11
13
17
20
22
0
0
0
0
0
0
0
4
7
9
0
0
0
3
4
5
9
24
27
30
0
0
0
0
0
0
7
19
26
29
0
0
1
4
6
8
9
14
16
19
0
0
0
0
0
0
0
0
2
5
0
0
0
0
0
0
7
15
18
21
0
0
0
0
0
1
10
27
30
33
0
0
0
0
0
0
0
0
1
3
3
10
12
14
16
18
19
22
24
26
7
13
15
18
20
22
23
26
27
28
1
4
6
9
11
13
14
17
19
22
1
9
12
15
17
19
21
26
29
32
2
7
10
13
14
16
18
23
26
29
4
9
12
15
16
17
19
24
31
34
6
12
15
17
18
19
20
27
30
32
5
11
14
16
17
20
21
27
30
31
7
13
16
17
19
22
23
29
32
33
4
7
9
12
16
18
19
22
24
27
4
7
10
13
15
16
18
21
24
27
0
3
5
8
10
12
13
18
21
24
4
10
13
16
18
19
21
24
27
30
3
7
10
12
14
16
18
24
27
30
1
4
7
11
13
14
16
19
22
25
4
10
13
16
18
20
22
30
33
36
0
5
7
8
9
11
12
17
19
21
6
12
15
18
20
21
23
30
33
36
5
12
15
16
19
21
22
27
30
31
3
8
11
14
15
18
20
27
30
34
37
