time_cost:55262ms
ontime_proportion:0.966667
max_delay:6
avg_delay:0.200000
avg_flowtime:22.566667
object function value:85.555556
0
0
0
0
0
0
0
1
4
5
6
0
0
3
5
7
9
11
17
20
22
0
0
0
0
0
0
0
0
0
1
0
0
0
0
0
0
6
14
18
21
0
3
6
13
15
19
21
28
31
34
0
2
3
4
6
8
9
17
19
20
0
0
0
0
0
0
0
3
7
8
0
0
0
0
1
2
8
16
19
21
0
0
0
0
1
2
8
18
21
24
0
0
1
4
5
7
9
14
17
20
4
9
12
14
15
16
17
22
25
27
2
7
10
11
12
14
15
20
23
24
4
7
9
11
12
13
14
17
20
22
5
11
14
16
17
19
20
25
28
29
3
11
14
17
19
20
22
25
28
31
5
10
13
15
16
17
18
23
26
28
5
12
15
16
17
19
20
25
28
29
2
5
6
7
9
11
12
15
16
17
2
5
8
11
13
14
16
19
22
25
4
11
14
15
17
19
20
25
28
29
5
8
11
14
16
17
19
22
25
28
8
14
17
20
22
23
25
28
31
34
3
8
11
13
14
15
16
21
24
26
0
3
5
10
11
12
13
16
18
20
7
13
16
18
19
20
21
26
29
31
4
9
12
15
16
17
19
24
27
30
7
12
15
18
20
21
23
27
30
33
5
8
11
14
16
17
19
22
25
28
1
4
6
9
10
11
12
15
17
19
0
3
6
9
11
12
14
17
20
23
36
