time_cost:57479ms
ontime_proportion:0.966667
max_delay:1
avg_delay:0.033333
avg_flowtime:17.600000
object function value:-80.000000
0
0
0
0
2
3
4
10
15
18
20
0
0
0
0
0
0
5
10
13
15
0
0
0
0
1
3
6
10
11
13
0
0
0
0
0
0
0
3
5
6
0
0
0
1
2
3
4
8
10
11
0
0
0
0
0
0
0
0
0
2
0
0
1
2
3
4
7
10
12
13
0
0
0
0
0
0
9
13
15
16
0
0
0
1
2
3
8
12
14
15
0
0
0
0
0
0
0
0
0
1
0
3
4
5
6
7
8
11
12
13
3
7
9
12
14
15
17
21
23
26
0
5
7
10
11
13
15
20
22
25
2
5
7
8
9
10
11
14
16
17
5
9
11
12
13
14
15
18
20
21
4
9
10
11
12
13
14
19
20
21
3
8
10
13
14
16
18
23
25
28
3
6
9
10
12
14
15
18
21
22
3
6
9
10
12
13
14
17
20
22
0
4
6
9
11
12
14
18
20
23
5
10
12
15
16
18
20
25
27
30
4
7
8
9
10
11
13
16
17
18
4
8
11
13
14
15
16
20
23
25
0
4
5
7
8
10
11
15
16
18
0
4
6
7
9
11
12
16
18
19
9
13
14
15
16
18
19
22
23
24
2
5
6
7
8
9
11
14
15
16
1
4
5
6
7
8
10
13
14
15
2
6
9
12
14
15
17
21
23
26
6
12
13
14
15
17
18
23
24
26
31
