time_cost:202ms
ontime_proportion:0.933333
max_delay:3
avg_delay:0.133333
avg_flowtime:20.366667
object function value:345.555556
0
0
0
1
2
4
6
10
13
15
16
0
2
3
4
6
8
9
14
15
17
0
0
0
0
0
0
0
0
0
1
0
0
0
0
0
2
5
10
11
13
0
0
0
0
0
0
0
0
1
3
0
0
0
0
1
2
10
15
16
18
0
1
4
6
8
9
10
15
18
20
0
0
0
0
0
1
10
14
17
18
0
0
0
0
0
2
10
15
16
19
0
0
0
0
0
1
4
9
10
12
6
12
14
17
18
19
20
24
25
28
3
6
7
8
10
12
14
17
18
19
0
5
6
8
10
11
12
17
18
20
9
14
15
16
17
18
19
24
25
26
5
8
9
10
12
14
16
19
20
21
5
10
11
12
14
16
17
22
23
24
5
10
13
15
17
18
19
24
27
29
2
5
6
10
12
14
15
18
19
22
0
4
5
6
8
10
11
15
16
17
2
6
8
9
14
16
18
21
23
24
0
5
6
10
13
14
15
20
21
23
6
9
10
11
13
15
17
20
21
22
5
10
13
17
19
20
21
26
29
31
5
8
9
10
14
16
18
21
22
23
0
5
8
10
12
13
14
19
22
24
1
6
7
8
10
11
13
18
19
20
0
6
7
10
11
12
13
18
19
20
5
11
12
14
16
17
18
23
24
26
0
4
5
8
15
17
22
26
27
29
1
5
6
7
11
13
14
18
20
23
33
