time_cost:57013ms
ontime_proportion:1.000000
max_delay:0
avg_delay:0.000000
avg_flowtime:20.000000
object function value:-333.333333
0
0
0
0
0
0
0
0
1
4
6
0
0
0
0
0
0
0
0
0
2
0
0
0
0
0
1
8
13
15
16
0
0
0
0
0
0
0
0
0
1
0
0
0
0
0
0
0
0
0
0
0
0
0
0
2
3
7
14
17
20
0
0
0
0
0
0
1
10
13
15
0
0
1
3
4
5
7
13
16
18
0
0
0
0
0
0
0
0
0
0
0
0
0
0
0
0
8
15
18
19
6
12
15
16
17
19
20
25
27
28
4
8
11
14
16
20
22
27
30
33
0
3
6
7
8
10
11
14
17
18
0
4
6
7
9
10
12
16
18
19
4
8
10
11
14
15
17
21
23
24
4
9
12
15
18
20
22
27
30
33
2
7
10
11
12
13
14
19
21
22
5
10
13
15
16
17
19
24
27
29
1
5
8
11
14
16
18
22
25
28
0
6
8
9
10
11
12
17
19
20
1
6
9
11
12
14
16
21
24
26
1
4
7
10
13
14
16
19
22
25
5
11
13
14
17
18
19
24
26
27
6
12
14
15
17
18
19
24
26
27
4
9
12
14
15
17
18
23
26
28
1
6
9
11
12
14
16
21
24
26
7
13
15
18
19
22
24
28
29
32
5
8
11
13
15
17
18
21
24
26
2
5
8
10
12
14
15
18
21
23
4
11
14
16
17
18
20
25
28
30
35
