time_cost:58510ms
ontime_proportion:1.000000
max_delay:0
avg_delay:0.000000
avg_flowtime:18.200000
object function value:-393.333333
0
0
0
0
0
1
3
9
12
13
16
0
1
2
3
4
5
7
12
13
15
0
0
0
0
0
1
10
13
14
15
0
0
0
0
3
4
9
14
17
19
0
0
0
1
2
4
9
14
15
17
0
0
0
0
1
2
7
12
13
14
0
0
0
0
0
0
0
2
3
6
0
0
0
0
0
0
0
0
0
1
0
0
0
0
0
0
0
4
5
6
0
0
0
0
0
0
0
0
0
1
4
7
10
13
15
17
18
21
22
25
6
10
11
12
14
16
17
21
22
23
4
8
9
10
12
14
15
19
20
21
6
11
12
15
17
18
20
25
26
27
1
4
5
8
10
12
13
16
17
20
2
6
7
8
10
12
13
17
18
19
6
11
12
13
14
15
16
21
22
23
4
9
10
11
12
13
14
19
20
21
8
13
14
15
17
18
20
25
26
27
1
6
7
9
11
12
13
18
19
21
4
9
12
14
16
17
18
23
26
28
4
9
10
11
15
17
18
23
24
25
2
7
10
13
15
16
17
22
23
25
2
5
6
10
12
14
15
18
19
22
1
4
5
6
8
10
12
15
16
17
5
8
9
10
12
14
16
19
20
21
5
9
10
13
14
15
16
20
21
24
2
7
8
11
13
14
15
20
21
23
0
5
6
7
8
9
10
15
16
17
2
6
7
10
11
12
13
17
18
21
30
