time_cost:4658ms
ontime_proportion:0.866667
max_delay:3
avg_delay:0.300000
avg_flowtime:22.000000
object function value:1066.666667
0
0
0
0
0
0
0
0
0
1
2
0
0
0
0
0
0
7
13
16
19
0
0
0
0
1
3
10
14
16
17
0
0
0
0
1
2
6
12
15
19
0
0
0
0
0
0
0
0
0
3
0
0
0
0
2
4
10
15
18
21
0
0
0
0
0
0
0
0
0
0
0
5
8
11
12
13
15
20
23
26
0
0
0
0
0
2
7
14
17
18
0
0
0
0
0
1
8
15
18
20
5
8
11
14
16
17
19
22
25
28
1
6
9
12
13
14
16
21
24
27
6
11
14
15
17
19
20
25
28
29
2
11
13
15
18
19
20
25
27
29
2
10
13
15
16
18
19
24
26
27
4
7
9
12
14
16
17
20
22
25
1
4
6
8
9
10
11
14
16
18
7
13
15
16
20
22
23
29
31
32
6
11
14
18
19
21
22
27
30
31
2
9
12
13
16
18
19
24
27
28
0
5
8
11
12
14
16
21
24
27
7
12
14
16
21
22
24
27
29
31
4
8
11
14
18
20
21
24
26
29
0
4
7
9
11
13
15
19
22
24
5
10
14
16
17
18
19
26
29
31
3
6
7
11
13
15
16
19
20
23
4
7
8
9
13
15
16
19
20
21
3
8
11
16
18
19
21
24
27
30
5
8
10
13
15
17
18
21
23
26
4
9
12
14
15
16
17
22
25
28
33
