time_cost:55124ms
ontime_proportion:0.966667
max_delay:2
avg_delay:0.066667
avg_flowtime:20.233333
object function value:7.777778
0
0
0
0
0
0
0
0
0
0
2
0
0
2
4
6
8
9
12
15
17
0
0
0
0
0
0
0
0
1
3
0
0
3
5
6
8
10
15
18
20
0
0
0
0
0
0
0
0
0
2
0
0
0
0
2
4
5
13
16
19
0
0
0
0
0
1
7
13
15
16
0
0
3
5
8
10
11
16
19
21
0
0
0
0
0
0
0
0
0
2
0
0
0
0
0
0
0
0
0
0
0
3
6
9
11
12
14
17
20
23
3
7
8
11
12
14
16
22
23
27
0
3
6
8
10
12
13
16
19
26
0
5
8
10
11
12
14
19
22
24
2
7
10
13
15
16
18
21
24
27
5
8
11
13
17
19
20
23
26
28
0
5
8
10
14
16
17
22
25
27
4
10
13
15
18
20
21
24
27
30
1
4
7
11
13
14
16
19
22
25
4
7
10
11
12
14
15
18
21
22
3
8
10
11
12
13
14
19
21
22
7
12
15
17
19
20
22
27
30
32
3
11
14
16
17
19
20
25
28
30
4
10
13
14
15
17
18
21
24
25
5
9
12
15
17
19
21
25
28
31
5
10
13
15
16
18
20
25
28
31
5
8
11
12
13
15
16
19
22
23
1
4
7
8
9
11
12
15
18
19
5
11
12
15
16
17
19
22
23
26
2
6
7
10
12
13
15
20
21
24
33
