time_cost:66381ms
ontime_proportion:0.866667
max_delay:5
avg_delay:0.433333
avg_flowtime:22.700000
object function value:1090.000000
0
0
0
0
0
0
0
0
0
0
1
0
2
5
7
9
11
13
17
21
23
0
0
0
0
0
0
0
4
7
9
0
0
0
3
4
5
7
15
18
21
0
0
0
0
0
0
6
14
17
20
0
0
1
4
6
8
9
13
15
18
0
0
0
0
0
0
0
0
2
5
0
0
0
0
0
0
2
14
17
20
0
0
0
0
0
1
9
17
20
25
0
0
0
0
0
0
0
0
1
2
3
6
8
10
11
12
13
22
24
26
4
7
8
9
11
13
14
17
18
19
1
4
6
9
11
13
14
18
20
23
1
6
9
12
13
14
16
21
24
27
2
7
10
13
14
16
18
23
26
29
4
9
12
15
16
18
20
25
28
31
1
6
9
11
12
13
14
20
23
25
7
12
15
16
17
21
22
28
31
32
2
8
11
12
14
16
17
24
27
28
9
12
15
18
20
22
23
26
28
31
6
9
12
15
17
18
20
23
26
30
0
3
5
11
13
15
16
20
25
28
4
7
10
13
19
20
22
26
29
32
6
12
15
17
19
21
23
27
30
32
1
4
7
10
12
13
15
18
21
24
4
9
12
15
16
18
20
25
28
31
0
5
7
8
9
11
12
17
19
20
5
11
14
17
18
20
22
28
31
34
5
10
13
14
15
17
18
23
26
27
3
10
13
16
17
19
21
26
29
32
35
