time_cost:190ms
ontime_proportion:1.000000
max_delay:0
avg_delay:0.000000
avg_flowtime:18.433333
object function value:-385.555556
0
0
0
1
4
5
6
7
12
13
16
0
0
0
0
0
0
0
0
0
0
0
0
0
0
0
0
0
0
0
1
0
0
0
0
0
0
0
0
0
1
0
0
0
0
0
1
8
11
12
13
0
0
0
0
0
2
8
11
14
16
0
0
0
2
4
6
9
13
15
17
0
0
0
0
0
1
8
12
13
14
0
0
0
0
0
0
1
4
6
19
0
0
0
0
0
0
0
0
1
4
3
8
9
10
12
13
14
19
20
21
7
11
12
13
14
18
20
24
25
26
7
11
12
13
15
18
20
24
25
26
3
8
9
10
12
13
14
19
20
21
0
5
7
8
9
11
12
17
19
20
5
8
10
11
12
13
14
17
18
19
5
9
10
12
13
16
18
22
23
24
3
7
8
13
15
17
18
22
23
24
3
6
8
11
13
15
16
19
21
26
1
5
6
15
17
19
20
24
25
28
4
9
11
12
15
16
18
22
23
24
0
3
5
8
10
12
13
16
18
21
5
9
11
12
14
15
16
19
20
21
3
8
9
12
13
14
15
20
21
24
3
8
9
12
14
15
16
21
22
25
3
7
8
10
12
14
16
20
21
25
0
5
7
9
10
12
13
20
22
23
0
5
7
8
9
11
12
17
19
20
5
9
10
17
19
21
22
26
27
30
8
12
13
14
16
20
22
26
27
28
32
