time_cost:5734ms
ontime_proportion:0.933333
max_delay:4
avg_delay:0.266667
avg_flowtime:19.200000
object function value:306.666667
0
0
0
0
0
0
0
9
15
17
20
0
0
0
0
1
3
4
8
10
12
0
0
0
1
2
3
12
15
17
18
0
0
0
0
0
0
0
0
3
4
0
0
1
2
3
4
5
8
9
10
0
0
0
0
0
0
9
14
17
18
0
0
0
0
0
1
3
7
8
12
0
0
0
0
0
0
2
7
9
12
0
0
0
0
0
0
12
16
18
19
0
0
0
2
3
5
14
19
21
24
8
12
15
17
18
19
20
24
27
29
0
3
4
5
6
7
9
12
13
14
4
10
13
16
19
21
23
28
30
33
3
8
10
13
14
16
18
23
25
28
0
3
4
6
7
8
9
12
13
15
3
6
7
8
9
10
11
14
15
16
9
14
16
17
21
23
24
29
30
31
0
3
4
5
6
7
8
11
12
13
6
10
12
13
14
15
16
19
21
22
6
9
10
11
12
13
15
18
19
20
1
6
7
8
9
10
14
20
21
22
0
4
6
9
11
12
14
18
20
23
8
12
14
15
17
19
20
24
26
29
3
6
9
10
12
13
14
17
20
21
0
4
6
8
10
12
15
21
23
24
4
8
10
13
15
16
18
22
24
27
7
12
14
17
19
21
23
28
30
33
4
10
13
14
16
18
19
22
24
25
2
5
6
7
8
9
10
13
14
15
1
4
5
6
7
8
12
15
18
19
34
