time_cost:58172ms
ontime_proportion:0.933333
max_delay:3
avg_delay:0.133333
avg_flowtime:22.600000
object function value:420.000000
0
0
0
0
0
0
1
5
13
16
18
0
0
0
0
0
0
0
0
1
3
0
1
4
6
8
10
11
15
18
20
0
0
0
0
0
1
7
14
15
18
0
1
2
5
6
7
9
15
17
20
0
0
0
0
0
0
0
0
0
0
0
0
0
0
1
3
7
14
17
19
0
0
1
4
6
8
10
16
19
22
0
0
0
0
0
0
0
0
0
1
0
0
0
1
2
3
7
14
17
19
2
5
8
11
13
14
16
19
22
25
2
8
11
13
14
16
18
23
26
28
1
6
9
11
12
13
15
20
23
25
4
9
11
12
13
14
15
20
22
23
4
11
13
14
15
16
17
28
30
31
6
11
14
15
18
20
21
26
29
30
3
9
12
15
17
19
21
25
28
31
3
7
10
13
15
17
19
23
26
29
2
8
11
12
13
15
16
19
22
23
2
10
13
15
16
18
19
24
27
29
0
8
11
13
16
18
19
24
27
29
5
11
13
14
16
17
19
23
25
26
5
11
14
16
17
19
20
25
28
30
0
3
6
9
11
12
14
17
20
23
0
5
8
10
12
14
16
21
24
26
5
12
15
17
18
20
22
27
31
33
1
6
9
10
11
13
14
17
20
21
5
13
16
18
19
21
23
28
31
33
7
13
14
17
20
22
24
27
28
31
0
5
8
13
14
16
17
22
25
27
34
