time_cost:68705ms
ontime_proportion:1.000000
max_delay:0
avg_delay:0.000000
avg_flowtime:17.533333
object function value:-415.555556
0
0
0
0
0
0
0
0
0
0
3
0
0
0
0
0
0
0
0
0
0
0
0
0
0
0
0
0
0
0
2
0
0
0
0
0
0
8
13
14
15
0
0
0
0
1
3
9
12
13
16
0
1
2
5
7
9
10
13
14
17
0
0
0
0
0
0
0
0
0
2
0
0
0
0
0
0
7
12
15
17
0
0
0
0
0
0
0
2
3
4
0
0
0
0
1
3
7
12
13
15
1
6
7
8
9
10
11
16
17
18
2
7
9
10
12
14
15
20
21
22
5
10
11
12
14
15
17
22
23
24
2
6
7
10
11
12
13
17
18
21
0
4
5
8
9
10
11
15
16
19
5
10
11
13
14
17
19
24
25
27
3
8
11
13
15
16
17
22
25
27
0
5
6
7
8
9
10
15
16
17
8
12
13
14
16
19
20
24
25
26
5
10
11
13
15
16
17
22
23
25
6
11
12
15
17
18
19
24
25
27
4
9
10
11
12
13
14
19
20
21
1
4
5
8
10
12
13
16
17
20
5
10
11
12
14
15
17
22
23
24
3
8
9
11
12
14
16
21
22
24
1
5
6
9
10
11
12
16
17
20
6
10
11
14
15
17
18
22
23
26
1
6
7
8
10
12
13
18
19
20
4
7
8
9
12
14
16
19
20
21
6
11
12
13
16
17
19
24
25
26
29
