time_cost:5486ms
ontime_proportion:1.000000
max_delay:0
avg_delay:0.000000
avg_flowtime:20.400000
object function value:-320.000000
0
0
0
0
0
1
3
4
8
9
11
0
2
3
4
5
6
8
12
14
15
0
1
3
4
6
8
9
13
15
16
0
2
4
5
6
7
10
13
15
16
0
0
0
1
3
4
13
20
23
25
0
0
0
1
3
4
16
22
25
26
0
3
4
5
6
7
8
11
12
13
0
0
0
0
0
0
0
5
9
12
7
11
13
14
15
16
17
22
23
27
0
1
2
3
4
5
6
11
12
13
4
7
8
9
10
11
13
16
17
18
2
6
8
11
13
14
16
20
22
25
5
9
12
14
15
16
17
21
24
26
2
8
11
13
16
17
18
21
24
25
4
7
8
9
10
11
12
15
16
17
1
6
8
13
14
16
18
23
25
28
0
3
5
6
7
8
9
12
14
15
4
9
11
14
15
17
19
24
26
29
0
4
7
9
10
11
12
16
19
21
6
10
12
13
17
19
20
24
26
27
1
5
6
8
9
11
12
16
17
19
8
13
14
15
18
20
21
26
27
28
1
5
8
10
11
12
13
17
20
22
5
10
12
15
16
18
20
25
27
30
0
4
5
7
8
10
11
15
16
18
3
8
9
10
11
12
13
19
20
21
1
4
5
6
7
8
10
13
14
15
5
8
10
11
12
15
17
21
22
23
4
7
10
11
13
14
15
18
21
22
5
8
11
12
14
15
16
19
22
23
31
