time_cost:190ms
ontime_proportion:0.966667
max_delay:1
avg_delay:0.033333
avg_flowtime:21.666667
object function value:55.555556
0
0
0
0
0
0
0
12
15
16
18
0
0
0
0
0
0
7
12
14
19
0
2
3
4
5
6
7
12
13
14
0
2
3
4
7
10
18
23
25
27
0
0
1
2
4
6
9
12
14
15
0
2
3
4
6
8
14
19
22
24
0
0
0
0
0
0
0
0
4
6
0
0
0
2
5
7
10
13
15
18
0
2
3
6
7
8
10
14
20
23
0
0
0
2
3
5
9
14
17
19
5
10
13
17
19
20
21
26
27
29
1
6
7
8
10
12
13
18
19
20
0
5
6
8
9
11
13
18
19
21
4
8
9
12
13
14
15
19
20
23
1
6
7
10
12
15
16
21
24
25
6
11
12
13
16
17
19
24
25
26
5
10
12
15
17
18
19
24
25
27
5
8
9
12
14
16
18
21
23
25
4
9
11
13
15
16
17
22
23
25
5
9
10
13
14
15
16
20
21
24
5
9
10
14
15
16
17
21
22
25
2
7
8
10
11
13
15
20
21
23
6
9
10
13
16
18
19
22
23
26
0
5
6
8
9
10
11
16
17
20
2
7
10
12
14
15
16
21
24
26
0
5
6
7
8
9
10
15
16
17
7
10
13
14
16
18
20
23
24
26
3
7
8
11
12
13
14
18
19
22
1
5
6
7
9
11
12
16
17
18
0
5
6
8
10
11
12
17
18
21
31
