time_cost:68058ms
ontime_proportion:0.966667
max_delay:3
avg_delay:0.100000
avg_flowtime:20.933333
object function value:31.111111
0
0
0
2
5
7
8
11
18
21
24
0
0
0
0
0
0
0
3
4
7
0
0
0
0
1
3
9
16
18
21
0
0
0
0
0
0
0
0
0
1
0
0
0
0
0
2
3
10
13
14
0
0
0
0
0
0
1
11
13
14
0
0
0
0
0
0
0
0
0
0
0
0
1
4
5
7
9
14
17
20
0
0
0
0
0
0
7
13
15
16
0
0
0
2
4
6
9
14
17
19
6
12
14
15
16
18
19
24
26
27
0
3
5
8
11
13
14
17
19
22
4
7
9
10
12
14
15
18
19
20
6
10
13
15
18
20
22
26
29
31
0
3
6
9
11
12
14
17
20
23
0
5
8
11
12
14
16
21
24
27
0
3
4
5
7
9
10
15
16
17
3
6
7
8
10
12
13
16
17
18
2
7
10
13
14
15
17
22
25
28
5
8
10
12
14
15
16
19
21
23
7
13
16
18
19
21
22
27
30
32
2
7
10
11
14
16
17
22
25
26
4
7
10
13
15
16
18
21
24
27
5
10
13
16
17
18
19
24
27
29
3
6
8
11
13
15
16
19
21
24
2
5
7
9
10
11
12
17
19
21
0
3
6
9
11
12
14
17
20
23
0
8
11
13
15
16
17
22
25
27
4
10
13
16
18
19
21
26
29
32
5
9
12
14
16
18
20
24
27
29
33
