time_cost:4499ms
ontime_proportion:0.833333
max_delay:5
avg_delay:0.466667
avg_flowtime:22.666667
object function value:1422.222222
0
0
0
0
0
0
0
0
0
0
1
0
0
2
4
6
8
9
12
15
17
0
0
0
0
0
0
0
2
5
12
0
0
0
0
0
0
0
0
3
5
0
0
3
5
6
8
9
14
17
19
0
0
0
0
0
0
0
1
2
5
0
0
0
0
0
0
9
15
18
21
0
0
0
0
0
0
0
2
5
7
0
0
0
1
2
4
5
11
14
18
0
0
0
0
0
0
8
15
16
19
7
14
16
19
21
23
25
30
31
34
1
4
7
10
12
13
15
18
21
24
4
11
14
17
18
19
21
26
29
31
0
3
6
12
14
15
17
20
23
26
6
13
15
16
19
21
23
28
30
31
3
8
11
13
16
18
19
24
27
29
5
8
9
12
13
14
16
19
20
23
1
5
8
11
13
15
17
21
24
27
2
6
9
12
14
16
18
22
25
28
1
10
13
16
19
21
23
27
31
34
3
6
9
14
16
17
19
22
25
30
0
5
7
8
9
10
11
16
18
19
5
12
16
18
20
23
24
29
32
34
2
5
8
10
12
14
15
18
21
23
5
9
12
15
17
19
21
25
28
31
0
10
13
16
17
19
20
25
27
29
3
7
10
13
15
17
19
23
26
29
5
9
12
15
17
19
21
25
28
31
3
7
10
14
16
17
19
22
25
28
1
9
12
13
14
16
17
23
26
27
36
