time_cost:4253ms
ontime_proportion:1.000000
max_delay:0
avg_delay:0.000000
avg_flowtime:19.000000
object function value:-366.666667
0
0
5
6
8
10
12
14
19
20
22
0
0
0
0
0
0
7
12
13
14
0
2
3
6
7
8
9
13
14
17
0
0
0
1
2
3
8
13
14
15
0
0
0
0
0
0
0
0
0
0
0
0
0
0
0
0
0
0
0
0
0
0
1
4
6
8
9
12
13
16
0
0
0
0
0
0
9
12
15
16
0
0
0
0
0
2
7
11
14
15
0
0
0
3
4
5
7
11
12
15
4
7
12
15
17
19
20
23
24
27
7
11
13
14
17
19
20
24
25
26
6
10
11
12
16
18
19
23
24
25
5
9
10
13
14
15
16
20
21
24
5
10
11
13
14
16
18
23
24
26
0
5
6
7
10
11
13
18
19
20
3
6
7
9
11
13
15
18
19
20
2
7
8
9
11
12
14
19
20
21
5
8
9
12
14
16
17
20
21
24
1
6
7
8
9
10
11
16
17
18
5
8
9
10
12
14
16
19
20
21
6
11
13
14
15
16
17
22
23
24
2
7
10
14
16
17
18
23
26
29
0
4
5
8
9
10
11
15
16
19
4
7
8
11
15
17
18
21
22
25
0
4
5
6
11
13
14
18
19
23
0
5
6
7
8
9
10
15
16
17
1
4
5
6
8
10
12
15
16
17
4
9
12
13
16
17
19
24
25
26
5
9
10
11
13
15
16
20
21
22
31
