time_cost:55103ms
ontime_proportion:0.966667
max_delay:4
avg_delay:0.133333
avg_flowtime:21.200000
object function value:40.000000
0
0
0
0
0
0
0
1
12
15
16
0
0
0
0
0
0
0
0
0
1
0
0
0
1
2
3
7
13
15
18
0
1
4
6
8
10
11
14
17
19
0
0
0
0
0
0
1
4
7
13
0
0
0
0
0
0
0
0
0
2
0
0
0
0
0
0
0
2
5
6
0
3
6
8
10
12
13
16
19
21
0
0
0
0
0
0
8
14
17
19
0
0
0
0
0
0
0
0
0
3
3
7
9
10
12
13
15
19
21
22
6
11
14
16
17
20
22
27
30
32
3
8
11
12
13
15
16
21
23
24
3
8
11
13
14
15
17
22
25
27
1
6
9
11
12
13
15
20
24
26
0
5
8
10
11
13
14
21
24
26
6
10
13
15
17
19
20
23
26
28
0
4
6
7
9
10
12
16
18
20
7
13
16
18
19
21
22
27
30
32
0
4
10
13
15
17
19
23
26
29
5
9
12
16
18
20
22
26
29
32
6
12
14
15
17
18
20
24
26
30
1
4
7
10
12
13
15
18
21
24
5
9
11
12
14
15
17
22
24
27
4
7
8
11
13
16
18
21
22
25
1
9
12
14
15
17
19
24
27
29
3
6
9
11
13
15
16
19
22
24
5
11
13
14
16
19
21
25
27
28
4
11
14
16
17
18
20
25
28
30
4
9
11
12
13
14
15
20
22
23
34
