time_cost:69242ms
ontime_proportion:1.000000
max_delay:0
avg_delay:0.000000
avg_flowtime:17.900000
object function value:-403.333333
0
0
0
0
0
1
3
6
11
12
14
0
0
0
0
0
0
0
0
0
0
0
0
0
0
0
0
0
0
0
0
0
0
0
0
0
0
6
11
15
17
0
0
0
0
0
0
6
11
12
15
0
4
7
9
11
12
13
18
21
23
0
0
0
0
0
0
10
15
16
17
0
0
0
0
0
0
0
1
2
3
0
0
0
0
0
0
0
2
3
6
0
0
0
0
0
0
0
0
0
1
4
9
10
14
16
18
19
24
25
27
3
7
8
9
11
13
14
18
19
21
7
11
12
16
17
18
19
23
24
27
5
10
11
12
14
15
17
22
23
25
5
9
11
14
15
16
17
21
22
25
1
5
6
7
9
11
12
16
17
18
3
8
9
10
12
14
15
20
21
22
9
12
14
15
18
20
22
25
27
28
4
9
10
11
13
14
16
21
22
23
0
5
6
7
9
10
12
17
18
19
1
6
9
11
13
14
15
20
23
25
2
6
7
8
10
12
13
17
18
19
7
11
12
15
16
17
18
22
23
26
11
14
15
16
18
20
22
25
26
27
0
4
5
8
9
10
11
15
16
19
9
14
15
16
17
18
21
26
27
28
1
6
9
11
13
14
18
23
26
28
4
9
10
12
14
16
17
22
23
24
1
6
7
9
10
12
14
19
20
22
3
7
8
11
12
13
14
18
19
22
30
