time_cost:56531ms
ontime_proportion:1.000000
max_delay:0
avg_delay:0.000000
avg_flowtime:18.133333
object function value:-395.555556
0
0
0
0
0
0
0
0
3
5
8
0
0
0
1
2
3
8
12
15
17
0
0
0
0
0
0
7
12
13
14
0
0
0
1
3
5
7
12
14
15
0
0
0
0
0
0
0
0
0
1
0
0
0
0
0
0
8
14
16
17
0
0
0
0
0
0
0
0
1
2
0
0
1
2
3
4
9
13
14
15
0
3
5
6
7
8
9
12
15
16
0
0
0
0
0
0
0
5
6
7
4
8
12
15
17
18
20
24
26
29
1
6
8
11
12
14
16
21
23
26
6
10
11
13
14
16
17
21
22
24
2
6
7
9
10
12
13
17
18
20
6
11
13
14
16
17
18
23
26
27
5
9
11
14
16
17
19
23
25
28
8
13
14
15
16
17
21
26
27
29
6
11
14
15
17
19
20
23
26
27
0
4
6
7
9
11
12
16
18
20
6
10
12
13
15
17
18
23
25
26
3
6
7
8
9
10
11
14
15
16
0
3
4
5
6
7
9
12
13
14
5
9
11
12
14
16
17
21
23
24
1
5
9
12
14
15
17
21
23
26
5
9
12
14
15
16
17
21
24
26
2
6
9
10
12
14
15
19
21
22
3
7
8
10
11
13
14
18
19
21
4
7
8
9
10
11
13
16
17
18
4
8
11
13
14
15
16
20
23
25
5
8
9
10
11
12
14
17
18
19
31
