time_cost:69232ms
ontime_proportion:1.000000
max_delay:0
avg_delay:0.000000
avg_flowtime:17.633333
object function value:-412.222222
0
0
0
1
2
3
4
10
13
14
15
0
0
0
0
0
1
12
15
17
18
0
0
1
3
4
6
7
11
12
14
0
0
1
3
5
7
8
12
14
16
0
0
0
1
3
5
7
12
15
16
0
0
0
0
0
0
0
0
0
1
0
0
0
0
0
0
0
0
2
5
0
0
1
4
6
7
9
13
15
19
0
0
0
0
0
0
0
0
1
4
0
0
0
0
0
0
0
1
4
5
8
12
13
14
17
18
19
22
23
24
3
8
9
10
11
12
13
18
19
20
0
4
7
10
11
12
13
17
20
22
6
10
12
13
15
17
18
22
24
25
1
5
7
8
10
12
13
17
19
20
4
8
10
13
15
16
18
22
24
27
1
6
7
8
9
10
11
16
17
18
0
4
5
7
8
10
11
15
16
18
5
8
11
12
14
15
16
19
22
23
4
8
10
11
13
15
16
20
22
23
5
8
10
11
12
13
14
17
19
20
2
6
7
9
12
14
15
19
20
22
11
14
16
17
18
19
20
24
26
27
0
4
5
8
9
11
12
16
17
19
0
4
7
9
10
11
13
17
20
22
3
7
8
10
11
13
14
18
19
21
3
6
7
8
9
10
11
14
15
16
9
13
14
16
17
19
20
24
25
27
3
7
9
14
16
17
19
23
25
28
5
9
12
14
15
16
17
21
24
26
30
