time_cost:368ms
ontime_proportion:1.000000
max_delay:0
avg_delay:0.000000
avg_flowtime:20.200000
object function value:-326.666667
0
0
0
0
0
1
3
4
8
10
12
0
2
3
4
5
6
11
15
16
17
0
1
3
4
6
8
9
13
15
16
0
2
4
5
6
7
11
16
18
19
0
0
0
1
3
4
9
13
16
17
0
0
0
1
3
4
10
13
16
17
0
3
4
5
6
7
8
11
12
13
0
0
0
0
0
0
0
5
9
12
0
3
4
5
7
8
11
16
17
18
0
1
2
3
4
5
6
9
12
14
4
8
9
10
11
12
14
17
18
19
2
6
8
11
13
14
16
20
22
25
5
9
12
14
15
16
17
21
24
26
2
5
8
9
11
12
13
16
19
20
4
7
8
9
10
11
12
15
16
18
1
6
8
11
12
14
16
21
23
26
0
3
5
6
7
8
9
12
14
15
4
9
11
14
15
17
19
24
26
29
0
4
7
9
10
11
12
16
19
21
4
8
10
11
13
15
16
20
22
23
7
12
14
16
18
20
21
26
28
30
5
11
12
13
14
16
17
22
23
24
1
5
8
10
11
12
13
17
20
22
4
9
11
14
15
17
19
24
28
31
0
4
5
7
8
10
13
18
19
21
6
11
14
15
17
19
20
26
27
28
1
4
5
6
7
8
10
13
14
15
8
12
14
15
18
20
22
26
27
28
4
10
13
14
17
19
20
23
26
27
5
8
11
12
14
15
16
19
22
23
32
