time_cost:191ms
ontime_proportion:0.933333
max_delay:4
avg_delay:0.233333
avg_flowtime:22.233333
object function value:407.777778
0
0
0
2
5
7
8
10
14
17
20
0
0
0
0
0
0
0
3
4
5
0
0
0
0
1
3
9
17
19
22
0
0
0
0
0
0
0
0
0
1
0
0
0
0
0
2
3
11
14
15
0
0
0
0
0
0
1
9
11
12
0
0
0
0
0
0
0
0
0
0
0
0
1
4
5
7
9
14
17
20
0
0
0
0
0
0
11
19
23
24
0
0
0
2
4
6
8
15
18
20
7
14
16
17
20
23
24
29
32
33
0
3
5
8
10
12
13
16
20
24
4
7
9
10
14
16
17
20
21
22
4
8
11
13
15
17
19
23
26
29
0
3
6
11
13
14
16
19
22
25
0
5
8
11
12
14
16
21
24
27
0
3
4
5
7
9
10
18
20
24
7
13
14
15
19
21
22
25
26
27
2
7
10
13
14
15
17
22
25
28
5
8
10
12
16
17
19
22
24
26
6
12
15
17
19
22
23
28
31
33
2
8
11
12
14
16
17
24
27
28
4
10
13
16
18
19
21
24
27
30
5
10
13
15
16
17
18
23
26
28
3
6
8
12
14
16
17
20
22
26
2
5
7
9
10
11
12
18
21
23
0
3
6
9
11
12
14
17
20
23
0
6
9
11
12
13
14
19
22
24
4
11
14
17
18
19
21
26
29
32
5
9
12
14
16
21
23
27
30
32
34
