time_cost:6143ms
ontime_proportion:0.933333
max_delay:4
avg_delay:0.200000
avg_flowtime:19.033333
object function value:301.111111
0
0
0
0
0
0
1
10
13
17
20
0
0
0
0
0
0
1
4
5
6
0
0
0
0
0
0
0
1
2
3
0
3
5
6
8
10
11
15
17
18
0
0
0
0
0
0
0
0
1
2
0
0
0
0
0
0
0
14
18
20
0
0
0
0
0
0
0
0
0
1
0
0
0
0
2
4
9
13
17
18
0
2
4
5
7
9
10
14
17
18
0
0
0
0
0
0
0
0
0
0
2
6
8
9
11
13
14
18
20
21
6
10
13
16
18
19
21
25
27
30
5
9
11
14
16
17
19
23
25
28
4
8
11
14
15
16
17
21
24
27
4
8
11
13
14
15
16
21
24
26
1
5
6
8
10
12
13
18
19
22
9
12
16
18
20
23
24
27
31
32
8
12
16
18
20
23
25
28
30
31
2
5
8
9
11
12
13
16
19
20
4
7
9
10
12
13
14
17
19
20
6
10
12
13
15
16
17
20
21
22
2
6
9
11
12
13
14
18
21
23
0
4
6
7
9
11
12
16
18
23
6
11
13
16
19
21
23
27
29
32
4
8
10
13
15
16
18
22
24
27
8
11
16
17
19
21
23
26
27
28
0
5
6
7
8
9
11
16
18
19
5
9
10
12
13
15
16
20
21
23
0
3
4
5
6
7
8
11
12
13
1
6
13
16
17
19
21
26
28
31
34
