time_cost:65637ms
ontime_proportion:1.000000
max_delay:0
avg_delay:0.000000
avg_flowtime:22.700000
object function value:-243.333333
0
0
0
0
0
0
0
1
4
5
6
0
0
3
5
7
9
11
18
21
23
0
0
0
0
0
0
0
0
0
1
0
0
0
0
0
0
8
15
18
21
0
3
6
9
11
12
14
18
22
25
0
2
3
4
6
8
9
17
18
19
0
0
0
0
0
0
0
3
7
8
0
0
0
0
1
2
8
14
17
19
0
0
0
0
1
2
8
14
19
22
0
0
1
4
5
7
10
16
19
22
7
13
16
18
19
20
21
27
30
32
2
7
10
11
12
14
15
20
23
24
4
7
9
11
12
13
14
17
20
22
5
11
14
15
17
19
20
25
28
29
7
12
15
18
20
21
23
26
29
32
5
10
13
15
17
18
19
24
27
29
5
10
13
14
15
17
18
23
26
27
2
5
6
7
9
11
12
18
19
20
2
5
8
11
13
14
16
19
22
25
4
11
14
15
16
18
19
24
27
28
5
8
11
14
16
17
19
22
25
28
3
9
12
16
18
19
21
24
27
30
3
8
11
13
14
15
16
21
25
27
0
3
5
7
8
9
10
16
18
20
5
13
16
18
19
20
21
26
29
31
4
11
14
17
18
19
21
27
30
33
6
14
17
20
22
23
25
28
31
34
5
8
11
14
16
17
19
22
25
28
1
4
6
9
10
11
12
21
23
25
0
3
6
9
11
12
14
17
20
23
36
