time_cost:199ms
ontime_proportion:0.966667
max_delay:1
avg_delay:0.033333
avg_flowtime:19.400000
object function value:-20.000000
0
0
0
0
0
0
0
8
12
14
17
0
0
0
1
2
3
7
12
15
17
0
0
0
0
0
0
9
12
13
16
0
0
0
1
3
5
8
12
14
15
0
0
0
0
0
0
0
0
0
1
0
0
0
0
0
0
9
13
15
17
0
0
0
0
0
0
0
0
1
2
0
0
1
2
3
4
9
13
14
16
0
3
5
6
7
8
9
13
16
17
0
0
0
0
0
0
9
14
15
16
4
8
10
13
15
16
18
22
24
27
1
6
8
11
12
14
16
21
23
26
2
6
7
9
11
13
14
18
19
21
2
6
7
9
10
12
13
17
18
20
4
9
10
11
12
13
14
19
20
21
5
9
11
14
16
17
19
23
25
28
2
7
8
9
10
11
12
17
18
19
6
10
13
14
16
18
19
23
26
27
0
4
6
7
9
11
12
16
18
19
1
5
7
8
10
12
13
17
19
20
7
11
13
15
17
19
20
25
27
28
0
3
4
5
6
7
9
12
14
15
5
9
11
12
14
16
17
21
23
24
1
5
7
10
12
13
15
19
21
24
5
9
12
14
15
16
17
21
24
26
5
10
13
14
16
18
19
23
25
26
3
7
8
10
13
15
16
20
21
23
6
11
12
13
15
16
18
21
22
23
4
8
11
13
14
15
16
20
23
29
6
11
12
14
17
19
21
24
27
30
31
