time_cost:67821ms
ontime_proportion:0.966667
max_delay:2
avg_delay:0.066667
avg_flowtime:19.400000
object function value:-20.000000
0
0
0
0
0
1
3
8
13
14
18
0
0
0
1
2
3
9
12
15
16
0
0
0
0
0
0
6
11
14
17
0
0
0
0
0
0
1
5
7
8
0
0
0
0
0
2
9
13
17
19
0
1
3
4
5
6
8
11
13
15
0
0
0
0
0
0
0
0
0
3
0
0
0
0
0
0
0
1
4
5
0
3
4
5
6
7
8
12
14
17
0
4
5
7
8
10
11
15
16
18
5
8
9
10
12
13
14
17
18
19
3
9
13
16
17
19
21
26
28
31
6
10
12
16
18
19
21
25
27
30
7
10
13
14
15
16
17
20
22
23
5
9
11
14
16
17
19
23
25
28
3
6
7
8
9
10
12
15
16
19
6
10
11
13
14
16
17
21
22
24
2
6
8
11
13
14
16
20
22
25
4
9
10
11
12
13
14
19
20
21
4
7
9
10
11
12
13
16
18
19
1
5
7
9
11
13
14
18
20
21
0
3
6
7
9
10
11
14
17
18
8
12
15
17
18
19
20
24
27
29
3
8
10
13
14
16
18
23
25
28
1
5
6
8
9
11
12
16
17
19
4
8
10
13
15
16
18
22
24
28
7
11
14
15
17
18
19
22
25
26
5
9
11
14
16
17
19
23
25
28
2
6
8
9
11
13
14
18
20
21
3
7
9
10
13
15
16
20
22
23
32
