time_cost:196ms
ontime_proportion:0.966667
max_delay:1
avg_delay:0.033333
avg_flowtime:18.533333
object function value:-48.888889
0
0
2
5
7
8
9
10
14
17
19
0
0
0
1
2
3
5
10
11
12
0
0
0
0
0
0
1
6
9
10
0
0
0
0
0
0
0
0
0
1
0
0
0
0
0
0
0
0
0
0
0
0
0
0
0
0
8
12
13
14
0
0
0
1
3
4
7
11
14
15
0
0
1
2
4
6
7
11
13
14
0
3
6
7
9
10
11
14
17
18
0
0
0
0
0
0
0
1
2
3
4
8
9
11
12
14
15
19
20
22
4
7
10
11
13
14
15
18
21
22
6
11
12
13
14
15
17
21
22
23
3
7
9
11
13
15
16
20
22
23
0
5
6
7
8
9
10
15
16
17
5
8
11
13
15
16
17
20
23
24
5
8
10
11
14
15
16
19
21
22
4
9
11
14
15
17
19
24
26
29
0
4
7
9
11
13
14
18
19
21
1
5
7
8
10
12
13
17
19
20
2
5
8
9
11
12
13
16
19
20
5
9
11
14
16
17
19
23
25
30
3
6
8
9
10
11
13
16
17
18
0
4
6
9
11
12
14
18
20
24
1
4
5
6
7
8
10
13
14
17
5
10
12
16
17
19
21
26
28
31
5
11
14
15
17
19
20
23
28
29
0
3
6
11
13
14
15
18
21
26
2
6
7
13
17
19
20
25
26
28
2
6
7
8
9
10
11
14
15
16
32
