time_cost:200ms
ontime_proportion:1.000000
max_delay:0
avg_delay:0.000000
avg_flowtime:18.333333
object function value:-388.888889
0
0
0
1
2
3
4
9
12
14
15
0
0
0
0
0
1
10
13
15
16
0
0
1
3
4
6
10
14
15
17
0
0
1
3
5
7
10
15
16
18
0
0
0
1
3
5
9
13
15
17
0
0
0
0
0
0
0
0
0
1
0
0
0
0
0
0
0
0
2
5
0
0
1
4
6
7
9
13
15
19
0
0
0
0
0
0
0
0
1
8
0
0
0
0
0
0
0
1
4
5
8
11
12
13
17
18
19
22
23
24
3
8
9
10
11
12
13
18
19
20
0
4
7
9
10
11
12
16
19
21
5
9
11
12
15
17
18
22
24
25
1
5
7
8
10
12
13
17
19
20
4
8
10
14
16
17
19
23
25
28
1
7
8
9
12
13
14
19
20
21
0
4
5
7
8
10
11
15
16
18
5
8
11
12
14
15
16
19
22
23
2
6
8
9
11
13
14
18
20
22
5
8
10
11
12
13
14
17
20
21
2
6
7
9
10
12
13
17
18
20
7
12
14
15
18
19
20
24
26
27
0
4
5
7
8
10
11
15
16
18
0
4
7
9
10
11
12
16
19
22
6
12
13
15
18
20
21
25
26
28
3
6
7
8
9
10
11
14
15
16
6
11
12
14
16
18
19
23
24
26
3
7
9
12
14
15
17
21
23
26
5
9
12
14
15
16
17
23
26
28
30
