time_cost:6432ms
ontime_proportion:1.000000
max_delay:0
avg_delay:0.000000
avg_flowtime:18.766667
object function value:-374.444444
0
0
0
0
0
0
0
0
2
4
22
0
0
0
0
2
3
5
10
12
13
0
0
0
0
1
2
4
8
9
10
0
0
0
0
0
0
0
0
1
2
0
0
0
2
4
6
11
15
17
19
0
0
0
0
0
0
0
0
1
2
0
0
1
3
5
7
9
12
15
17
0
0
0
0
0
4
6
10
11
16
0
0
0
0
0
0
0
0
0
1
0
3
4
7
8
9
10
15
16
19
7
12
14
15
19
21
22
26
27
28
10
13
14
15
20
21
22
25
26
27
0
5
7
8
9
11
12
17
19
20
0
4
6
8
10
12
13
17
19
21
1
5
6
7
8
9
11
15
16
17
2
6
9
11
16
18
20
24
25
27
5
10
11
14
15
16
17
22
23
26
5
10
12
13
16
18
19
24
27
28
0
4
5
6
8
10
11
15
16
17
0
4
5
6
7
8
10
14
15
16
5
8
10
13
15
17
18
21
23
26
1
4
6
11
13
15
16
19
21
24
6
12
13
14
18
19
20
25
26
27
6
11
13
14
18
20
21
26
28
29
2
6
8
10
12
14
15
19
21
23
3
7
8
9
11
13
14
18
19
20
5
9
10
11
12
13
15
19
20
21
5
10
12
13
14
16
17
22
24
25
5
9
10
12
14
16
18
22
23
25
0
4
5
6
7
8
10
14
15
16
30
