time_cost:6229ms
ontime_proportion:0.766667
max_delay:8
avg_delay:1.133333
avg_flowtime:25.100000
object function value:2170.000000
0
0
0
0
1
2
3
10
28
30
31
0
0
0
4
5
7
11
30
33
34
0
0
0
0
0
1
6
12
14
15
0
0
0
1
3
5
8
17
20
22
0
0
0
0
0
1
9
19
21
22
0
0
0
0
0
0
0
0
3
5
0
0
0
0
2
4
10
27
30
33
0
0
0
2
4
6
7
10
13
18
0
0
0
0
0
0
0
0
1
4
0
7
10
11
12
14
15
18
21
22
1
5
8
11
13
15
17
21
24
27
4
8
10
11
13
14
16
20
22
23
3
7
10
14
16
18
20
24
27
30
8
15
18
20
21
22
24
29
32
34
3
10
12
16
18
20
21
26
28
29
0
3
4
7
8
9
11
14
15
18
4
8
11
14
16
18
20
24
27
30
1
6
8
9
10
11
12
17
19
20
1
5
7
8
10
11
13
17
19
20
6
14
17
19
20
21
23
32
35
37
3
6
9
11
13
15
16
19
22
26
5
10
12
13
14
15
16
21
23
24
3
11
14
16
18
20
21
24
27
29
3
12
14
16
17
18
19
27
29
30
0
7
10
17
19
20
22
25
28
31
5
13
15
16
18
19
20
33
35
36
5
9
12
15
17
19
21
25
28
31
0
5
7
8
9
10
11
23
25
26
1
10
13
14
15
17
18
21
24
25
5
14
17
20
22
24
26
30
33
36
38
