time_cost:74837ms
ontime_proportion:1.000000
max_delay:0
avg_delay:0.000000
avg_flowtime:17.666667
object function value:-411.111111
0
0
0
0
0
0
0
0
0
0
1
0
0
0
0
0
0
0
0
0
1
0
0
0
0
0
0
7
14
17
20
0
0
0
0
0
0
4
9
12
15
0
0
0
0
0
0
0
0
0
3
0
0
0
0
0
0
0
0
0
0
0
0
0
0
0
0
0
0
0
0
0
0
1
2
4
6
7
10
12
13
0
0
0
0
0
0
0
0
0
0
0
0
0
0
0
0
0
0
0
0
2
7
10
13
15
17
18
23
25
26
1
5
8
10
11
12
13
16
18
20
0
3
6
9
12
13
15
18
21
24
0
3
5
8
10
12
13
16
18
21
4
7
8
9
11
13
14
17
18
19
3
7
10
13
15
16
18
21
24
27
1
6
9
12
13
15
17
22
25
28
1
4
6
8
9
10
11
15
17
19
4
10
13
14
15
17
18
23
26
27
1
4
5
6
8
10
11
14
15
16
2
5
7
10
12
14
15
18
20
23
3
6
9
12
14
15
17
20
23
26
5
10
13
16
17
18
20
25
28
31
4
9
11
12
13
15
16
21
23
24
7
12
15
17
18
19
20
26
29
31
2
8
11
14
16
18
20
25
28
31
0
3
5
7
8
9
10
13
15
17
4
9
12
13
14
16
17
22
25
26
6
11
14
16
17
18
19
25
28
30
2
7
10
11
12
14
15
20
23
24
32
