time_cost:59097ms
ontime_proportion:1.000000
max_delay:0
avg_delay:0.000000
avg_flowtime:18.066667
object function value:-397.777778
0
0
0
0
0
0
0
0
0
0
2
0
0
0
0
0
0
0
0
0
0
0
1
2
3
4
5
10
13
15
16
0
1
2
3
4
5
7
10
11
12
0
0
0
1
2
3
4
9
11
12
0
0
0
0
0
0
0
0
0
1
0
0
1
2
3
4
15
20
21
22
0
0
3
5
6
7
11
15
18
20
0
0
1
2
3
4
6
9
10
11
0
0
0
0
1
2
3
6
8
9
10
15
16
17
20
21
22
27
28
29
1
6
8
11
12
14
16
21
23
26
7
12
13
15
20
22
23
27
28
30
7
12
13
15
16
18
19
24
25
27
3
6
9
10
12
13
14
17
20
21
0
5
6
7
8
9
10
15
16
17
3
6
7
8
9
10
12
15
16
17
6
10
12
13
15
17
18
22
24
25
7
12
14
17
18
20
22
27
29
32
4
7
8
9
10
11
13
16
17
18
0
3
4
5
6
7
8
11
12
13
3
7
8
10
11
13
14
18
19
21
3
8
10
13
14
16
18
23
25
28
6
10
12
15
17
19
20
24
26
27
0
3
6
9
11
12
15
18
21
22
9
14
15
16
19
20
21
26
27
28
1
5
7
10
12
13
15
19
21
24
5
9
12
14
15
16
17
21
24
26
1
6
7
8
9
10
11
16
17
18
2
7
9
12
13
15
17
22
24
27
33
