time_cost:3995ms
ontime_proportion:0.900000
max_delay:7
avg_delay:0.433333
avg_flowtime:21.033333
object function value:701.111111
0
0
0
0
0
0
0
0
0
2
21
0
0
1
3
5
7
8
12
14
16
0
0
0
0
0
0
7
12
13
33
0
0
0
0
0
1
7
11
13
15
0
0
0
1
2
3
8
12
13
15
0
0
0
0
0
0
0
0
0
0
0
2
4
8
10
12
13
16
18
29
0
0
0
0
0
1
6
9
12
27
0
0
0
0
0
0
0
0
0
1
0
0
0
0
0
0
8
12
13
15
1
5
6
7
8
9
11
15
16
17
0
4
5
6
8
10
11
15
16
17
4
8
9
12
14
16
17
21
22
25
3
7
8
10
12
14
16
20
21
23
3
6
8
14
16
18
19
22
24
31
8
11
13
14
17
18
20
23
25
26
3
8
9
13
14
15
16
21
22
25
0
5
6
9
10
11
12
17
18
21
5
9
10
12
14
16
18
22
23
26
2
7
8
9
11
12
13
18
19
20
5
10
12
14
15
17
18
23
25
26
3
8
12
13
15
16
17
22
23
24
4
7
10
19
21
23
24
27
29
35
1
6
7
8
10
11
12
17
18
19
7
10
12
13
16
17
18
21
22
23
2
5
7
10
12
14
15
18
20
23
4
8
9
11
13
15
17
21
22
24
5
8
11
12
13
14
15
18
19
20
1
4
7
9
11
13
15
18
23
25
6
11
12
13
16
17
18
23
24
25
37
