time_cost:60476ms
ontime_proportion:1.000000
max_delay:0
avg_delay:0.000000
avg_flowtime:17.100000
object function value:-430.000000
0
0
3
4
7
8
9
10
15
16
19
0
0
0
0
0
0
0
3
5
6
0
0
0
0
0
1
8
11
14
16
0
0
0
0
0
0
0
0
0
3
0
0
0
0
0
0
0
0
0
2
0
0
0
0
0
0
0
0
2
4
0
0
0
0
0
0
0
0
0
0
0
0
0
0
0
0
0
0
0
0
0
0
0
0
0
0
0
0
1
2
0
0
3
5
7
9
11
14
17
19
2
5
8
10
12
14
16
19
22
24
2
6
7
8
9
10
12
16
18
19
5
9
10
13
15
17
18
22
23
24
5
10
12
13
14
16
17
22
24
25
0
4
5
7
9
11
12
16
17
18
1
6
7
9
11
12
13
18
19
20
5
10
12
13
14
16
17
22
24
25
4
9
10
11
15
16
17
22
23
24
7
11
12
14
16
18
20
24
25
27
7
11
12
14
17
19
21
25
26
28
5
9
10
11
13
15
16
20
21
22
9
13
14
15
18
20
21
25
26
27
6
10
12
14
16
18
19
23
25
27
3
7
8
10
12
14
16
20
21
23
1
5
6
8
10
12
14
18
19
21
4
9
11
12
13
15
16
21
23
24
3
7
10
13
17
19
20
24
26
28
6
12
13
14
16
17
18
23
24
25
4
8
9
10
11
12
14
18
19
20
3
8
9
10
12
14
15
20
21
22
30
