time_cost:54912ms
ontime_proportion:1.000000
max_delay:0
avg_delay:0.000000
avg_flowtime:18.766667
object function value:-374.444444
0
0
0
0
0
1
2
7
11
13
15
0
0
0
0
0
1
9
13
15
16
0
3
4
6
8
10
12
16
17
19
0
0
0
0
0
0
0
0
0
1
0
1
3
8
10
12
13
16
18
21
0
0
0
0
0
1
9
14
16
17
0
0
0
0
0
2
3
7
9
11
0
0
0
0
0
0
0
2
3
4
0
0
0
0
0
0
0
2
3
4
0
0
0
0
0
0
0
0
0
2
8
12
14
15
17
19
20
24
25
26
3
7
8
10
12
14
16
20
21
23
1
6
7
8
10
11
12
17
18
19
6
9
10
11
12
13
14
17
18
19
5
9
11
13
15
17
18
22
24
26
5
10
13
15
17
19
21
25
26
30
0
4
6
10
12
14
15
19
20
23
3
8
9
10
14
15
16
21
22
23
9
14
16
17
20
22
23
28
30
31
3
8
9
12
13
14
15
20
21
24
1
6
8
9
10
12
13
18
20
21
5
9
11
13
15
17
18
22
24
26
8
12
13
15
18
20
22
26
27
29
0
4
5
6
8
10
11
15
16
19
5
8
11
13
15
17
19
22
25
27
1
4
5
6
7
8
9
12
13
14
3
8
9
10
12
13
14
19
20
21
4
9
10
13
14
15
16
21
22
25
6
9
12
14
16
18
20
23
26
28
7
10
12
17
19
21
22
25
27
30
32
