time_cost:192ms
ontime_proportion:0.966667
max_delay:1
avg_delay:0.033333
avg_flowtime:17.866667
object function value:-71.111111
0
0
0
0
0
0
2
10
15
16
17
0
0
0
0
0
0
0
3
4
5
0
0
0
0
0
0
0
0
1
4
0
0
1
3
4
6
9
14
15
17
0
0
0
0
0
1
7
12
13
16
0
0
0
0
0
0
0
0
0
0
0
0
0
0
0
0
0
0
0
0
0
0
0
3
4
5
10
14
15
18
0
0
0
0
0
0
0
0
1
2
0
0
0
0
0
0
8
13
14
15
2
7
8
9
11
13
14
19
20
24
4
9
10
12
13
15
17
22
23
25
0
3
4
5
7
9
12
15
17
19
3
8
9
10
12
14
16
21
22
23
4
9
10
11
13
15
16
21
22
23
0
5
6
7
9
11
12
17
18
19
5
10
11
12
13
14
15
20
21
22
5
10
11
13
14
15
16
21
22
23
5
10
13
15
17
18
19
24
27
29
4
9
10
11
12
13
14
19
20
21
0
3
4
7
9
11
12
15
16
19
9
14
15
16
17
18
19
24
25
26
5
10
11
14
15
16
17
22
23
27
2
7
8
9
11
12
14
19
20
21
3
7
8
11
12
13
14
18
19
22
7
12
13
17
19
20
22
27
28
29
7
12
13
14
16
19
20
25
26
27
1
5
6
7
9
11
12
16
17
21
10
14
15
16
18
20
21
25
26
27
5
10
12
14
15
17
19
24
25
27
31
