time_cost:6391ms
ontime_proportion:0.900000
max_delay:3
avg_delay:0.266667
avg_flowtime:20.366667
object function value:678.888889
0
0
0
0
0
0
0
0
0
0
0
0
0
0
0
0
0
0
0
0
2
0
0
0
0
0
0
0
0
1
3
0
0
0
0
0
0
0
1
3
13
0
0
0
1
3
5
9
13
15
17
0
8
11
12
15
17
18
23
25
26
0
0
0
0
0
0
0
0
0
1
0
0
0
0
1
2
5
9
12
14
0
0
0
3
5
7
9
14
15
22
0
0
0
0
1
2
9
14
16
17
4
8
11
12
14
15
17
21
22
23
4
9
10
11
13
15
16
21
22
23
8
13
14
15
21
23
24
29
30
31
5
9
10
13
16
18
20
24
25
28
7
12
15
17
19
21
23
26
29
31
2
5
8
15
17
19
21
24
27
29
1
4
10
14
16
18
20
23
26
30
5
10
12
14
18
20
21
25
27
29
3
6
8
11
13
15
16
19
21
26
2
7
8
12
13
14
15
20
21
24
4
8
12
13
15
16
17
20
21
22
4
7
8
9
10
11
12
15
16
17
5
10
12
15
17
19
20
23
25
28
2
5
8
10
12
14
16
19
22
24
0
3
6
8
11
13
15
18
21
23
0
10
12
13
14
16
17
22
24
25
4
7
10
12
14
16
18
21
24
26
1
5
6
7
9
11
12
16
17
24
7
12
13
15
20
22
24
28
29
31
0
4
5
9
11
13
14
18
19
20
33
