time_cost:766ms
ontime_proportion:1.000000
max_delay:0
avg_delay:0.000000
avg_flowtime:18.000000
object function value:-400.000000
0
0
0
0
0
0
2
10
15
16
17
0
0
0
0
0
0
0
3
4
5
0
0
0
0
0
0
0
0
1
4
0
0
1
3
4
6
8
13
14
16
0
0
0
0
0
1
7
12
13
16
0
0
0
0
0
0
0
0
0
0
0
0
0
0
0
0
0
0
0
0
0
0
0
3
4
5
10
14
15
18
0
0
0
0
0
0
0
0
1
2
0
0
0
0
0
0
9
14
15
16
2
7
8
9
11
13
14
19
20
24
7
12
13
15
16
18
20
25
26
28
0
3
4
5
7
9
11
14
15
16
3
8
9
10
12
13
15
20
21
23
4
9
10
11
13
15
16
21
22
23
0
5
6
7
9
11
12
17
18
19
7
12
13
14
15
16
17
22
23
26
5
10
11
12
13
14
15
20
21
22
5
10
13
15
17
18
19
24
27
29
4
9
10
11
12
14
15
20
21
28
0
3
4
7
9
11
12
15
16
19
2
7
8
9
13
14
15
20
21
27
5
10
11
13
14
15
16
21
22
23
2
7
8
9
11
12
14
19
20
21
3
7
8
11
12
13
14
18
19
22
6
11
12
13
16
17
19
24
25
26
7
12
13
14
17
19
20
25
26
27
1
5
6
7
9
11
12
16
17
19
2
6
7
8
10
12
13
17
18
19
5
10
11
13
14
16
18
23
24
26
31
