time_cost:4672ms
ontime_proportion:0.933333
max_delay:1
avg_delay:0.066667
avg_flowtime:20.300000
object function value:343.333333
0
0
0
0
0
0
0
0
0
3
4
0
0
0
0
0
0
0
0
0
3
0
0
0
0
0
0
4
13
18
20
0
0
0
0
0
0
1
13
16
22
0
0
0
0
0
0
0
0
0
2
0
0
0
0
0
0
0
0
0
0
0
0
0
0
0
0
0
0
0
3
0
5
8
10
11
12
14
19
22
24
0
0
0
0
2
3
7
13
16
19
0
0
0
0
0
0
0
0
0
0
1
4
5
8
9
10
12
15
16
19
0
3
6
14
17
19
21
25
28
31
5
10
13
15
17
19
20
25
28
30
5
9
12
16
18
20
22
26
29
32
1
5
7
8
10
11
13
17
19
20
4
9
12
14
15
17
18
23
26
28
5
10
13
15
16
17
19
24
27
30
1
4
5
9
10
11
13
16
17
20
0
12
15
17
18
21
22
28
31
33
4
9
11
12
13
14
15
20
22
23
3
6
9
10
11
13
14
17
20
21
6
11
13
14
16
17
19
23
25
26
2
6
9
12
14
16
18
22
25
28
3
12
15
17
18
20
22
27
30
32
3
7
9
10
12
13
15
19
21
22
1
6
9
11
13
15
17
22
25
27
5
10
13
15
16
18
19
24
27
29
0
3
4
7
8
9
11
16
17
20
0
5
8
10
11
12
14
19
22
24
6
13
16
18
20
22
23
27
30
32
34
