time_cost:180ms
ontime_proportion:1.000000
max_delay:0
avg_delay:0.000000
avg_flowtime:18.066667
object function value:-397.777778
0
0
0
0
0
0
0
0
0
0
3
0
0
0
0
0
0
0
0
0
0
0
0
0
0
0
0
0
0
0
2
0
0
0
0
0
0
9
14
15
16
0
0
0
0
1
3
8
11
12
15
0
1
2
5
7
9
10
13
14
17
0
0
0
0
0
0
0
0
0
2
0
0
0
0
0
0
7
12
13
17
0
0
0
0
0
0
0
2
3
4
0
0
0
0
1
3
8
13
14
16
7
12
13
14
16
17
18
23
24
25
2
7
8
9
11
13
14
19
20
21
4
9
10
11
13
14
16
21
22
23
2
6
7
11
12
13
14
18
19
22
0
4
5
8
9
10
11
15
16
19
5
10
11
13
14
17
19
24
25
27
3
8
11
13
15
16
17
22
25
27
0
5
6
7
8
9
10
15
16
17
3
7
8
9
11
13
14
18
19
20
5
10
11
13
15
16
17
22
23
25
5
10
11
15
17
18
19
24
25
27
7
12
13
15
17
19
20
25
26
27
1
4
5
8
10
12
13
16
17
21
5
10
11
12
14
15
17
22
23
24
3
8
9
11
16
18
20
25
26
28
1
5
6
9
10
11
12
16
17
20
1
5
9
13
14
17
18
22
23
26
5
10
12
13
15
17
18
23
24
25
6
9
10
11
13
15
17
20
21
22
2
7
8
10
12
13
15
20
21
23
29
