time_cost:4009ms
ontime_proportion:0.933333
max_delay:2
avg_delay:0.100000
avg_flowtime:19.500000
object function value:316.666667
0
0
0
1
4
5
6
10
15
16
19
0
0
0
0
1
2
8
11
13
14
0
0
0
0
0
3
9
13
14
16
0
0
0
0
0
0
0
0
0
1
0
0
0
0
0
0
0
0
0
0
0
0
0
0
0
0
0
3
4
7
0
0
0
2
4
6
9
13
15
17
0
0
0
0
0
1
8
12
13
15
0
0
0
3
4
5
8
13
14
17
0
0
0
1
2
3
10
14
15
16
2
5
6
7
8
9
10
13
14
16
5
9
11
13
15
17
18
22
24
26
9
14
16
17
20
22
23
28
30
31
5
9
11
13
15
17
18
22
24
26
5
11
12
15
19
20
21
26
27
30
5
11
13
15
17
19
20
25
27
28
3
8
9
10
12
13
14
19
20
21
1
4
7
9
11
13
15
18
21
23
7
10
11
12
15
18
19
22
24
25
5
9
10
11
13
16
18
22
23
24
2
5
10
13
15
17
18
21
23
26
3
8
10
16
17
18
19
24
25
28
4
9
11
14
17
19
20
25
27
28
3
7
8
10
13
15
17
21
22
24
2
5
8
10
12
14
16
19
22
24
3
8
9
10
12
13
14
19
20
21
2
7
8
12
14
15
16
21
22
23
7
11
12
15
17
19
21
25
26
29
0
3
4
5
6
7
9
12
14
15
5
11
13
14
19
21
22
27
29
30
32
