time_cost:4717ms
ontime_proportion:0.766667
max_delay:10
avg_delay:1.500000
avg_flowtime:23.933333
object function value:2131.111111
0
0
0
0
0
0
0
0
0
0
3
0
0
0
0
0
0
0
0
0
1
0
0
0
2
3
5
10
33
36
38
0
5
8
10
11
13
15
21
24
26
0
0
0
0
0
1
3
8
11
13
0
0
1
2
3
4
5
10
12
14
0
2
5
7
9
11
12
15
18
23
0
0
0
0
0
0
0
0
0
2
0
0
0
0
0
0
0
0
0
2
0
0
0
0
0
0
11
35
37
38
7
16
19
20
22
25
27
31
33
35
8
16
18
19
22
24
26
30
32
33
2
13
16
18
20
22
23
26
29
31
7
17
20
22
23
26
27
32
35
37
2
10
13
15
16
18
19
24
27
29
3
6
9
12
14
15
17
20
23
28
2
7
10
12
13
14
16
21
24
26
2
11
14
16
18
20
22
27
30
32
5
10
12
16
17
19
21
24
25
28
7
13
16
19
21
23
25
28
31
34
7
14
17
19
20
22
24
29
32
34
7
10
13
14
18
21
22
25
28
29
0
3
6
11
13
14
16
21
24
27
0
3
6
8
10
12
13
16
19
21
4
7
10
12
14
16
17
20
23
25
4
7
10
13
14
15
17
20
21
24
0
3
6
9
11
12
14
18
21
26
3
7
10
13
15
17
19
23
26
29
1
4
7
10
12
13
15
18
21
24
10
18
21
23
25
27
28
32
35
37
40
