time_cost:6536ms
ontime_proportion:0.966667
max_delay:1
avg_delay:0.033333
avg_flowtime:17.400000
object function value:-86.666667
0
0
3
4
7
8
9
10
15
16
19
0
0
0
0
0
0
0
3
5
6
0
0
0
0
0
1
8
11
14
16
0
0
0
0
0
0
0
0
0
3
0
0
0
0
0
0
0
0
0
2
0
0
0
0
0
0
0
0
2
4
0
0
0
0
0
0
0
0
0
0
0
0
0
0
0
0
0
0
0
0
0
0
0
0
0
0
0
0
1
2
0
0
3
5
7
9
11
14
17
19
2
5
8
10
12
14
16
19
22
24
2
6
7
8
9
10
12
16
17
18
5
9
10
13
15
17
18
22
23
24
5
10
12
13
14
16
17
22
24
26
0
4
5
8
10
12
13
17
18
19
1
6
7
8
10
11
12
17
19
21
5
10
12
13
14
16
17
22
24
25
6
11
12
13
16
17
18
23
24
25
4
8
10
13
17
19
21
25
26
28
4
8
9
11
15
17
19
23
24
26
5
9
10
11
13
15
16
20
21
22
6
10
11
15
17
19
20
24
25
26
8
12
14
16
19
21
22
26
28
30
9
13
14
16
18
20
22
26
27
29
1
5
6
8
10
12
14
18
19
21
4
9
11
12
16
18
19
24
26
27
3
7
9
11
13
15
16
20
22
24
4
9
10
11
13
14
15
20
21
23
4
8
9
10
11
12
14
18
19
20
7
12
13
14
18
19
20
25
26
27
32
