time_cost:69948ms
ontime_proportion:1.000000
max_delay:0
avg_delay:0.000000
avg_flowtime:17.200000
object function value:-426.666667
0
0
0
0
0
0
2
9
14
15
16
0
0
0
0
0
0
0
3
4
5
0
0
0
0
0
0
0
0
1
3
0
0
1
3
4
6
9
14
15
17
0
0
0
0
0
1
8
13
14
16
0
0
0
0
0
0
0
0
0
0
0
0
0
0
0
0
0
0
0
0
0
0
0
3
4
5
10
14
15
18
0
0
0
0
0
0
0
0
1
2
0
0
0
0
0
0
7
12
13
14
2
7
8
9
11
13
14
19
20
21
4
9
10
12
13
15
17
22
23
25
0
3
4
5
7
9
11
14
15
16
3
8
9
10
12
14
16
21
22
23
4
9
10
11
13
16
17
22
23
24
0
5
6
7
9
11
12
17
18
19
5
10
11
12
13
14
15
20
21
22
10
15
16
17
18
19
20
25
26
27
5
10
13
15
17
18
19
24
27
29
4
9
10
11
12
13
14
19
20
21
0
3
4
7
9
11
12
15
16
19
2
7
8
9
10
11
12
17
18
19
5
10
11
13
14
15
16
21
22
23
2
7
8
9
11
12
14
19
20
21
3
7
8
11
12
13
14
18
19
22
7
12
13
15
17
18
20
25
26
27
7
12
13
14
16
18
19
24
25
26
1
5
6
7
9
11
12
16
17
18
7
11
12
13
15
17
18
22
23
24
5
10
11
13
14
16
18
23
24
26
31
