time_cost:4455ms
ontime_proportion:1.000000
max_delay:0
avg_delay:0.000000
avg_flowtime:17.766667
object function value:-407.777778
0
0
0
1
4
5
6
7
12
13
16
0
0
0
0
0
0
0
0
0
0
0
0
0
0
0
0
0
0
0
1
0
0
0
0
0
0
0
0
0
1
0
0
0
0
0
1
8
11
12
13
0
0
0
0
0
2
8
11
14
16
0
0
0
2
4
6
9
13
15
17
0
0
0
0
0
1
6
10
12
13
0
0
0
0
0
0
5
8
10
22
0
0
0
0
0
0
0
0
1
4
3
8
9
10
14
15
16
21
22
23
2
6
7
8
9
10
12
16
17
18
8
12
13
14
15
16
19
23
24
25
3
8
9
10
12
13
14
19
20
21
0
5
7
8
10
12
13
18
20
30
4
7
8
9
10
11
12
15
16
17
5
9
10
11
12
13
15
19
20
21
3
7
8
11
13
15
16
20
21
24
3
6
8
15
17
19
20
23
25
28
1
5
6
9
11
13
14
18
19
20
0
4
5
6
7
8
10
14
15
16
0
3
5
13
15
17
18
21
23
26
1
4
5
6
7
8
9
12
13
14
3
8
9
12
13
14
15
20
21
24
3
8
9
10
13
16
17
22
23
24
7
11
12
14
16
18
20
24
25
27
4
9
11
13
14
16
17
22
24
25
6
11
13
14
15
17
18
23
25
26
1
5
6
7
9
11
12
16
17
18
5
9
10
11
12
13
15
19
20
21
31
