time_cost:772ms
ontime_proportion:1.000000
max_delay:0
avg_delay:0.000000
avg_flowtime:19.933333
object function value:-335.555556
0
0
0
0
2
4
6
8
11
12
15
0
0
1
3
4
6
8
13
14
17
0
0
0
0
0
0
0
0
0
0
0
0
1
2
3
4
9
14
15
16
0
0
0
0
0
0
0
0
0
2
0
0
1
4
6
8
9
12
13
16
0
3
4
7
10
12
13
16
17
20
0
5
6
8
9
11
13
18
19
21
0
0
0
0
0
0
10
15
18
20
0
1
2
3
5
6
10
15
16
17
5
10
12
13
17
19
20
25
26
27
6
11
12
13
16
18
20
25
26
27
5
10
11
12
15
16
18
23
24
25
1
5
8
11
13
15
16
20
21
24
4
8
9
12
13
14
15
19
20
23
7
12
13
16
18
19
20
25
26
28
4
9
10
14
16
17
18
23
24
26
5
10
12
15
17
19
20
25
26
27
3
6
7
10
12
14
15
18
19
22
1
6
7
9
11
12
13
18
19
21
1
5
6
7
9
11
12
16
17
18
2
7
8
9
11
13
14
19
20
21
6
10
11
14
16
17
18
22
24
27
6
10
12
15
16
17
18
22
23
26
4
9
10
12
14
15
16
21
22
24
2
7
8
10
11
13
15
20
21
23
1
5
6
9
10
11
12
16
17
20
5
10
11
12
13
14
15
20
21
22
0
4
5
6
14
16
17
21
23
24
1
6
7
8
9
10
11
16
17
18
30
