time_cost:67069ms
ontime_proportion:1.000000
max_delay:0
avg_delay:0.000000
avg_flowtime:20.200000
object function value:-326.666667
0
0
0
0
0
0
0
0
0
2
5
0
0
1
3
5
7
8
12
14
16
0
0
0
0
0
0
1
5
6
15
0
0
0
0
0
1
6
10
12
14
0
0
0
1
2
3
7
11
12
13
0
0
0
0
0
0
0
0
0
0
0
2
4
7
9
11
12
15
17
23
0
0
0
0
0
1
2
5
7
19
0
0
0
0
0
0
0
0
0
2
0
0
0
0
0
0
8
12
13
15
1
5
6
7
8
9
11
15
16
17
0
4
5
9
11
13
14
18
19
28
4
8
9
17
19
21
22
26
27
32
3
7
8
10
12
14
16
20
21
23
5
8
10
21
23
25
26
29
31
34
5
9
12
13
15
16
17
20
21
22
3
8
10
13
14
15
16
21
22
25
0
5
6
9
10
11
12
17
18
21
5
9
10
12
14
16
18
22
23
25
6
11
12
13
17
18
19
24
26
27
1
6
8
9
10
12
13
18
20
21
3
8
9
10
12
13
14
19
20
21
4
7
9
13
15
17
18
21
23
26
5
10
11
14
16
18
19
24
25
27
8
11
13
15
16
18
19
22
23
24
2
5
7
11
13
15
16
19
21
30
5
9
10
12
17
19
21
25
26
28
7
10
13
14
16
17
18
21
22
23
1
4
7
12
14
16
18
21
24
26
1
7
10
11
13
14
15
20
21
22
36
