time_cost:60852ms
ontime_proportion:1.000000
max_delay:0
avg_delay:0.000000
avg_flowtime:19.033333
object function value:-365.555556
0
0
0
0
0
0
0
1
4
6
10
0
0
0
2
4
6
7
11
13
15
0
0
1
2
4
5
8
13
14
16
0
0
0
0
0
0
9
14
15
18
0
0
0
0
1
2
8
12
15
16
0
0
0
0
0
0
0
0
0
0
0
0
0
0
0
0
0
0
0
0
0
3
4
5
7
8
11
16
17
18
0
0
0
0
0
0
0
0
1
5
0
1
2
3
5
7
11
15
16
17
1
4
7
9
13
15
17
20
23
25
4
7
9
12
14
16
17
20
22
25
5
9
10
12
14
15
17
21
22
23
0
3
6
8
12
14
16
19
22
24
5
9
10
12
14
16
18
22
23
25
11
14
15
16
18
20
21
24
25
26
4
8
9
10
11
12
14
18
19
20
3
6
9
14
16
18
20
23
26
28
6
11
13
14
17
19
20
25
27
28
6
11
13
14
17
19
20
25
27
28
2
6
7
8
10
12
13
17
18
19
2
7
9
11
12
14
15
20
22
23
1
6
8
9
10
12
13
18
20
22
6
11
12
15
16
17
18
23
24
29
5
9
10
11
12
13
15
19
20
21
5
9
11
13
15
17
18
22
24
27
0
5
6
9
10
11
12
17
18
21
6
11
13
14
15
17
18
23
25
27
4
9
11
12
13
14
16
20
21
22
1
6
7
10
11
12
13
18
19
22
30
