time_cost:62286ms
ontime_proportion:1.000000
max_delay:0
avg_delay:0.000000
avg_flowtime:18.866667
object function value:-371.111111
0
0
0
0
0
1
2
7
11
13
14
0
0
0
0
0
1
9
13
14
16
0
3
4
6
8
10
12
16
17
19
0
0
0
0
0
0
0
0
0
1
0
1
3
12
17
19
20
23
25
28
0
0
0
0
0
1
8
13
15
16
0
0
0
0
0
2
3
7
9
11
0
0
0
0
0
0
0
2
3
4
0
0
0
0
0
0
0
2
3
4
0
0
0
0
0
0
0
0
0
2
7
11
13
14
16
18
19
23
24
25
3
7
8
10
13
15
17
21
22
24
1
6
7
8
10
11
12
17
18
19
10
13
15
16
19
20
21
24
25
26
6
10
13
15
17
19
20
24
26
28
5
10
13
15
17
19
21
25
26
29
0
4
5
8
10
12
13
17
18
19
6
11
12
13
15
16
17
22
23
24
1
7
9
10
11
13
14
19
21
22
4
9
10
13
14
15
16
21
22
25
1
6
8
9
10
12
13
18
20
21
5
9
11
13
15
17
18
22
24
26
6
10
13
15
18
20
22
26
27
29
0
4
5
6
8
10
11
15
16
17
5
8
11
13
15
17
19
22
25
27
1
4
6
7
8
9
10
13
14
15
3
8
9
12
14
15
16
21
22
23
4
9
10
13
14
15
16
21
22
25
5
8
11
13
15
17
19
22
25
27
2
5
7
10
12
14
15
18
20
23
31
