time_cost:67832ms
ontime_proportion:1.000000
max_delay:0
avg_delay:0.000000
avg_flowtime:21.666667
object function value:-277.777778
0
0
0
0
0
0
0
0
0
1
2
0
0
0
0
0
0
7
12
15
18
0
0
0
0
2
4
9
17
18
19
0
0
0
0
1
2
7
13
16
20
0
0
0
0
0
0
0
0
0
3
0
0
0
0
1
3
9
15
18
21
0
0
0
0
0
0
0
0
0
0
0
5
8
11
12
13
15
20
23
26
0
0
0
0
0
2
9
15
19
20
0
0
0
0
0
1
8
14
17
19
5
8
11
14
16
17
19
22
25
28
1
11
14
17
18
19
21
26
29
32
4
9
12
13
14
16
17
22
25
26
2
5
7
9
10
11
12
15
17
19
2
7
9
10
11
13
14
19
21
22
4
7
9
12
14
16
17
20
22
25
1
4
6
8
9
10
11
14
18
20
4
11
13
14
17
19
20
25
28
29
1
11
14
16
17
19
20
25
28
29
2
7
9
10
11
13
14
19
21
23
0
5
8
11
13
15
17
22
25
29
6
9
11
14
15
16
17
20
22
24
7
13
15
18
20
22
23
27
29
32
0
4
7
9
11
13
15
19
22
24
5
10
13
15
16
17
18
23
26
28
6
12
13
15
17
19
20
25
26
30
5
8
10
11
13
15
16
19
20
21
3
8
11
14
16
17
19
22
25
28
6
13
15
18
20
22
23
26
28
31
4
9
12
14
16
17
18
23
26
28
34
