time_cost:222ms
ontime_proportion:0.800000
max_delay:8
avg_delay:1.000000
avg_flowtime:22.633333
object function value:1754.444444
0
0
0
0
0
0
0
0
0
0
1
0
0
2
4
6
8
9
12
15
17
0
0
0
0
0
0
0
2
5
7
0
0
0
0
0
0
0
0
3
5
0
0
3
5
6
8
9
14
17
19
0
0
0
0
0
0
0
1
2
5
0
0
0
0
0
0
9
15
19
22
0
0
0
0
0
0
0
2
5
7
0
0
0
1
2
4
5
11
14
16
0
0
0
0
0
0
8
15
18
21
6
14
16
19
21
23
25
28
29
32
1
8
11
14
16
17
19
22
25
28
4
11
14
17
18
19
21
26
29
31
0
3
6
9
11
12
14
17
20
23
2
6
8
9
11
12
14
18
20
21
6
14
17
19
22
25
26
31
34
36
5
8
9
12
13
14
16
19
20
23
1
5
8
11
16
21
23
27
31
36
2
6
9
12
14
16
18
22
25
28
1
11
14
17
19
21
23
29
32
35
3
6
9
12
14
15
17
20
23
26
0
5
7
8
9
10
11
16
18
19
3
8
11
13
14
16
17
22
25
27
2
5
8
10
12
14
15
18
21
23
5
9
12
15
17
19
21
25
28
31
0
9
12
13
14
16
17
22
24
25
5
12
15
18
20
23
25
29
32
35
5
9
12
18
20
22
24
28
31
34
3
7
10
16
18
19
21
24
27
30
1
10
13
14
15
17
18
23
25
26
38
