time_cost:199ms
ontime_proportion:0.966667
max_delay:2
avg_delay:0.066667
avg_flowtime:18.600000
object function value:-46.666667
0
0
0
0
0
0
0
0
3
4
10
0
0
0
0
1
2
3
7
8
11
0
0
0
2
4
5
6
11
12
14
0
0
0
0
0
1
10
15
17
19
0
0
0
0
1
3
5
8
11
14
0
0
0
0
0
0
0
0
1
2
0
0
0
0
0
0
0
0
0
4
0
3
4
5
7
9
10
14
15
16
0
0
0
0
0
0
0
0
0
0
0
0
0
0
0
0
1
6
7
10
7
11
12
13
17
19
20
24
25
30
0
5
6
7
9
14
16
21
23
24
1
6
7
8
10
11
13
18
19
20
7
12
13
14
18
19
21
26
27
28
5
10
11
12
15
17
18
23
24
28
6
9
11
14
16
18
19
22
23
26
0
4
5
8
10
12
13
17
18
19
9
13
14
17
19
21
22
26
27
30
5
9
10
11
13
15
16
20
22
26
5
9
10
11
13
15
16
20
21
23
5
8
9
12
14
16
17
20
21
24
0
3
4
7
9
11
12
15
16
22
1
5
6
9
10
11
12
16
17
21
2
7
8
10
11
13
15
20
21
23
9
13
14
17
19
20
21
25
26
29
5
8
9
12
14
16
17
20
21
24
2
7
8
10
12
13
14
19
20
22
8
13
14
15
20
21
22
27
28
29
1
4
5
6
8
10
12
15
16
17
3
7
8
11
12
13
14
18
19
22
32
