time_cost:67632ms
ontime_proportion:1.000000
max_delay:0
avg_delay:0.000000
avg_flowtime:18.433333
object function value:-385.555556
0
0
0
0
0
1
3
9
12
13
16
0
1
2
3
4
5
7
12
13
14
0
0
0
0
0
1
9
12
15
16
0
0
0
0
2
3
10
15
18
20
0
0
0
1
3
5
11
16
17
19
0
0
0
0
1
2
7
12
13
15
0
0
0
0
0
0
0
2
3
6
0
0
0
0
0
0
0
0
0
2
0
0
0
0
0
0
0
4
5
6
0
0
0
0
0
0
0
0
0
1
4
7
10
13
15
17
18
21
22
25
7
11
12
13
15
17
18
22
23
24
9
13
14
15
17
19
20
24
25
26
2
7
8
9
11
12
14
19
20
21
1
4
5
8
10
12
13
16
17
20
2
6
7
8
10
12
13
17
18
19
4
9
10
11
12
13
14
19
20
21
6
11
12
13
15
16
17
22
23
24
5
10
11
12
15
18
20
25
26
27
6
11
13
15
17
18
19
24
25
27
4
9
12
14
16
17
18
23
26
28
4
9
10
11
13
15
16
21
22
23
2
7
8
10
12
13
14
19
20
23
2
5
6
10
12
14
15
18
19
22
1
4
5
6
8
10
12
15
16
17
5
8
10
11
13
15
17
20
21
22
5
9
10
13
14
15
16
20
21
24
2
7
8
12
14
15
16
21
22
25
0
5
6
7
8
9
10
15
16
17
2
6
7
10
11
12
13
17
18
21
30
