time_cost:101ms
ontime_proportion:1.000000
max_delay:0
avg_delay:0.000000
avg_flowtime:20.566667
object function value:-314.444444
0
0
0
0
0
0
2
6
9
10
13
0
4
5
9
11
12
14
20
21
22
0
0
0
4
6
7
12
17
21
25
0
0
1
3
5
6
11
16
17
19
0
0
0
0
0
1
5
10
13
15
0
0
0
0
0
0
6
11
12
15
0
0
0
0
1
2
8
12
13
16
0
0
0
0
0
0
9
14
17
19
0
0
1
3
4
6
8
13
14
17
0
0
0
0
0
0
0
0
0
1
2
7
8
9
18
20
21
26
27
28
1
6
7
9
11
12
13
18
19
21
8
13
14
15
20
21
22
27
28
29
1
5
6
7
9
11
12
16
17
18
4
8
9
10
12
14
15
19
20
21
5
8
9
12
14
16
17
20
21
24
5
8
9
10
12
14
16
19
20
21
1
6
7
8
10
12
13
18
19
20
4
9
10
11
13
15
16
21
22
23
0
4
5
6
8
10
12
16
17
19
0
5
6
11
17
18
19
24
25
27
7
12
13
14
16
18
19
24
25
26
0
5
6
8
9
11
13
18
19
21
5
9
10
13
16
17
18
22
23
26
3
7
8
12
14
16
17
21
22
23
3
8
9
10
12
13
15
20
21
22
7
12
13
16
18
20
22
27
28
30
8
11
12
14
20
22
24
27
28
29
0
4
5
6
8
10
11
15
16
17
3
7
8
9
12
14
15
19
20
23
31
