time_cost:65468ms
ontime_proportion:0.866667
max_delay:6
avg_delay:0.533333
avg_flowtime:20.233333
object function value:1007.777778
0
0
0
0
0
0
0
0
0
0
1
0
0
0
0
0
0
0
0
2
4
0
2
5
8
10
12
14
18
21
24
0
0
0
0
0
0
0
0
0
1
0
0
0
0
0
0
0
0
0
1
0
0
0
0
1
2
3
8
10
11
0
0
0
0
0
0
0
0
3
5
0
0
0
1
3
4
9
18
20
23
0
1
4
6
8
10
11
14
17
21
0
0
0
0
0
0
0
0
2
5
0
5
8
10
11
13
14
19
22
25
4
9
12
14
15
17
19
24
27
29
0
3
6
8
10
12
13
17
20
22
5
8
11
14
16
17
19
22
25
28
1
6
9
11
12
14
16
21
24
26
1
4
7
8
9
11
12
15
18
20
2
15
18
19
22
24
25
28
31
32
1
4
5
8
9
10
12
18
19
22
3
10
13
15
17
19
21
26
29
31
6
9
10
13
14
15
17
20
21
24
5
12
15
17
19
21
22
27
30
32
1
5
7
8
11
12
14
18
20
21
4
9
12
15
16
18
20
25
28
30
0
3
4
7
8
9
11
14
15
18
9
15
18
20
21
22
24
30
33
35
5
14
17
19
20
22
24
29
32
34
8
11
14
15
17
19
20
23
26
27
8
13
15
16
19
20
21
26
28
29
2
5
8
9
12
14
15
21
24
25
3
6
9
12
14
15
17
20
23
26
36
