time_cost:70719ms
ontime_proportion:1.000000
max_delay:0
avg_delay:0.000000
avg_flowtime:19.133333
object function value:-362.222222
0
0
0
0
0
0
0
0
1
4
6
0
0
1
2
4
6
10
14
15
16
0
0
0
0
0
0
2
6
10
13
0
0
0
0
0
0
0
0
1
4
0
4
5
9
11
12
14
19
20
21
0
0
0
0
0
0
0
2
3
6
0
0
0
0
1
2
4
9
10
11
0
0
0
0
1
3
9
14
15
17
0
0
0
2
4
6
7
10
11
14
0
0
0
0
1
2
9
13
14
17
5
10
11
13
14
16
18
23
24
26
4
9
10
11
13
14
15
20
21
22
1
6
7
8
10
12
13
18
19
20
0
5
8
10
12
13
14
19
22
24
2
7
10
12
14
15
16
21
24
26
4
8
9
10
12
14
15
19
20
21
6
9
10
11
13
15
17
20
21
22
0
3
4
5
7
9
11
14
15
16
1
5
6
7
9
11
12
16
17
18
1
4
5
8
10
12
13
16
17
20
0
5
6
7
9
11
12
17
18
19
7
12
14
15
17
18
20
25
26
27
5
10
11
13
15
16
17
22
23
25
4
9
12
14
16
17
18
23
26
28
3
6
7
10
12
14
15
18
19
22
5
8
9
12
14
16
18
21
22
23
6
11
12
14
15
17
19
24
25
27
0
4
5
8
9
10
11
15
16
19
5
10
13
16
18
19
20
25
28
30
0
5
8
10
11
13
15
20
21
23
32
