time_cost:67878ms
ontime_proportion:1.000000
max_delay:0
avg_delay:0.000000
avg_flowtime:19.033333
object function value:-365.555556
0
0
0
0
1
2
4
8
13
15
16
0
0
0
0
0
0
0
2
3
4
0
3
4
6
8
10
12
16
17
19
0
0
0
0
0
0
0
3
5
7
0
0
0
2
4
6
9
13
15
18
0
0
0
0
0
0
0
0
1
4
0
0
0
0
0
1
7
11
12
14
0
0
0
0
0
2
6
9
12
14
0
0
0
1
2
3
9
12
13
14
0
0
1
2
3
5
8
13
15
16
6
9
12
14
16
18
20
23
26
28
1
6
7
8
10
11
12
17
18
23
3
8
9
13
14
15
16
21
22
26
1
6
7
11
13
15
16
21
22
25
5
10
12
13
14
16
17
22
24
25
2
6
7
9
11
13
15
19
20
22
0
4
5
8
10
12
13
17
18
19
5
8
11
13
16
18
20
23
26
28
4
8
9
10
11
12
14
18
19
20
6
10
11
12
15
16
18
22
23
24
1
5
6
10
12
14
15
19
20
21
4
7
8
9
10
11
12
15
16
17
1
4
6
12
14
16
17
20
22
25
0
4
5
6
8
10
11
15
16
17
2
7
8
9
12
13
14
19
20
21
7
11
13
15
18
20
21
25
26
27
3
7
8
10
12
14
16
20
21
23
1
5
6
7
8
9
11
15
16
17
3
6
9
11
14
16
18
21
24
26
4
9
10
11
13
14
15
20
21
22
30
