time_cost:49818ms
ontime_proportion:0.966667
max_delay:3
avg_delay:0.100000
avg_flowtime:19.433333
object function value:-18.888889
0
0
0
0
0
0
0
0
0
3
4
0
0
0
0
0
0
0
0
0
3
0
0
0
0
0
0
0
3
6
10
0
0
0
0
0
0
3
12
15
19
0
0
0
0
0
0
0
0
0
1
0
0
0
0
0
0
0
0
0
0
0
0
0
0
0
0
0
0
0
2
0
5
8
10
11
12
14
19
22
24
0
0
0
0
2
3
7
13
16
19
0
0
0
0
0
0
0
0
0
0
1
4
5
8
9
10
12
15
16
19
0
3
6
9
11
12
14
17
20
23
5
11
14
16
18
20
21
27
30
32
5
9
12
15
17
19
21
25
28
31
1
5
7
8
10
11
13
17
19
20
4
9
12
14
16
18
19
24
27
29
5
10
13
15
16
17
19
24
27
29
1
4
5
8
9
10
12
15
16
19
0
5
8
10
11
13
14
19
22
24
4
9
11
12
14
15
16
21
23
24
3
6
9
10
12
14
15
18
21
22
2
7
9
13
15
16
18
22
24
25
2
6
9
12
14
16
18
22
25
28
3
8
11
13
14
16
18
23
26
28
3
8
10
11
13
14
16
20
22
23
6
11
14
16
17
19
21
27
30
32
5
10
13
15
17
19
20
26
29
31
0
3
4
7
8
9
11
14
15
18
0
5
8
15
16
18
20
25
28
30
6
12
15
17
19
21
22
25
28
30
33
