time_cost:63691ms
ontime_proportion:1.000000
max_delay:0
avg_delay:0.000000
avg_flowtime:18.600000
object function value:-380.000000
0
0
0
1
4
5
6
9
14
15
18
0
0
0
0
1
3
10
13
14
15
0
0
0
0
0
1
9
13
14
16
0
0
0
0
0
0
0
0
0
1
0
0
0
0
0
0
0
0
0
0
0
0
0
0
0
0
0
3
4
7
0
0
0
2
4
6
9
13
15
19
0
0
0
0
0
1
8
12
13
15
0
0
0
3
4
5
7
12
15
18
0
0
0
1
2
3
8
12
13
14
2
5
6
7
8
9
10
13
15
16
5
9
11
13
15
17
18
22
24
26
4
12
14
15
17
19
20
25
27
28
5
11
13
15
17
19
20
24
26
28
5
11
12
15
16
17
18
23
24
27
5
10
12
13
14
16
17
22
24
25
3
8
9
10
12
13
14
19
20
21
1
4
7
9
11
13
15
18
21
23
8
11
12
13
14
15
16
19
20
21
2
6
7
8
9
10
12
16
17
18
2
5
7
10
12
14
15
18
20
23
3
8
9
12
14
15
16
21
22
25
4
9
11
12
13
15
16
21
23
24
5
9
10
13
15
17
19
23
24
26
2
5
8
10
12
14
16
19
22
25
3
8
10
11
13
14
15
20
21
22
2
7
8
9
11
12
13
18
19
20
6
10
11
13
15
17
19
23
24
26
0
3
4
5
6
7
9
12
13
14
9
14
16
17
19
21
22
27
29
30
31
