time_cost:4878ms
ontime_proportion:0.933333
max_delay:4
avg_delay:0.233333
avg_flowtime:23.300000
object function value:443.333333
0
0
0
0
0
0
1
6
9
10
14
0
0
0
1
2
3
6
14
17
19
0
0
1
2
4
5
7
14
16
19
0
0
0
0
0
0
0
0
0
0
0
0
0
0
0
0
6
13
16
18
0
0
0
0
1
3
9
16
18
21
0
0
0
0
0
0
9
16
19
21
0
0
3
6
8
9
11
14
17
21
0
0
0
0
0
0
0
0
1
2
0
0
0
0
0
2
9
16
17
20
2
5
8
11
13
14
16
19
22
25
1
4
7
9
11
13
14
17
20
22
4
11
14
16
17
18
20
25
28
30
2
7
10
11
13
16
17
20
23
24
0
5
8
10
11
13
15
20
23
25
3
13
16
19
21
23
25
29
32
35
4
9
11
12
13
14
15
23
26
27
5
12
14
15
16
18
19
26
28
29
0
5
8
10
11
12
14
19
22
24
5
10
13
15
16
18
20
25
28
30
1
13
16
18
19
20
22
28
31
33
5
11
13
14
16
17
19
24
27
28
0
9
12
15
17
19
21
25
28
31
0
4
7
10
12
14
16
20
23
26
0
8
11
13
14
16
17
22
25
27
4
11
14
16
18
20
22
27
30
32
3
6
9
13
15
16
18
21
24
27
1
7
10
11
12
13
14
19
21
22
5
10
13
15
16
18
20
25
28
30
5
9
11
12
14
15
17
22
24
28
37
