time_cost:3868ms
ontime_proportion:0.866667
max_delay:9
avg_delay:0.733333
avg_flowtime:21.400000
object function value:1046.666667
0
0
0
0
0
0
0
0
9
12
14
0
0
0
0
0
0
2
6
7
17
0
0
0
0
0
0
8
12
16
17
0
0
0
0
0
0
0
0
0
0
0
0
0
0
0
0
0
0
1
3
0
0
0
0
0
0
0
0
0
0
0
0
1
4
5
6
7
12
13
17
0
3
4
5
7
9
10
14
15
32
0
0
1
2
3
4
8
11
16
17
0
0
1
3
5
7
9
13
16
18
4
7
9
15
17
19
20
23
25
30
2
5
7
11
13
15
16
19
21
28
0
3
12
24
26
28
29
32
34
37
3
6
9
22
24
26
27
30
32
35
3
8
9
12
13
14
15
20
21
24
7
12
15
16
19
20
21
26
27
28
0
4
5
7
9
11
12
16
17
18
1
4
7
9
13
15
17
20
23
25
5
8
10
13
15
17
18
21
23
26
3
7
8
9
11
13
14
18
19
20
2
5
6
7
8
9
10
13
14
15
6
11
13
16
18
19
20
25
26
29
1
5
6
8
16
18
20
24
25
27
1
4
7
9
11
13
15
18
24
27
5
9
12
13
15
16
17
21
24
25
4
8
10
12
14
16
17
21
23
25
3
8
10
13
14
15
16
21
22
25
6
11
15
16
18
20
21
26
28
29
2
6
7
9
11
13
15
19
20
22
4
9
12
15
17
18
19
24
25
28
39
