time_cost:5664ms
ontime_proportion:0.966667
max_delay:1
avg_delay:0.033333
avg_flowtime:18.233333
object function value:-58.888889
0
0
0
0
3
4
5
9
13
16
18
0
0
0
0
0
0
9
15
18
20
0
0
0
0
1
3
4
8
10
14
0
0
0
0
0
0
0
3
5
6
0
0
0
1
2
3
6
9
10
12
0
0
0
0
0
0
0
0
0
2
0
0
1
2
3
4
8
12
14
16
0
0
0
0
0
0
5
10
13
14
0
0
0
1
2
3
8
12
14
15
0
0
0
0
0
0
0
0
0
1
0
3
4
5
6
7
8
11
12
13
3
7
9
12
14
15
17
21
23
26
0
5
7
10
12
16
18
23
25
28
2
5
7
8
9
10
11
14
16
17
7
11
13
14
16
18
19
23
25
26
4
9
10
11
12
13
14
19
20
21
3
8
10
13
14
16
18
23
25
28
3
6
9
10
12
13
14
17
20
21
5
8
11
14
16
17
18
21
24
25
0
4
6
9
11
12
14
18
20
23
5
10
12
15
16
18
20
25
27
30
4
7
8
9
10
11
13
16
17
18
4
8
11
13
14
15
16
20
23
25
0
4
5
9
10
14
15
19
20
22
0
4
6
7
9
11
12
16
18
19
5
10
12
13
15
18
19
22
23
24
2
5
6
7
8
9
11
14
15
16
1
4
5
6
7
8
10
13
14
15
2
6
9
12
14
15
17
21
23
26
0
6
7
8
10
11
12
17
18
19
31
