time_cost:59509ms
ontime_proportion:1.000000
max_delay:0
avg_delay:0.000000
avg_flowtime:21.033333
object function value:-298.888889
0
0
0
0
0
0
0
0
0
0
0
0
1
4
5
6
8
12
17
20
21
0
0
0
0
0
0
8
14
18
20
0
0
0
0
0
1
8
13
16
18
0
0
2
3
4
5
10
18
20
21
0
0
0
0
0
0
0
0
0
2
0
0
0
0
0
0
0
1
4
8
0
0
0
0
0
2
6
12
15
18
0
0
0
0
1
2
3
11
13
14
0
0
2
4
5
7
8
13
16
18
10
16
18
19
20
21
22
27
29
30
1
5
7
8
10
11
13
17
19
20
0
3
4
7
8
9
11
14
15
18
5
9
12
15
17
19
21
25
28
31
4
8
10
11
13
15
17
21
23
26
0
3
4
7
8
9
11
16
17
20
1
4
7
10
12
13
15
18
21
24
7
13
16
18
19
20
22
27
30
32
2
6
8
9
11
12
14
19
21
25
4
10
12
13
14
17
18
23
25
26
6
11
14
16
17
19
21
26
29
31
5
10
13
15
16
17
19
24
27
29
2
7
10
12
13
15
16
21
24
26
0
5
8
10
11
13
15
20
23
25
5
10
13
15
16
18
19
24
27
29
2
6
8
9
11
12
14
18
20
21
4
8
10
11
13
14
16
20
22
23
3
8
11
13
14
16
17
22
25
27
4
9
11
12
14
16
17
22
24
25
0
4
7
10
12
14
16
20
23
26
33
