time_cost:184ms
ontime_proportion:0.833333
max_delay:4
avg_delay:0.433333
avg_flowtime:22.900000
object function value:1430.000000
0
0
3
4
5
7
9
10
13
14
15
0
0
0
1
2
3
8
19
22
24
0
0
1
2
4
6
10
17
18
21
0
0
0
0
0
0
0
0
0
0
0
0
0
0
0
1
8
16
19
22
0
0
1
4
5
6
8
13
16
19
0
0
0
0
0
2
3
10
13
15
0
0
0
0
0
0
1
4
6
8
0
0
0
0
2
4
5
8
10
14
0
0
0
0
0
0
1
6
9
11
2
5
7
10
12
14
15
18
20
23
0
10
13
15
17
19
20
25
28
30
5
10
12
15
16
18
19
24
26
27
5
11
14
16
18
19
20
26
29
31
4
8
11
13
15
17
19
23
26
28
2
10
13
16
20
21
22
28
31
33
1
4
7
10
12
13
15
18
21
25
7
14
17
18
22
24
25
31
34
35
7
13
16
17
19
21
24
29
32
33
4
7
10
13
15
16
18
21
24
27
5
8
10
12
13
14
15
18
20
22
4
8
11
13
15
17
19
23
26
30
5
8
10
13
18
20
21
24
27
30
8
16
18
20
21
22
23
26
30
32
1
4
5
6
8
10
11
14
15
17
1
5
8
12
14
16
18
22
25
32
3
13
16
18
21
22
23
28
31
34
4
7
8
9
11
13
14
17
18
23
1
4
6
12
16
18
19
22
24
27
0
4
7
9
11
13
15
19
22
24
36
