time_cost:75371ms
ontime_proportion:0.966667
max_delay:4
avg_delay:0.133333
avg_flowtime:23.200000
object function value:106.666667
0
0
0
0
0
0
0
1
4
5
14
0
0
3
5
7
9
11
15
18
20
0
0
0
0
0
0
0
0
0
1
0
0
0
0
0
0
7
15
18
21
0
3
6
9
11
12
14
17
20
23
0
2
3
4
6
8
9
13
14
15
0
0
0
0
0
0
0
3
7
9
0
0
0
0
1
2
10
17
20
22
0
0
0
0
1
2
8
18
21
24
0
0
1
4
5
7
9
16
22
25
4
13
16
19
20
21
22
27
30
32
8
14
17
18
19
21
22
28
31
32
4
8
11
13
16
18
19
22
25
28
5
11
14
15
17
19
20
25
28
29
3
6
9
12
14
15
17
20
23
26
5
10
13
15
17
18
19
24
27
29
5
10
13
14
15
17
18
23
26
27
2
5
6
7
9
11
12
16
18
19
2
5
8
11
13
14
16
19
22
25
4
9
12
13
14
17
18
23
26
27
6
12
15
18
20
21
23
26
29
32
3
6
9
13
15
16
18
21
24
27
3
9
12
14
16
18
19
24
27
29
0
3
5
7
8
9
10
19
21
23
5
13
16
18
19
20
21
26
29
31
6
12
15
18
19
20
22
27
30
33
5
10
13
16
18
19
21
24
27
30
5
8
11
14
16
17
19
22
25
28
1
4
6
8
9
10
11
14
16
18
0
3
6
9
11
12
14
17
20
30
34
