time_cost:66668ms
ontime_proportion:1.000000
max_delay:0
avg_delay:0.000000
avg_flowtime:18.266667
object function value:-391.111111
0
0
5
6
8
10
12
14
19
20
22
0
0
0
0
0
0
7
12
13
14
0
2
3
6
7
8
9
13
14
17
0
0
0
1
2
3
8
13
14
15
0
0
0
0
0
0
0
0
0
0
0
0
0
0
0
0
0
0
0
0
0
0
1
4
6
8
9
12
13
16
0
0
0
0
0
0
0
3
4
9
0
0
0
0
0
2
9
13
14
15
0
0
0
3
4
5
7
11
12
15
7
10
12
15
17
19
20
23
24
27
8
12
13
14
16
18
19
23
24
25
6
10
11
12
16
18
19
23
24
25
5
9
11
14
15
16
17
21
22
26
5
10
11
13
14
16
18
23
24
26
6
11
12
13
16
17
19
24
25
26
3
6
7
8
10
12
14
17
18
19
2
7
8
9
11
12
14
19
20
21
5
8
9
12
14
16
17
20
21
24
1
6
7
8
10
11
12
17
18
19
5
8
9
10
12
14
16
19
20
21
3
8
9
10
11
12
13
18
19
20
2
7
10
12
14
15
16
21
25
27
0
4
5
8
9
10
11
15
16
19
4
7
8
11
13
15
16
19
20
23
0
4
5
6
8
10
11
15
16
17
0
5
6
7
8
9
10
15
16
17
1
4
5
6
8
10
12
15
16
17
4
9
10
11
13
14
16
21
22
23
5
9
10
11
15
17
18
22
23
24
29
