time_cost:101ms
ontime_proportion:1.000000
max_delay:0
avg_delay:0.000000
avg_flowtime:18.666667
object function value:-377.777778
0
0
0
0
0
1
3
6
11
12
15
0
0
0
0
0
0
0
0
0
0
0
0
0
0
0
0
0
0
0
0
0
0
0
0
0
0
9
14
17
19
0
0
0
0
0
0
6
11
12
14
0
4
7
9
11
12
13
18
21
23
0
0
0
0
0
0
10
15
16
17
0
0
0
0
0
0
0
1
2
3
0
0
0
0
0
0
0
2
3
6
0
0
0
0
0
0
0
0
0
1
4
9
10
11
14
16
17
22
23
24
3
7
8
9
11
13
14
18
19
20
1
5
6
9
10
11
12
16
17
20
4
9
10
11
13
14
16
21
22
23
5
9
10
13
14
15
16
20
21
24
9
13
14
15
17
20
21
25
26
27
3
8
9
10
12
14
15
20
21
22
6
10
12
13
15
18
20
23
24
25
4
9
11
13
15
16
18
23
27
28
7
12
13
14
18
19
21
26
27
29
1
6
9
11
13
14
15
20
23
25
2
6
7
13
15
17
18
22
23
25
2
6
11
15
16
17
18
22
23
26
9
12
14
15
19
21
23
26
27
28
0
4
5
8
9
10
11
15
16
19
9
14
15
16
19
21
22
27
28
29
1
6
9
11
13
14
15
20
25
27
4
9
10
15
17
19
20
25
26
27
1
6
7
9
10
12
14
19
20
22
6
10
13
16
17
18
19
23
24
27
31
