time_cost:86254ms
ontime_proportion:1.000000
max_delay:0
avg_delay:0.000000
avg_flowtime:19.366667
object function value:-354.444444
0
0
0
0
0
0
0
0
0
0
1
0
0
0
0
0
1
12
16
17
20
0
0
0
0
0
0
14
19
22
24
0
0
0
0
0
0
6
11
14
16
0
0
0
0
0
1
7
11
12
15
0
0
0
0
0
0
0
0
1
2
0
0
0
2
4
6
9
12
13
16
0
0
0
2
3
4
8
12
16
19
0
0
0
0
0
0
0
0
0
0
0
0
3
5
7
8
9
14
17
19
4
9
10
11
13
15
16
21
22
23
5
10
11
13
17
19
21
26
27
29
2
7
8
10
11
13
15
20
21
23
11
14
15
18
20
22
24
27
28
29
12
17
18
19
21
22
23
28
29
30
7
11
12
13
15
17
18
22
23
24
8
13
14
15
17
19
20
25
26
27
2
6
7
10
12
13
14
18
19
22
4
9
12
14
16
17
18
23
26
28
4
9
10
12
13
15
17
22
23
25
6
11
12
13
15
17
18
23
24
25
5
10
11
12
14
15
17
22
23
24
4
7
8
11
15
17
18
21
22
26
3
8
11
16
18
19
20
25
28
30
11
15
16
17
19
21
22
26
27
28
10
14
15
18
19
20
21
25
26
30
3
6
7
10
12
14
15
18
19
22
3
8
9
10
11
12
13
18
19
20
0
5
6
7
8
9
10
15
16
17
4
9
10
12
14
15
16
21
22
27
32
