time_cost:4296ms
ontime_proportion:0.900000
max_delay:8
avg_delay:0.466667
avg_flowtime:21.633333
object function value:721.111111
0
0
1
4
6
7
9
11
16
19
21
0
1
3
4
5
6
7
12
14
15
0
0
0
0
0
0
0
0
0
1
0
0
0
0
0
0
0
0
0
0
0
0
0
0
1
2
10
17
20
23
0
0
1
3
4
6
8
13
16
18
0
0
0
0
0
0
0
0
2
4
0
0
0
0
0
0
0
0
2
5
0
2
3
6
7
8
10
13
14
17
0
0
0
0
0
2
10
18
21
22
1
5
8
11
13
15
17
21
24
27
0
5
8
10
11
12
14
19
22
24
2
5
6
9
10
11
13
16
17
20
6
12
14
15
17
19
20
25
27
28
6
13
16
19
21
23
25
29
32
35
5
11
13
14
15
16
17
22
24
25
4
7
8
11
12
13
15
18
19
22
1
6
9
13
14
15
17
22
25
27
1
6
9
11
12
14
16
21
24
26
1
4
5
8
9
10
12
16
17
20
9
14
16
17
19
20
22
27
29
30
5
11
14
16
18
20
21
27
30
33
4
7
10
12
14
16
17
20
23
25
1
5
7
8
10
11
13
17
19
20
0
3
6
9
11
12
14
17
20
23
1
8
11
13
17
19
20
27
30
32
4
8
11
14
15
17
19
22
23
26
6
14
17
20
22
24
26
30
33
36
3
8
11
14
16
17
21
24
27
30
4
9
12
14
15
17
19
24
27
29
38
