time_cost:70457ms
ontime_proportion:1.000000
max_delay:0
avg_delay:0.000000
avg_flowtime:18.100000
object function value:-396.666667
0
0
0
0
0
0
0
0
1
2
3
0
0
0
0
0
0
0
0
2
4
0
0
0
0
0
0
0
3
4
5
0
3
4
7
9
11
12
15
16
19
0
0
0
0
0
0
0
0
0
0
0
0
0
0
0
0
1
5
6
7
0
0
0
0
0
2
7
11
13
17
0
0
1
2
4
6
10
13
15
18
0
0
1
2
4
6
7
11
12
13
0
4
5
6
9
11
12
16
17
18
4
9
12
14
16
17
18
23
26
28
5
10
11
13
15
16
17
22
23
27
8
13
14
15
16
18
19
24
25
26
10
13
14
16
18
20
23
26
27
28
4
7
8
11
13
15
16
19
20
23
9
14
15
16
17
20
22
27
28
29
0
5
6
7
8
9
10
15
16
17
5
10
11
13
15
16
18
23
24
25
5
10
11
12
13
14
15
20
22
23
5
8
9
10
12
14
16
19
20
21
7
11
12
15
16
17
18
22
23
26
6
11
12
13
15
18
20
25
26
27
8
11
12
15
17
19
20
23
24
27
2
7
8
10
11
13
15
20
21
23
2
7
8
10
12
13
14
19
20
22
1
6
7
8
10
12
13
18
19
20
4
8
9
12
13
14
15
19
20
23
0
3
4
5
7
9
11
14
15
16
4
9
10
11
14
16
19
24
25
26
5
10
11
12
14
15
17
22
23
24
30
