time_cost:67624ms
ontime_proportion:0.866667
max_delay:8
avg_delay:0.600000
avg_flowtime:20.866667
object function value:1028.888889
0
0
0
0
0
0
0
0
9
12
36
0
0
0
0
0
0
2
6
7
8
0
0
0
0
0
0
10
14
15
16
0
0
0
0
0
0
0
0
0
0
0
0
0
0
0
0
0
0
1
3
0
0
0
0
0
0
0
0
0
0
0
0
1
4
5
6
7
12
13
16
0
3
4
5
7
9
10
14
15
17
0
0
1
2
3
4
8
11
14
15
0
0
1
3
5
7
9
13
16
18
4
7
9
21
23
25
26
29
31
34
2
5
7
13
15
17
18
21
23
27
0
3
5
15
17
19
20
23
25
29
3
6
8
11
13
15
16
19
21
31
3
8
10
13
14
15
16
21
22
25
5
10
11
12
15
16
17
22
23
24
0
4
5
7
9
11
12
16
17
19
6
11
14
16
19
21
23
26
29
31
7
11
13
25
27
29
30
33
35
38
3
7
8
9
11
13
14
18
19
23
2
5
6
7
8
9
10
13
14
16
5
10
11
14
16
17
18
23
24
27
1
5
9
11
13
15
17
21
22
24
1
4
7
9
11
13
15
18
21
23
5
9
12
13
14
15
16
19
20
21
4
8
12
14
17
19
20
24
26
28
3
8
9
12
13
14
15
20
21
24
0
5
7
8
9
11
12
17
19
20
6
10
11
13
15
17
19
23
24
26
1
6
7
10
11
12
13
18
19
22
40
