time_cost:56544ms
ontime_proportion:1.000000
max_delay:0
avg_delay:0.000000
avg_flowtime:19.366667
object function value:-354.444444
0
0
0
2
5
7
9
10
14
16
19
0
0
0
0
1
2
13
16
17
18
0
0
0
0
0
1
3
7
8
9
0
0
0
0
0
0
13
18
19
20
0
0
0
1
3
5
6
10
11
15
0
0
1
3
5
7
9
13
14
16
0
0
0
0
1
3
6
10
13
15
0
0
0
0
0
0
0
0
0
0
0
3
6
8
10
12
14
17
20
22
0
0
0
0
0
0
0
3
4
7
6
10
12
15
17
19
20
24
26
28
8
13
14
17
18
19
20
25
26
29
3
6
8
13
15
17
18
21
23
26
9
13
15
16
17
20
22
26
28
29
3
6
8
11
13
15
16
19
21
24
4
9
12
15
16
17
18
23
24
27
2
6
7
9
11
13
15
19
20
22
0
3
4
5
6
7
8
11
12
13
5
10
11
12
14
15
16
21
22
23
4
9
10
11
13
14
15
20
22
23
0
5
6
7
9
10
11
16
17
18
3
7
8
9
10
11
13
17
18
19
3
8
10
11
12
14
15
20
22
23
5
9
10
12
14
16
18
22
23
25
3
8
11
14
15
16
17
22
23
26
0
5
6
7
9
10
11
16
17
18
1
4
6
9
11
13
14
17
19
22
0
4
5
6
7
8
10
14
15
16
9
13
14
17
19
21
22
26
27
28
4
8
10
12
14
16
17
21
23
25
30
