time_cost:207ms
ontime_proportion:0.966667
max_delay:2
avg_delay:0.066667
avg_flowtime:19.733333
object function value:-8.888889
0
0
0
0
0
1
3
4
8
9
12
0
2
3
4
5
6
11
15
16
19
0
1
3
4
6
8
9
13
16
17
9
13
15
16
17
18
19
22
24
25
0
0
0
1
3
4
10
15
18
19
0
0
0
1
3
4
8
12
15
16
0
3
4
5
6
7
8
11
12
13
0
0
0
0
0
0
0
5
11
14
0
3
4
5
6
7
10
15
16
17
0
1
2
3
4
5
6
9
10
11
4
8
9
10
11
12
14
17
18
19
2
6
8
11
13
14
16
20
22
25
5
9
12
14
15
16
17
21
24
26
2
5
8
9
11
12
13
16
19
20
4
7
8
9
10
11
12
15
16
17
1
6
8
11
12
14
16
21
23
26
0
3
5
6
7
8
9
12
14
15
6
11
13
16
17
19
21
26
28
31
0
4
7
9
12
13
14
18
21
23
5
9
11
12
14
16
17
21
23
24
1
5
6
8
9
11
12
16
17
19
1
6
7
8
9
10
11
16
17
18
6
10
13
15
16
17
18
22
25
27
4
9
11
14
15
17
19
24
26
29
0
4
5
7
10
12
13
17
18
20
3
8
9
10
11
12
13
18
19
20
1
4
5
6
7
8
10
13
14
15
7
11
12
13
14
15
17
21
22
23
4
7
10
11
13
14
15
18
21
22
5
8
11
13
15
16
17
20
23
24
32
