time_cost:73864ms
ontime_proportion:1.000000
max_delay:0
avg_delay:0.000000
avg_flowtime:19.300000
object function value:-356.666667
0
0
0
0
0
0
2
6
9
10
11
0
4
5
6
8
9
11
16
17
18
0
0
0
2
4
5
12
17
20
22
0
0
1
3
5
6
8
13
14
16
0
0
0
0
0
1
5
10
13
15
0
0
0
0
0
0
6
11
12
14
0
0
0
0
1
2
8
12
13
16
0
0
0
0
0
0
1
6
9
12
0
0
1
4
5
7
9
14
15
17
0
0
0
0
0
0
0
0
0
1
7
12
13
14
17
19
20
25
26
27
1
6
7
10
13
14
15
20
21
23
11
16
17
18
19
20
21
26
27
28
1
5
6
7
9
11
12
16
17
18
10
14
15
16
19
21
22
26
27
28
5
8
9
12
15
17
18
21
22
25
5
8
9
10
12
14
16
19
20
22
1
6
7
8
10
12
13
18
19
20
4
9
10
11
13
15
16
21
22
23
0
4
5
6
8
10
16
20
21
22
0
5
6
8
10
11
12
17
18
20
6
11
12
14
16
18
19
24
25
26
0
5
6
8
9
11
13
18
19
21
7
11
12
15
18
19
20
24
25
28
3
7
8
9
11
13
14
18
19
20
3
8
9
10
12
13
15
20
21
22
5
10
11
13
14
16
18
23
24
26
4
7
8
11
13
15
17
20
21
22
0
4
5
6
8
10
11
15
16
18
3
7
8
9
11
13
14
18
19
20
30
