time_cost:55882ms
ontime_proportion:0.900000
max_delay:7
avg_delay:0.466667
avg_flowtime:21.000000
object function value:700.000000
0
0
0
0
0
1
2
6
10
13
17
0
0
1
2
3
4
5
12
15
16
0
0
0
0
0
0
0
0
1
3
0
0
0
0
0
0
0
0
3
6
0
0
0
0
0
0
0
0
0
4
0
0
0
0
0
0
0
0
1
2
0
0
0
0
0
0
0
0
0
2
0
0
0
0
0
1
6
11
13
16
0
0
0
0
0
0
0
0
0
1
0
0
0
0
0
1
9
17
20
22
5
10
13
15
17
19
20
23
26
28
2
5
8
10
12
14
15
18
21
23
3
8
11
13
15
17
18
21
24
26
2
7
10
12
15
17
19
24
27
29
3
11
14
16
18
20
22
27
30
32
0
5
8
10
11
12
14
19
22
24
4
11
14
16
17
18
20
26
29
31
4
9
11
12
13
14
15
20
22
23
3
8
11
13
14
16
18
23
26
28
1
4
7
10
12
13
15
18
21
24
7
13
16
19
21
23
25
29
32
35
8
16
19
21
23
25
26
31
34
36
0
4
7
11
13
15
17
21
24
27
4
7
10
13
14
15
17
20
21
24
1
8
10
11
13
15
16
21
23
26
8
14
17
19
21
23
24
27
30
32
8
14
17
19
23
25
26
31
34
36
0
4
6
7
9
10
12
17
19
20
2
6
9
12
14
16
18
22
25
28
5
9
12
17
19
21
23
27
30
33
37
