time_cost:62045ms
ontime_proportion:0.966667
max_delay:1
avg_delay:0.033333
avg_flowtime:18.400000
object function value:-53.333333
0
0
0
0
0
0
0
6
10
12
13
0
1
3
6
7
9
11
16
18
21
0
0
0
0
0
0
0
0
0
0
0
0
0
0
0
0
1
4
5
6
0
0
0
0
0
0
3
9
11
12
0
0
0
0
0
1
6
12
14
15
0
0
0
1
2
4
6
11
13
16
0
0
0
0
0
0
0
0
0
1
0
0
0
0
0
0
0
0
1
2
0
0
2
5
6
8
10
15
17
20
2
6
8
11
13
14
16
20
22
25
0
3
4
5
6
7
9
13
15
16
0
4
7
9
10
11
12
16
19
21
3
7
8
10
11
13
14
18
19
21
4
7
8
9
10
11
12
15
16
17
1
7
9
12
13
15
17
22
24
27
7
11
14
15
17
19
20
23
26
27
5
8
9
10
11
12
13
16
17
18
7
11
14
16
17
20
21
26
29
31
4
9
11
14
15
17
19
24
26
29
4
9
11
14
15
17
19
24
26
29
2
5
8
9
11
12
13
16
19
22
1
6
8
11
12
14
16
21
23
26
0
3
4
5
6
7
9
12
13
15
2
5
6
7
8
9
10
14
15
16
6
10
12
16
18
19
21
26
28
31
8
12
15
17
18
21
22
26
29
32
3
8
10
11
12
13
14
18
20
21
5
8
9
11
12
13
15
19
21
22
5
10
12
15
16
18
20
25
27
30
33
