time_cost:62976ms
ontime_proportion:0.900000
max_delay:5
avg_delay:0.300000
avg_flowtime:21.266667
object function value:708.888889
0
0
0
0
0
0
0
0
0
0
1
0
0
2
5
7
8
10
14
19
22
0
0
0
0
1
3
9
15
18
21
0
0
0
0
0
0
0
1
4
7
0
0
0
0
0
0
0
0
0
1
0
0
0
0
2
3
7
13
16
19
0
0
0
0
0
0
9
16
19
22
0
0
0
0
0
2
8
15
18
20
0
0
0
0
0
1
6
13
16
19
0
0
0
0
0
0
0
0
0
0
3
7
10
13
15
17
19
23
26
28
2
5
8
11
13
14
16
19
22
25
3
8
11
14
17
19
21
26
29
32
5
9
12
15
17
18
20
23
26
29
6
12
15
18
20
21
23
26
29
32
0
5
7
8
9
11
12
17
19
20
3
6
8
10
11
12
13
16
18
20
6
12
15
18
19
20
22
27
30
33
0
3
4
5
7
9
10
15
16
17
1
4
6
9
10
11
12
18
21
23
1
8
10
11
12
14
15
20
22
23
2
6
9
11
13
15
17
21
24
26
1
6
9
11
12
13
14
19
22
24
4
9
12
15
16
17
19
24
27
30
5
10
13
15
16
17
18
23
26
28
8
13
15
16
17
19
20
26
28
29
6
11
14
17
19
21
23
28
31
34
5
8
10
12
13
14
15
18
20
22
4
10
13
14
15
17
18
23
26
27
5
10
13
16
17
19
21
26
29
34
35
