time_cost:56089ms
ontime_proportion:0.966667
max_delay:4
avg_delay:0.133333
avg_flowtime:21.533333
object function value:51.111111
0
0
0
0
0
0
0
6
12
16
18
0
0
0
0
0
0
0
0
0
0
0
0
0
0
1
3
8
14
16
17
0
0
0
0
0
0
2
9
12
15
0
0
0
0
0
2
6
11
16
20
0
2
4
6
7
8
9
12
14
16
0
0
0
0
0
0
0
0
0
2
0
0
0
0
0
2
3
10
13
16
0
3
5
6
7
9
10
16
18
19
0
0
0
3
4
6
8
14
17
20
9
12
13
14
22
24
25
28
29
30
5
8
11
14
16
17
19
22
25
28
2
5
7
9
10
11
12
15
17
19
4
12
14
15
16
18
19
24
26
27
5
10
12
13
14
16
17
22
24
25
3
8
11
14
15
16
18
23
26
29
3
11
14
17
18
20
22
27
30
33
1
6
9
11
12
13
14
17
19
21
4
7
10
16
18
19
21
24
27
30
4
7
8
9
11
13
14
17
18
21
8
13
15
16
18
20
21
26
28
29
0
6
9
12
20
22
24
29
32
35
1
6
9
12
13
14
16
21
24
27
0
3
6
9
11
12
14
17
20
23
0
3
5
7
8
9
10
13
15
17
9
15
17
18
20
22
23
28
30
31
5
8
10
12
13
14
15
19
21
23
4
9
12
15
16
18
20
25
28
31
0
5
8
10
11
12
13
20
23
25
1
4
6
9
12
14
15
18
20
23
36
