time_cost:257ms
ontime_proportion:0.766667
max_delay:3
avg_delay:0.466667
avg_flowtime:22.166667
object function value:2072.222222
0
0
0
0
0
0
0
0
0
0
1
0
0
2
5
7
8
10
13
16
21
0
0
0
0
1
3
8
17
20
23
0
0
0
0
0
0
0
1
4
7
0
0
0
0
0
0
0
0
0
1
0
0
0
0
2
3
7
14
17
20
0
0
0
0
0
0
7
13
16
19
0
0
0
0
0
2
11
17
20
22
0
0
0
0
0
1
7
14
17
20
0
0
0
0
0
0
0
0
0
0
3
7
10
12
16
18
20
25
28
30
2
5
8
11
13
14
16
19
22
25
3
8
11
14
15
17
19
24
27
30
5
8
11
14
16
19
21
24
27
30
4
9
12
15
17
19
21
24
27
30
0
5
7
8
9
11
12
17
19
20
5
10
12
14
17
19
20
23
25
27
1
6
9
12
13
14
16
21
24
27
0
3
4
5
7
9
10
16
18
19
1
4
6
9
10
11
12
15
17
19
5
12
14
15
19
21
23
28
30
31
2
6
9
11
13
15
17
21
24
26
6
12
15
17
18
21
22
27
30
32
4
9
12
15
16
17
19
24
27
30
5
11
14
16
18
20
21
26
29
31
8
15
17
18
19
22
23
28
30
31
0
10
13
16
18
20
22
27
30
33
5
11
14
16
17
18
19
22
24
26
6
12
15
17
18
21
22
27
30
32
2
7
10
13
14
16
18
23
26
29
34
