time_cost:179ms
ontime_proportion:0.900000
max_delay:2
avg_delay:0.133333
avg_flowtime:19.666667
object function value:655.555556
0
0
0
1
4
5
6
9
14
15
18
0
0
0
0
1
3
10
13
15
16
0
0
0
0
0
1
8
12
13
15
0
0
0
0
0
0
0
0
0
2
0
0
0
0
0
0
0
0
0
0
0
0
0
0
0
0
0
3
4
7
0
0
0
2
4
6
9
13
15
17
0
0
0
0
0
1
8
12
13
16
0
0
0
4
5
6
8
13
14
17
0
0
0
1
2
3
9
13
15
16
2
5
6
7
8
9
10
13
14
15
5
9
11
13
15
17
18
22
24
26
4
11
13
14
17
19
20
25
27
28
5
9
11
13
15
17
18
22
24
28
9
14
15
18
19
20
21
26
27
30
5
11
13
15
19
21
22
27
29
30
3
8
9
10
12
13
14
19
20
21
1
4
7
9
11
13
15
18
21
23
7
10
12
13
16
19
20
23
24
25
7
11
12
13
17
19
21
25
26
27
2
5
7
10
12
14
15
18
20
23
3
8
10
13
14
15
16
21
22
25
4
9
11
12
13
15
16
21
23
24
3
7
10
12
14
16
18
22
23
25
2
5
8
10
12
14
16
19
22
24
3
8
9
10
13
14
15
20
21
22
2
7
8
15
17
18
19
24
25
30
5
9
10
12
15
17
19
23
25
29
0
3
4
5
6
7
9
13
14
17
5
11
13
14
17
19
20
25
27
28
32
