time_cost:187ms
ontime_proportion:0.833333
max_delay:5
avg_delay:0.500000
avg_flowtime:20.733333
object function value:1357.777778
0
0
0
0
0
0
0
0
0
0
0
0
0
0
0
0
0
6
14
17
19
0
0
0
0
0
0
0
0
2
4
0
0
0
1
2
4
6
12
16
17
0
0
0
0
0
0
0
0
0
0
0
0
0
0
0
0
0
1
3
4
0
0
0
0
0
0
0
0
0
2
0
0
0
0
0
0
6
12
15
17
0
0
0
2
4
6
8
15
18
20
0
0
0
2
3
4
9
17
19
21
6
11
12
13
15
17
18
21
22
23
4
9
11
14
16
18
19
22
24
32
4
9
12
15
17
19
21
26
29
32
1
5
8
10
14
16
18
22
25
27
5
11
14
17
19
21
22
27
30
33
1
11
14
16
17
18
19
25
28
30
6
9
13
16
18
20
21
24
26
29
1
6
9
10
11
13
14
19
22
23
3
9
12
13
14
16
17
22
25
26
1
6
9
12
13
15
17
22
25
28
1
6
9
11
12
13
14
19
22
24
2
6
9
11
13
15
17
21
24
26
0
3
4
5
7
9
10
13
15
17
1
6
9
12
13
14
16
21
24
27
3
8
11
14
15
17
19
24
27
30
4
9
12
15
16
18
20
25
28
31
6
12
14
16
18
19
20
25
27
29
1
4
5
6
8
10
11
16
18
19
0
3
5
7
8
9
10
13
16
18
7
14
16
18
19
20
22
26
29
31
35
