time_cost:660ms
ontime_proportion:1.000000
max_delay:0
avg_delay:0.000000
avg_flowtime:16.533333
object function value:-448.888889
0
0
0
0
0
0
0
0
0
0
0
0
0
0
0
1
3
9
13
14
22
0
0
0
0
0
0
6
11
12
13
0
0
0
0
0
0
0
0
1
2
0
0
0
0
0
0
0
0
0
3
0
0
0
0
1
3
4
12
14
15
0
0
0
0
0
0
0
0
1
3
0
0
0
0
0
0
0
0
0
0
0
0
0
0
0
0
7
11
12
14
0
0
0
0
0
0
0
0
0
0
0
4
5
6
8
10
11
15
16
17
3
7
8
9
11
13
14
18
19
20
4
7
9
12
14
16
17
20
22
25
0
5
6
7
9
10
11
16
17
18
7
11
12
14
17
18
20
24
25
26
0
4
5
6
7
8
10
14
15
16
0
4
6
8
10
12
13
17
19
21
1
4
5
6
7
8
9
12
13
14
1
6
8
9
10
12
13
18
20
21
5
9
10
12
15
17
19
23
24
26
0
3
4
5
6
7
8
11
12
13
2
6
7
9
11
13
15
19
20
22
3
8
9
10
12
13
14
19
20
21
4
7
10
12
14
16
18
21
24
26
5
9
10
12
14
16
18
22
23
25
4
9
11
12
13
15
16
21
23
24
1
5
6
7
8
9
11
15
16
17
5
9
10
14
16
18
19
23
24
27
5
10
12
13
16
18
19
24
26
27
6
11
12
14
16
17
18
23
24
28
30
