time_cost:210ms
ontime_proportion:0.966667
max_delay:1
avg_delay:0.033333
avg_flowtime:17.400000
object function value:-86.666667
0
0
0
0
0
0
0
0
0
2
5
0
0
1
2
3
4
7
11
13
14
0
0
0
0
0
0
0
0
0
3
0
0
0
0
0
1
7
11
13
14
0
0
0
0
0
1
7
10
12
13
0
0
0
0
1
2
7
12
15
17
0
0
0
0
0
0
0
1
3
4
0
0
0
0
1
2
8
11
14
16
0
0
0
0
0
0
0
0
0
0
0
0
0
0
0
0
0
0
0
2
1
5
7
8
10
12
13
17
19
20
0
4
7
9
10
11
12
16
19
21
2
7
8
9
11
12
13
18
19
20
2
5
6
7
8
9
10
13
14
15
1
5
8
10
11
12
13
17
20
22
5
9
10
12
13
15
16
20
21
23
1
4
5
6
7
8
10
13
14
15
4
7
10
11
13
14
15
18
21
22
5
10
12
13
14
15
16
19
21
22
2
7
9
12
13
15
17
22
24
27
4
8
10
13
15
16
18
22
24
27
5
10
12
15
16
18
20
25
27
30
5
9
11
12
14
16
17
21
23
24
4
9
12
13
15
17
18
21
24
25
3
8
10
15
16
18
19
23
24
26
3
7
8
10
12
14
15
19
20
22
1
4
7
8
10
11
12
15
18
19
1
5
8
10
12
13
14
18
22
24
7
10
11
12
16
18
20
24
25
26
4
8
12
14
18
20
21
25
26
28
31
