time_cost:64299ms
ontime_proportion:0.933333
max_delay:1
avg_delay:0.066667
avg_flowtime:19.633333
object function value:321.111111
0
0
0
0
0
1
3
8
13
15
17
0
0
0
1
2
3
7
10
15
16
0
0
0
0
0
0
6
11
13
16
0
0
0
0
0
0
1
5
7
11
0
0
0
0
0
2
9
13
16
18
0
1
3
4
5
6
8
12
15
17
0
0
0
0
0
0
0
0
0
3
0
0
0
0
0
0
0
1
4
5
0
3
4
5
6
7
8
12
15
16
0
4
5
7
8
10
11
15
16
18
5
8
9
10
11
12
13
16
17
18
3
10
12
15
16
18
20
25
27
30
5
9
11
14
16
17
19
23
25
28
9
12
14
15
16
19
20
25
28
29
5
9
11
14
16
17
19
23
25
28
6
9
10
11
12
13
15
18
19
20
8
12
14
16
18
20
21
25
27
29
2
6
8
12
14
15
17
21
23
26
1
6
7
9
10
11
12
17
18
20
6
10
13
14
15
16
17
20
22
23
1
5
7
8
10
12
13
17
19
20
0
3
6
7
9
10
11
14
17
18
3
7
10
12
13
14
15
19
22
24
3
8
10
13
14
16
18
23
25
28
1
5
6
8
9
11
12
16
17
19
4
8
10
13
15
16
18
22
24
27
7
11
14
15
17
19
20
23
26
27
5
10
12
15
17
18
20
24
26
29
2
6
8
9
11
13
14
18
20
21
3
7
9
10
12
14
15
19
21
22
31
