time_cost:174ms
ontime_proportion:0.866667
max_delay:4
avg_delay:0.266667
avg_flowtime:22.100000
object function value:1070.000000
0
0
0
0
0
0
0
6
11
15
17
0
0
0
0
0
0
0
0
0
0
0
0
0
0
1
3
9
16
18
19
0
0
0
0
0
0
6
11
16
19
0
0
0
0
0
2
3
10
13
18
0
2
4
6
7
8
9
12
14
16
0
0
0
0
0
0
0
0
0
2
0
0
0
0
0
2
3
9
12
15
0
3
5
6
7
9
10
15
17
18
0
0
0
3
4
6
9
14
17
20
8
11
14
15
17
19
20
23
24
25
5
8
11
15
17
18
20
23
26
29
2
5
7
9
10
11
12
15
17
19
4
12
14
15
18
20
21
26
28
29
5
12
15
16
19
21
22
27
29
30
3
8
11
14
15
16
18
23
26
30
3
8
11
14
15
17
19
24
27
30
1
6
9
11
13
14
15
18
20
22
4
7
10
13
15
16
18
21
24
27
4
7
8
9
11
13
14
17
18
21
8
13
15
16
20
22
23
28
30
31
0
5
8
11
12
14
16
21
24
27
1
6
9
12
13
14
16
21
24
27
0
3
6
9
11
12
14
17
20
23
0
3
5
7
8
9
10
14
16
18
8
14
16
17
21
23
24
29
31
32
5
11
15
17
22
23
24
30
32
34
4
9
12
15
16
18
20
25
29
32
0
6
9
11
14
15
16
28
31
33
1
4
6
9
11
13
14
17
19
22
35
