time_cost:57838ms
ontime_proportion:0.933333
max_delay:6
avg_delay:0.266667
avg_flowtime:23.900000
object function value:463.333333
0
0
0
0
0
0
0
0
0
0
1
0
0
0
0
0
1
10
20
23
27
0
0
1
4
6
8
9
17
19
22
0
0
0
0
0
0
0
1
4
6
0
0
0
0
0
0
0
0
0
2
0
0
0
0
1
3
5
11
14
18
0
2
13
16
19
20
22
28
31
34
0
0
0
0
1
2
8
14
17
20
0
1
4
7
9
10
12
17
20
23
0
0
0
0
0
0
1
12
15
17
2
5
8
11
13
14
16
19
22
25
1
8
11
13
14
15
16
21
24
26
6
11
14
15
17
19
20
25
28
29
4
8
11
13
15
17
19
23
26
28
7
14
17
19
20
21
22
29
32
34
1
6
9
12
13
14
16
24
27
30
0
3
5
8
10
12
13
16
18
21
5
10
13
15
16
17
18
23
26
28
2
11
13
14
17
19
20
26
28
29
5
11
14
17
18
19
21
26
29
32
3
8
11
14
15
18
20
25
28
31
0
5
8
10
11
12
13
18
21
23
2
8
11
13
14
16
17
27
30
32
2
7
10
13
14
16
18
23
26
29
1
4
6
8
9
10
11
17
19
21
1
5
8
10
12
14
16
20
23
25
4
9
12
13
14
16
17
22
25
26
3
6
8
11
16
18
19
22
24
27
0
3
6
9
11
12
14
19
22
25
6
14
17
20
21
23
25
30
33
36
37
