time_cost:54430ms
ontime_proportion:1.000000
max_delay:0
avg_delay:0.000000
avg_flowtime:19.966667
object function value:-334.444444
0
0
0
0
0
0
0
0
0
0
0
0
0
0
0
0
0
0
1
4
6
0
0
0
0
1
2
9
14
15
18
0
0
0
0
0
0
7
13
16
17
0
0
0
0
0
0
0
11
14
16
0
2
4
5
7
8
10
14
16
17
0
0
0
0
0
1
10
15
18
21
0
0
0
0
0
0
0
0
0
0
0
0
0
0
0
0
0
0
0
0
0
0
0
0
0
1
6
12
14
16
1
4
5
8
9
10
12
15
17
20
4
9
12
14
15
17
19
24
27
29
1
6
8
9
10
11
12
17
19
20
5
8
11
13
15
17
18
21
24
26
4
8
11
12
13
16
17
20
23
24
3
7
9
10
12
13
15
19
21
22
7
12
15
17
18
21
23
28
31
33
1
7
9
10
11
12
13
18
20
21
2
5
8
11
13
14
16
19
22
25
5
9
10
13
14
15
17
21
22
25
1
5
7
8
10
11
13
17
19
20
2
9
12
14
15
16
18
23
26
28
3
6
9
11
13
15
16
19
22
24
8
15
17
18
19
21
22
29
31
32
1
4
10
13
15
17
19
22
25
28
6
11
14
16
17
19
21
26
29
32
5
10
13
15
16
19
21
26
29
31
4
9
12
14
16
18
19
22
25
27
1
4
5
8
9
10
12
15
16
19
1
6
9
11
12
14
15
20
23
25
34
