time_cost:227ms
ontime_proportion:0.766667
max_delay:6
avg_delay:0.666667
avg_flowtime:22.266667
object function value:2075.555556
0
0
0
0
0
0
0
0
0
0
0
0
0
0
0
0
0
0
0
0
0
0
0
0
0
0
0
8
17
20
23
0
0
0
0
0
0
0
1
4
7
0
0
0
0
0
0
0
2
5
8
0
3
6
8
10
12
14
18
21
23
0
0
0
0
0
2
8
16
19
20
0
0
0
0
0
0
0
15
18
19
0
0
0
0
0
2
6
11
12
14
0
0
0
1
2
3
5
11
14
18
4
9
12
14
15
16
17
22
25
27
0
8
11
16
17
18
19
24
27
29
6
12
15
16
17
19
20
27
30
31
4
7
10
13
15
16
18
21
24
27
2
6
9
14
16
18
20
24
27
29
7
14
17
20
21
22
24
29
32
35
1
6
9
10
11
13
14
19
22
23
0
3
4
8
10
12
13
16
17
19
3
8
11
14
16
17
19
24
27
30
0
5
8
11
12
13
15
20
23
26
1
4
5
6
8
10
11
15
16
17
0
3
6
9
11
12
14
17
20
23
3
7
10
12
14
16
18
22
25
27
0
5
8
11
12
14
16
24
27
30
2
11
14
16
18
20
22
27
30
32
1
9
12
13
14
16
17
25
28
29
3
6
7
10
12
14
15
18
19
21
5
10
13
15
16
18
19
22
24
26
6
12
15
18
20
21
23
26
29
32
5
10
11
12
18
20
21
27
29
31
36
