time_cost:51778ms
ontime_proportion:0.833333
max_delay:6
avg_delay:0.666667
avg_flowtime:20.066667
object function value:1335.555556
0
0
0
0
0
0
0
0
0
0
1
0
0
0
0
0
0
0
0
2
4
0
2
5
8
10
12
14
18
21
24
0
0
0
0
0
0
0
0
0
1
0
0
0
0
0
0
0
0
0
1
0
0
0
0
1
2
3
8
10
11
0
0
0
0
0
0
0
0
3
5
0
0
0
1
3
4
10
23
25
26
0
1
4
6
8
10
11
14
17
19
0
0
0
0
0
0
0
0
2
5
0
5
8
10
11
13
14
19
22
24
4
9
12
14
15
17
19
24
27
29
0
3
6
10
16
19
20
23
26
28
7
12
15
18
20
21
23
26
29
32
1
6
9
11
12
14
16
21
24
26
1
4
7
8
9
11
12
15
18
19
9
14
17
18
19
24
25
30
33
34
1
4
5
8
9
10
12
18
19
22
6
12
15
17
18
20
22
27
30
32
4
8
9
12
13
17
19
22
23
26
7
15
18
20
21
23
24
29
32
34
1
5
7
8
11
12
14
18
20
21
4
9
12
15
16
18
20
25
28
30
0
3
4
7
8
9
11
14
15
18
10
15
18
20
21
22
24
29
32
35
5
11
14
16
17
19
21
26
29
31
4
8
11
12
13
15
16
19
22
23
5
10
12
14
15
16
17
22
24
25
2
5
8
9
10
12
13
17
20
21
3
6
9
12
14
15
17
20
23
26
36
