time_cost:217ms
ontime_proportion:0.966667
max_delay:1
avg_delay:0.033333
avg_flowtime:19.700000
object function value:-10.000000
0
0
5
6
8
9
11
20
25
26
28
0
0
0
0
0
0
7
12
13
17
0
2
3
6
7
8
9
13
14
17
0
0
0
1
2
3
9
14
15
16
0
0
0
0
0
0
0
0
0
0
0
0
0
0
0
0
0
0
0
0
0
0
1
4
6
8
9
12
13
16
0
0
0
0
0
0
8
11
14
17
0
0
0
0
0
2
9
13
14
16
0
0
0
3
4
5
7
11
12
15
7
10
12
15
17
19
21
24
25
28
2
6
7
8
10
12
13
17
18
19
4
8
9
10
12
14
15
19
20
21
5
9
11
14
15
16
17
21
22
25
5
10
11
13
14
16
18
23
24
26
0
5
6
7
12
13
15
20
21
22
3
6
7
8
10
12
14
17
18
19
2
7
8
9
11
12
14
19
20
21
5
8
9
12
14
16
17
20
21
26
4
10
12
13
16
17
18
23
24
25
6
9
10
12
15
17
19
22
23
24
6
11
13
14
16
17
20
25
26
28
2
7
10
12
14
15
16
21
24
26
0
4
5
8
9
10
11
15
16
19
4
7
8
11
13
15
16
19
20
23
0
4
5
7
11
13
14
18
19
20
0
5
6
7
8
9
10
15
16
19
1
4
5
6
8
10
12
15
16
17
4
9
10
11
13
14
16
21
22
26
5
9
10
11
16
18
19
23
24
29
31
