time_cost:63916ms
ontime_proportion:1.000000
max_delay:0
avg_delay:0.000000
avg_flowtime:18.033333
object function value:-398.888889
0
0
2
5
7
8
9
10
14
17
19
0
0
0
1
2
3
5
10
11
12
0
0
0
0
0
0
8
13
15
16
0
0
0
0
0
0
0
0
0
1
0
0
0
0
0
0
0
0
0
0
0
0
0
0
0
0
1
4
5
6
0
0
0
1
3
4
6
11
14
15
0
0
1
2
4
6
7
11
13
14
0
3
7
8
10
11
12
15
18
24
0
0
0
0
0
0
0
1
2
3
4
8
9
11
14
16
17
21
22
24
4
7
10
11
13
14
15
18
21
22
3
6
7
8
9
10
12
15
16
17
3
7
9
10
12
14
15
19
21
22
0
5
7
8
9
10
11
16
17
18
5
8
11
12
14
15
16
19
22
23
5
8
10
11
12
13
14
17
19
20
4
9
11
14
15
17
19
24
26
29
0
4
5
8
10
12
13
17
18
20
1
6
8
10
12
14
15
19
21
22
2
5
8
9
11
12
13
16
19
20
5
11
13
16
18
19
21
25
27
30
3
6
7
8
9
10
12
15
16
18
0
4
6
9
12
13
15
21
23
26
7
12
13
14
16
17
19
22
23
24
5
10
12
15
16
18
20
25
27
30
6
9
12
13
15
16
17
20
23
25
0
3
6
7
9
10
11
14
17
22
2
6
7
9
10
12
13
17
18
20
2
5
6
7
8
9
10
13
14
15
32
