time_cost:67838ms
ontime_proportion:0.966667
max_delay:5
avg_delay:0.166667
avg_flowtime:21.333333
object function value:44.444444
0
0
0
0
0
0
0
1
11
14
18
0
0
0
0
0
0
0
0
0
0
0
0
0
0
1
3
9
17
19
20
0
0
0
0
0
0
2
10
13
16
0
0
0
0
0
2
5
9
12
15
0
2
4
6
7
8
9
13
16
18
0
0
0
0
0
0
0
0
0
2
0
0
0
0
0
2
6
11
15
18
0
3
5
6
7
9
10
15
17
18
0
0
0
3
4
6
9
15
18
21
11
14
15
17
21
23
24
27
28
29
5
8
11
14
16
17
19
22
25
28
2
5
7
9
10
11
12
15
18
20
6
11
13
14
16
18
19
24
26
27
5
10
12
13
14
16
17
22
24
26
3
8
11
14
15
16
18
23
26
29
4
12
15
18
19
21
23
28
31
34
1
4
6
8
9
10
11
16
18
20
4
7
10
16
18
19
21
24
27
30
4
7
8
9
11
13
14
17
18
19
1
6
8
9
10
12
13
18
20
21
8
13
16
19
20
22
24
29
32
35
1
6
9
12
13
14
16
21
24
28
0
3
6
9
11
12
14
18
21
24
0
3
5
7
8
9
10
13
16
19
3
8
10
12
13
15
16
21
24
25
8
12
14
16
18
19
20
23
25
27
4
9
12
15
16
18
20
25
28
31
0
6
9
11
12
13
14
20
23
25
1
5
7
10
12
14
15
19
21
24
36
