time_cost:68197ms
ontime_proportion:1.000000
max_delay:0
avg_delay:0.000000
avg_flowtime:19.233333
object function value:-358.888889
0
0
0
0
0
0
0
0
1
4
6
0
0
1
2
4
6
10
14
15
16
0
0
0
0
0
0
0
4
5
8
0
0
0
0
0
0
0
0
1
4
0
4
5
6
8
9
11
16
17
18
0
0
0
0
0
0
3
5
10
13
0
0
0
0
1
2
4
9
10
11
0
0
0
0
1
3
7
12
14
16
0
0
0
2
4
6
7
10
11
14
0
0
0
0
1
2
7
11
14
17
5
10
11
13
14
16
18
23
24
26
4
9
10
11
12
13
14
19
20
21
4
9
10
11
13
15
16
21
22
23
0
5
8
10
13
14
15
20
23
25
2
7
10
14
16
17
18
23
26
28
4
8
9
10
14
16
17
21
22
23
9
12
13
15
17
19
21
24
25
26
0
3
4
5
7
9
11
14
15
17
1
5
6
7
9
11
12
16
17
18
1
4
5
8
10
12
13
16
17
22
0
5
6
7
9
11
12
17
18
19
10
15
16
17
18
19
21
26
28
29
5
10
11
13
15
16
17
22
23
25
2
7
10
12
14
15
16
21
24
26
3
6
7
10
12
14
15
18
19
22
5
8
9
10
12
14
16
19
20
21
6
11
12
14
15
17
19
25
26
28
0
4
5
8
11
12
13
17
18
21
5
10
13
15
17
18
19
24
27
29
0
5
6
8
9
11
13
18
19
21
31
