time_cost:100ms
ontime_proportion:0.900000
max_delay:2
avg_delay:0.133333
avg_flowtime:20.533333
object function value:684.444444
0
0
0
0
0
0
0
9
14
17
19
0
2
3
6
7
8
9
13
16
20
0
0
1
2
5
7
9
14
15
21
0
0
0
0
0
0
8
13
16
18
0
0
0
0
0
0
0
0
0
1
0
0
0
0
0
0
0
0
2
5
0
0
0
2
3
5
8
13
14
16
0
0
1
2
4
6
7
12
13
19
0
0
0
0
0
0
0
0
0
0
0
0
0
0
0
1
8
13
14
15
4
7
8
11
15
17
18
22
26
29
7
10
13
16
18
20
21
24
25
28
6
11
13
17
19
20
21
26
28
30
3
8
10
11
13
14
15
20
21
22
0
3
4
7
9
11
13
16
17
18
3
8
9
11
12
14
16
21
22
24
4
8
9
12
14
17
18
22
24
26
1
6
11
13
14
16
18
23
24
26
8
13
16
18
20
21
22
27
29
30
3
8
9
10
12
13
15
20
21
22
0
5
6
7
8
9
10
15
16
19
0
5
8
10
12
13
14
19
22
24
7
12
15
17
20
22
24
29
30
32
0
5
8
10
12
13
14
19
22
24
3
6
7
8
10
12
14
17
18
19
2
8
11
15
17
18
19
24
25
27
5
10
11
13
15
16
17
22
23
25
5
9
13
16
17
18
19
23
27
30
4
9
10
12
13
15
17
22
23
25
5
9
10
13
14
15
16
21
22
25
33
