time_cost:227ms
ontime_proportion:0.800000
max_delay:4
avg_delay:0.433333
avg_flowtime:23.766667
object function value:1792.222222
0
0
0
0
0
0
1
9
14
18
21
0
0
0
1
2
3
7
13
16
18
0
0
1
2
4
5
7
15
17
18
0
0
0
0
0
0
0
0
0
0
0
0
0
0
0
0
6
13
16
18
0
0
0
0
1
2
9
16
18
19
0
0
0
0
0
0
6
14
17
19
0
0
3
6
8
9
11
14
17
20
0
0
0
0
0
0
0
0
1
4
0
0
0
0
0
3
10
17
19
22
2
5
8
11
13
14
16
19
22
25
1
4
7
9
11
13
14
17
20
22
2
7
10
12
14
16
18
23
26
28
2
8
11
12
13
15
16
19
22
23
0
5
8
10
11
13
15
20
23
25
3
7
10
13
15
17
19
23
26
29
4
10
12
13
16
19
20
26
28
29
5
11
13
14
17
20
21
28
30
31
0
7
10
13
15
18
20
25
28
30
5
10
13
15
18
20
22
27
30
32
1
11
14
16
17
19
21
26
29
31
6
12
14
15
18
21
23
28
30
31
0
4
7
10
12
14
16
20
23
26
0
4
7
10
12
14
16
20
23
26
4
10
13
15
16
20
21
26
29
31
4
13
16
18
19
21
23
28
31
33
3
6
9
12
14
16
18
21
24
28
1
9
12
13
15
18
19
24
26
27
5
11
14
16
20
22
24
29
32
34
5
9
11
15
17
18
20
24
26
27
35
