time_cost:75288ms
ontime_proportion:1.000000
max_delay:0
avg_delay:0.000000
avg_flowtime:17.766667
object function value:-407.777778
0
0
0
0
0
0
1
2
7
8
10
0
0
0
0
0
0
0
0
0
3
0
0
0
0
1
3
9
12
13
16
0
0
0
0
0
0
0
0
1
3
0
0
0
2
3
4
5
10
11
12
0
0
0
1
3
4
8
13
14
15
0
0
0
0
0
0
0
0
0
1
0
0
0
0
0
0
0
0
1
2
0
0
0
0
1
3
12
16
17
20
0
0
0
0
0
0
0
2
5
7
8
11
12
13
17
19
21
24
25
26
3
8
9
11
13
16
18
23
24
26
0
4
5
8
9
10
11
15
16
19
4
7
8
11
13
15
16
19
20
23
2
7
8
10
11
13
15
20
21
23
0
5
8
10
12
13
14
19
22
24
1
5
6
9
11
12
13
17
18
21
7
12
13
14
17
19
20
25
26
28
3
8
9
10
12
14
15
20
21
22
5
9
10
13
14
15
16
20
21
26
1
4
5
8
10
12
13
16
17
20
2
7
8
9
10
11
12
17
18
19
7
12
13
14
16
18
19
24
26
27
0
3
4
5
7
9
12
15
16
18
4
7
9
10
12
14
16
19
20
21
10
13
14
15
19
21
23
26
27
28
11
14
15
16
19
21
23
26
27
28
5
10
11
12
15
17
18
23
24
25
3
8
11
13
15
16
17
22
25
27
0
3
4
5
7
9
15
18
19
20
30
