time_cost:117ms
ontime_proportion:1.000000
max_delay:0
avg_delay:0.000000
avg_flowtime:19.233333
object function value:-358.888889
0
0
5
6
8
9
11
13
18
19
21
0
0
0
0
0
0
7
12
13
14
0
2
3
8
9
10
11
15
16
19
0
0
0
1
2
3
8
13
15
16
0
0
0
0
0
0
0
0
0
0
0
0
0
0
0
0
0
0
0
0
0
0
1
4
6
8
9
12
13
16
0
0
0
0
0
0
7
10
14
15
0
0
0
0
0
2
9
13
14
19
0
0
0
3
4
5
7
11
12
15
4
7
8
11
13
15
16
19
20
23
2
6
7
8
10
12
13
17
18
19
4
8
9
10
12
14
15
19
20
21
6
10
11
14
16
17
20
24
25
28
5
10
11
13
14
16
18
23
24
26
0
5
6
7
12
13
15
20
21
25
3
6
7
8
10
12
14
17
18
19
2
7
8
9
11
12
14
19
20
21
5
8
9
12
14
16
18
21
22
25
1
6
7
8
11
13
14
19
20
21
6
9
10
12
16
18
20
23
24
25
6
11
12
13
15
16
17
22
23
24
5
10
13
15
17
18
19
24
27
29
0
4
11
14
16
17
19
23
24
27
4
7
8
11
13
15
16
19
20
23
0
4
5
6
8
10
11
15
16
17
0
5
6
7
8
9
10
15
16
17
1
4
5
6
8
10
12
15
16
17
4
9
10
11
13
14
16
21
22
23
5
9
10
11
15
17
18
22
23
24
31
