time_cost:182ms
ontime_proportion:0.800000
max_delay:9
avg_delay:0.966667
avg_flowtime:23.600000
object function value:1786.666667
0
0
0
0
0
0
0
0
0
0
3
0
0
0
0
0
0
0
0
0
1
0
0
0
2
3
5
10
20
23
25
0
2
5
7
8
10
12
17
20
22
0
0
0
0
0
1
3
8
11
13
0
0
1
2
3
4
5
10
12
14
0
2
5
7
9
11
12
15
18
20
0
0
0
0
0
0
0
0
0
1
0
0
0
0
0
0
0
0
0
3
0
0
0
0
0
0
10
19
21
22
4
10
12
15
21
22
24
34
36
37
0
4
6
7
9
10
12
30
32
33
7
15
18
20
22
24
25
31
34
36
7
13
16
18
19
21
22
27
30
32
2
12
15
17
19
22
23
30
33
35
3
6
9
12
14
15
17
20
23
26
2
7
10
12
13
14
16
21
24
26
2
7
10
12
13
15
17
22
25
27
7
13
14
17
18
19
21
26
27
30
7
14
17
20
22
23
25
28
31
34
8
18
21
23
24
25
27
33
36
38
7
10
13
14
15
17
18
25
29
30
0
3
6
14
17
20
22
27
30
36
0
5
8
10
12
14
15
18
21
23
10
16
19
22
24
26
27
32
35
37
4
7
10
13
14
15
17
21
22
25
0
3
6
9
11
12
14
17
20
23
3
7
10
13
15
17
19
23
26
29
1
4
7
10
12
13
15
18
21
24
4
10
13
15
17
19
20
24
27
31
39
