time_cost:182ms
ontime_proportion:1.000000
max_delay:0
avg_delay:0.000000
avg_flowtime:18.166667
object function value:-394.444444
0
0
0
0
0
0
0
0
0
0
0
0
0
1
4
6
8
9
12
14
17
0
4
5
7
9
11
13
17
18
20
0
0
0
0
1
2
4
8
9
10
0
0
0
0
0
0
4
8
9
10
0
0
0
0
0
0
0
0
0
0
0
0
0
2
4
6
7
11
13
15
0
0
0
0
0
0
0
0
1
2
0
0
1
2
3
4
10
14
15
16
0
0
0
0
0
0
0
0
1
3
4
8
9
10
11
15
17
21
22
23
4
9
11
12
14
16
17
22
24
25
2
5
7
10
12
14
15
18
20
23
5
10
11
12
14
15
16
21
22
23
0
4
6
8
10
12
13
17
19
21
1
4
6
12
14
16
17
20
22
25
8
11
12
13
18
19
21
24
25
26
8
11
13
14
19
20
22
25
27
28
3
6
8
14
16
18
19
22
24
27
0
4
6
8
10
12
13
17
19
21
5
9
10
12
14
16
18
22
23
25
2
6
7
8
12
14
15
19
20
21
0
5
7
8
9
11
12
17
19
20
9
12
13
15
19
21
22
25
28
29
6
10
12
13
18
19
21
25
27
28
3
8
10
11
12
14
15
20
22
23
3
8
10
13
17
18
19
24
25
28
6
11
13
14
15
17
18
23
26
27
0
6
8
9
11
12
14
18
19
20
0
4
5
6
7
8
10
14
15
17
30
