time_cost:219ms
ontime_proportion:0.966667
max_delay:2
avg_delay:0.066667
avg_flowtime:21.133333
object function value:37.777778
0
0
0
0
0
0
0
0
0
1
4
0
0
0
0
0
0
0
0
1
2
0
0
0
0
0
0
0
0
0
1
0
0
1
2
3
5
8
13
15
16
0
2
4
7
9
11
12
15
17
20
0
0
0
0
0
0
0
0
1
17
0
0
0
0
0
2
7
10
12
22
0
0
0
0
0
1
9
13
14
15
0
1
3
9
11
13
14
17
19
24
0
0
0
0
0
0
0
3
6
8
2
7
8
9
11
12
13
18
19
20
5
8
11
12
17
18
19
23
26
27
1
5
6
8
10
12
14
18
19
21
5
9
12
14
19
20
22
26
27
28
5
9
11
13
15
17
18
22
24
26
2
5
8
10
12
14
16
19
22
24
2
6
9
11
15
17
18
22
25
27
4
9
10
13
14
15
16
21
24
27
1
6
7
8
10
11
12
17
18
19
1
4
7
9
13
15
17
20
23
26
5
9
10
13
15
17
18
22
23
26
1
4
6
11
13
16
17
20
22
28
6
10
11
13
17
18
19
22
26
28
0
4
5
15
18
21
22
26
27
30
4
9
10
13
14
16
17
22
23
26
2
5
8
10
12
14
16
19
22
24
3
7
8
10
15
17
19
23
24
28
3
8
9
12
17
18
19
24
25
29
4
8
10
12
17
19
21
25
26
28
0
3
4
5
6
7
9
12
13
14
32
