time_cost:5941ms
ontime_proportion:0.933333
max_delay:2
avg_delay:0.133333
avg_flowtime:19.800000
object function value:326.666667
0
0
0
0
0
0
0
0
0
0
0
0
0
0
0
0
0
0
0
1
2
0
1
4
6
8
10
12
15
18
20
0
0
1
2
3
4
7
11
13
14
0
0
0
1
2
5
9
13
14
15
0
0
0
2
4
6
9
14
16
19
0
0
0
1
2
4
8
13
15
16
0
4
5
8
13
15
17
21
22
28
0
0
0
1
2
3
8
14
17
20
0
0
0
0
0
0
0
0
0
1
5
9
13
15
17
19
21
24
27
29
3
8
10
11
12
14
15
20
22
23
5
9
11
13
15
17
18
22
24
26
8
13
14
17
19
21
22
27
28
31
7
11
12
14
17
19
21
25
26
28
3
9
11
13
15
17
18
22
24
26
0
5
7
8
9
11
13
18
20
21
0
5
7
8
9
11
12
17
19
20
2
5
6
7
8
9
13
16
18
21
6
10
12
13
15
17
19
23
24
25
5
8
9
10
11
12
13
16
17
18
4
10
11
12
15
16
17
22
23
24
4
9
10
13
14
15
16
21
22
25
4
8
9
11
13
15
17
21
22
24
8
13
15
16
20
22
23
28
29
30
5
9
11
15
17
19
20
24
26
28
3
8
9
12
13
14
15
20
21
24
8
13
14
17
19
21
22
27
28
31
1
6
8
9
10
12
13
18
20
21
2
7
9
10
11
13
14
19
21
22
32
