time_cost:58255ms
ontime_proportion:1.000000
max_delay:0
avg_delay:0.000000
avg_flowtime:19.166667
object function value:-361.111111
0
0
0
0
0
0
0
10
15
16
18
0
2
3
7
8
9
11
15
17
20
0
0
1
2
4
5
7
12
13
16
0
0
0
0
0
0
8
13
16
18
0
0
0
0
0
0
0
0
0
1
0
0
0
0
0
0
0
0
2
5
0
0
0
2
3
5
8
13
14
16
0
0
1
2
5
7
9
14
15
18
0
0
0
0
0
0
0
0
0
0
0
0
0
0
0
1
8
13
14
15
4
7
10
13
15
17
18
21
22
25
8
11
15
18
20
22
23
26
27
30
4
9
10
12
14
15
16
21
22
24
3
8
10
11
13
14
15
20
21
22
0
3
4
5
7
9
11
14
16
17
3
8
9
11
12
14
16
21
22
24
4
8
9
12
14
16
17
21
22
23
5
10
11
13
14
16
18
23
24
26
9
14
15
16
18
20
21
26
27
28
3
8
9
10
12
13
15
20
21
22
0
5
6
7
8
9
10
15
16
17
0
5
8
10
12
13
14
19
22
24
7
12
13
15
16
18
20
25
26
28
6
11
14
16
18
19
20
25
28
30
3
6
7
8
10
12
14
17
18
19
2
7
8
10
12
13
14
19
20
22
5
10
11
14
16
17
18
23
24
26
2
6
7
10
11
12
13
17
18
21
4
9
10
12
13
15
17
22
23
25
7
11
12
15
17
18
19
23
24
27
32
