time_cost:456ms
ontime_proportion:0.900000
max_delay:3
avg_delay:0.166667
avg_flowtime:20.133333
object function value:671.111111
0
0
0
0
0
1
2
7
10
12
13
0
0
0
0
0
1
10
14
15
17
0
3
4
6
8
10
12
16
17
19
0
0
0
0
0
0
0
0
0
1
0
1
3
13
16
18
19
22
24
29
0
0
0
0
0
1
9
14
16
17
0
0
0
0
0
2
3
7
9
17
0
0
0
0
0
0
0
2
3
4
0
0
0
0
0
0
0
2
3
4
0
0
0
0
0
0
0
0
0
2
3
7
8
9
11
13
14
18
19
20
3
7
9
11
14
16
18
22
23
25
8
13
14
15
20
21
22
27
28
31
7
10
11
12
16
18
19
22
23
24
5
9
11
13
15
17
18
22
24
26
5
9
10
12
14
16
18
22
23
25
0
4
5
15
18
20
21
25
26
27
6
11
12
13
19
20
21
26
27
29
7
12
14
15
20
22
23
28
30
31
7
12
13
16
19
21
22
27
28
31
1
8
10
11
17
19
20
25
27
28
5
9
11
13
16
18
19
23
25
27
3
7
8
10
12
14
16
20
21
23
0
4
5
6
8
10
11
15
16
17
5
10
13
15
18
20
22
25
28
30
1
4
6
7
8
9
10
13
14
15
3
8
9
10
12
13
14
19
20
21
4
9
10
14
15
16
17
22
23
26
5
8
11
15
17
19
21
24
27
29
2
5
7
11
13
15
16
19
21
24
33
