time_cost:316ms
ontime_proportion:0.866667
max_delay:5
avg_delay:0.400000
avg_flowtime:22.633333
object function value:1087.777778
0
0
0
0
0
0
0
6
12
16
18
0
0
0
0
0
0
0
0
0
0
0
0
0
0
1
3
9
15
19
20
0
0
0
0
0
0
2
9
12
15
0
0
0
0
0
2
3
10
13
18
0
2
4
6
7
8
9
12
17
20
0
0
0
0
0
0
0
0
0
2
0
0
0
0
0
2
6
11
14
17
0
3
5
6
7
9
11
16
20
21
0
0
0
3
4
6
8
15
18
24
5
8
9
10
12
14
15
18
19
20
5
8
11
15
17
18
20
23
26
29
2
5
7
9
10
11
12
15
17
19
8
13
17
18
19
21
22
31
33
34
8
14
18
19
21
23
24
29
32
33
3
8
11
14
15
16
18
23
26
29
3
8
11
14
15
17
19
24
27
30
1
11
14
17
18
19
20
23
25
27
4
7
10
13
15
16
18
21
24
27
4
7
8
12
14
16
17
20
21
22
1
6
8
9
10
12
13
18
20
21
0
5
8
11
12
14
16
25
28
31
1
6
9
12
13
14
16
21
24
27
0
3
15
18
20
21
23
26
29
32
0
3
5
7
8
9
10
13
15
17
6
12
16
17
18
20
21
29
33
34
5
11
14
16
17
18
19
22
24
26
4
9
12
15
16
19
21
28
31
34
0
5
8
10
11
12
13
18
21
23
8
13
16
19
21
23
24
27
30
33
35
