time_cost:64219ms
ontime_proportion:1.000000
max_delay:0
avg_delay:0.000000
avg_flowtime:18.333333
object function value:-388.888889
0
0
0
0
1
2
3
8
12
13
14
0
0
0
0
0
0
0
0
0
0
0
0
0
0
0
0
1
5
6
12
0
0
0
0
0
0
0
0
1
2
0
0
2
4
6
8
10
13
16
18
0
0
0
0
1
2
8
11
12
13
0
3
4
7
8
9
10
15
16
19
0
0
0
0
0
1
7
12
14
15
0
0
0
0
0
0
0
0
0
0
0
0
0
0
0
0
0
2
5
7
4
7
9
16
18
20
21
24
26
31
4
8
11
13
15
17
18
22
24
26
0
5
6
7
9
10
11
16
17
20
5
10
11
14
15
16
17
22
23
26
2
7
8
11
12
13
14
19
20
23
2
5
7
14
16
18
19
22
24
27
0
4
5
6
8
10
11
15
16
20
2
6
7
8
9
10
12
16
17
18
4
9
11
12
13
15
16
21
23
24
0
3
5
8
10
12
13
16
18
22
5
10
11
12
14
15
16
21
22
23
11
14
15
16
17
18
19
22
23
24
3
7
8
10
12
14
15
19
20
24
3
7
8
9
10
11
13
17
18
19
6
9
10
11
12
13
14
17
19
20
4
8
9
11
13
15
17
21
22
25
3
8
9
12
13
14
15
20
21
24
7
11
13
15
17
19
20
24
26
28
5
10
12
13
14
16
17
23
25
26
7
11
12
18
20
22
23
27
28
29
33
