time_cost:232ms
ontime_proportion:1.000000
max_delay:0
avg_delay:0.000000
avg_flowtime:18.300000
object function value:-390.000000
0
0
0
0
0
0
0
0
0
0
0
0
0
0
0
0
2
8
13
15
18
0
0
0
0
0
0
0
4
6
7
0
3
5
8
10
11
13
17
19
22
0
0
0
0
0
0
0
0
1
2
0
0
0
1
2
3
8
12
15
17
0
0
1
2
3
4
6
10
11
14
0
3
5
6
7
8
9
12
14
15
0
0
0
0
0
1
9
12
13
15
0
0
1
4
6
7
9
13
15
18
6
10
11
14
16
17
19
22
23
24
5
9
10
11
13
15
16
19
20
21
7
11
12
15
18
19
20
23
24
26
3
7
9
10
16
18
19
23
25
26
7
11
12
14
16
17
18
21
22
23
2
6
8
12
14
16
17
21
23
24
5
8
10
11
12
14
15
18
20
21
5
9
11
12
14
16
17
22
24
25
1
5
7
10
12
13
15
19
21
24
2
6
8
11
13
14
16
20
22
26
1
6
7
8
9
10
11
16
17
18
2
7
8
9
10
11
12
17
18
19
5
9
11
12
14
16
17
21
23
24
5
8
9
10
11
12
14
17
18
19
0
4
5
7
8
10
11
15
16
20
6
11
12
14
17
19
20
24
25
27
5
10
11
12
13
14
15
20
21
22
3
8
10
13
14
16
18
23
25
28
0
4
7
9
10
11
12
16
19
21
0
3
4
5
6
7
8
11
12
13
29
