time_cost:58803ms
ontime_proportion:0.966667
max_delay:2
avg_delay:0.066667
avg_flowtime:23.233333
object function value:107.777778
0
0
0
0
0
0
1
7
14
18
21
0
0
0
1
2
3
5
11
14
17
0
0
1
2
4
5
9
15
17
18
0
0
0
0
0
0
0
0
0
0
0
0
0
0
0
0
7
14
17
19
0
0
0
0
1
2
6
16
18
19
0
0
0
0
0
0
10
16
19
21
0
0
3
6
8
9
11
14
17
20
0
0
0
0
0
0
0
0
1
2
0
0
0
0
0
3
9
15
16
19
2
5
8
12
14
15
17
20
23
26
1
4
7
9
11
13
14
17
20
22
2
9
12
14
15
16
18
23
26
28
2
12
15
16
18
20
21
24
27
28
0
11
14
16
19
21
23
28
31
33
3
7
10
13
15
17
19
23
26
29
4
11
14
15
16
18
19
24
26
27
6
12
14
15
17
19
20
25
27
29
0
5
8
10
11
12
14
19
22
24
5
10
13
15
16
18
20
25
28
30
1
6
9
11
12
13
15
20
23
25
5
13
15
16
17
19
20
26
28
29
0
8
11
16
18
20
22
26
29
32
0
4
7
10
12
14
16
20
23
26
0
5
10
12
13
15
16
21
24
26
4
9
12
14
17
19
21
26
29
31
4
8
11
14
16
17
19
22
25
28
1
7
9
10
11
12
13
18
20
21
5
13
16
18
20
22
24
29
32
34
5
9
11
12
14
15
17
21
23
24
35
