time_cost:4941ms
ontime_proportion:0.900000
max_delay:3
avg_delay:0.233333
avg_flowtime:20.333333
object function value:677.777778
0
0
0
0
0
0
0
0
1
4
6
0
0
0
0
0
0
0
0
0
2
0
0
0
0
0
1
8
17
19
20
0
0
0
0
0
0
0
0
0
1
0
0
0
0
0
0
0
0
0
0
0
0
0
0
2
3
7
14
17
20
0
0
0
0
0
0
6
12
15
17
0
0
1
3
4
5
8
15
18
20
0
0
0
0
0
0
0
0
0
0
0
0
0
0
0
0
7
12
15
16
6
12
14
15
16
21
22
28
31
32
6
11
14
17
19
21
23
26
29
32
0
3
6
7
8
10
11
14
17
18
0
4
6
7
9
10
12
16
18
19
5
11
13
14
17
18
20
24
26
29
4
9
12
15
17
19
21
25
28
31
2
7
9
10
11
12
13
18
20
21
5
12
15
17
18
19
21
27
30
32
1
5
8
11
13
15
17
21
24
27
0
6
8
9
10
11
12
18
20
21
1
6
9
11
12
14
16
21
24
26
1
8
11
14
16
17
19
22
25
28
3
8
10
11
12
13
14
19
21
22
2
10
12
13
14
16
17
24
26
27
4
9
12
14
15
17
18
23
26
28
1
6
10
12
13
15
17
22
25
27
3
6
7
10
11
12
14
17
18
21
5
8
11
13
15
17
18
21
24
28
2
5
8
10
13
15
16
19
22
24
4
9
12
14
15
17
19
24
27
29
34
