time_cost:202ms
ontime_proportion:0.900000
max_delay:6
avg_delay:0.400000
avg_flowtime:19.933333
object function value:664.444444
0
0
0
0
0
0
0
0
2
5
6
0
0
0
0
0
0
0
0
3
6
0
0
0
0
0
0
0
0
0
1
0
0
0
0
0
0
0
0
3
4
0
0
0
0
0
0
0
0
0
2
0
0
0
0
0
0
0
0
0
1
0
0
0
0
1
3
9
15
16
17
0
0
0
0
0
0
9
14
17
20
0
0
0
0
0
0
0
0
0
1
0
0
0
0
0
1
5
10
12
13
1
6
9
12
13
15
17
22
25
28
1
6
9
12
13
14
16
21
24
27
2
5
8
11
14
15
17
20
23
26
4
9
10
13
17
19
20
23
24
25
5
11
14
15
17
20
21
27
30
31
1
4
5
6
8
10
11
14
15
16
4
9
12
15
17
18
19
24
27
29
3
8
11
13
15
17
19
23
26
28
1
5
8
10
12
14
16
20
25
27
4
9
12
14
15
19
20
25
28
30
0
5
8
11
12
17
19
24
28
31
8
12
13
14
17
21
22
26
27
28
0
3
5
8
10
12
13
16
18
21
4
7
9
13
15
17
18
21
23
28
1
4
6
8
9
10
11
16
18
20
5
12
15
17
19
22
24
30
33
35
0
3
4
5
7
9
10
13
14
15
4
8
11
13
15
17
19
23
26
30
6
13
16
18
19
21
23
28
31
33
4
9
12
15
16
19
21
27
30
33
36
