time_cost:295ms
ontime_proportion:0.933333
max_delay:3
avg_delay:0.133333
avg_flowtime:21.533333
object function value:384.444444
0
0
0
0
0
0
0
0
0
0
0
0
1
4
5
6
8
13
16
19
20
0
0
0
0
0
0
10
16
19
21
0
0
0
0
0
1
10
19
22
24
0
0
2
3
4
5
8
15
17
19
0
0
0
0
0
0
0
0
0
2
0
0
0
0
0
0
0
1
4
7
0
0
0
0
0
2
4
11
14
17
0
0
0
0
1
2
6
12
14
15
0
0
2
4
5
7
8
13
16
18
8
14
16
18
20
21
22
29
31
32
1
5
7
11
13
14
16
20
22
23
0
3
4
7
8
9
11
14
15
18
5
9
12
15
17
19
21
25
28
31
4
8
10
14
16
17
19
23
25
26
0
3
4
7
8
9
11
14
15
18
1
4
7
10
12
13
15
18
21
24
5
10
13
15
16
17
19
25
28
30
2
6
8
9
11
12
14
18
20
21
4
10
12
14
15
16
17
22
24
25
5
11
14
16
17
19
21
26
29
31
3
8
11
13
14
15
17
22
25
28
8
13
16
18
19
21
22
28
31
33
0
5
8
10
11
13
15
20
23
26
6
11
14
17
18
20
21
26
29
32
2
6
8
9
11
12
14
18
20
23
4
8
10
13
15
17
19
23
25
26
3
8
11
13
14
16
17
22
25
27
4
9
11
12
13
14
15
20
22
23
0
4
7
10
12
15
17
21
24
29
34
