time_cost:175ms
ontime_proportion:1.000000
max_delay:0
avg_delay:0.000000
avg_flowtime:16.800000
object function value:-440.000000
0
0
0
1
2
4
5
7
10
13
14
0
0
0
0
0
0
0
0
2
3
0
0
0
0
0
0
7
12
14
17
0
0
0
0
0
0
0
0
0
0
0
0
0
0
0
0
0
0
0
1
0
0
0
0
0
0
0
0
2
3
0
0
0
0
0
0
0
0
0
3
0
3
5
8
10
11
13
17
19
22
0
0
0
0
0
0
0
0
0
0
0
0
0
0
0
0
0
2
4
5
3
7
8
10
13
15
16
20
21
25
1
4
7
8
16
18
19
22
25
26
0
5
7
10
11
13
15
20
22
25
4
9
10
11
12
16
18
21
22
23
4
7
8
9
10
13
15
18
19
20
7
10
12
13
17
19
20
23
26
27
7
10
12
13
15
16
17
20
21
24
2
7
9
12
13
15
17
22
24
27
0
4
5
7
8
10
11
15
16
18
5
9
11
14
16
17
19
23
25
28
4
7
9
10
11
12
13
16
18
19
3
7
9
10
12
14
15
19
21
22
5
8
10
11
12
13
14
17
19
20
3
9
10
13
16
19
20
24
25
27
5
8
11
12
14
15
16
19
22
23
1
5
7
8
10
12
13
17
19
20
4
8
10
13
15
16
18
22
24
27
7
10
11
12
14
17
19
22
23
24
4
7
8
9
11
12
13
16
17
18
0
4
7
9
10
11
12
16
19
21
30
