time_cost:5843ms
ontime_proportion:1.000000
max_delay:0
avg_delay:0.000000
avg_flowtime:20.000000
object function value:-333.333333
0
0
0
0
1
2
4
8
13
15
16
0
0
0
0
0
0
0
2
3
4
0
3
4
6
8
10
12
16
17
19
0
0
0
0
0
0
0
3
5
13
0
0
0
2
4
6
10
14
16
18
0
0
0
0
0
0
0
0
1
4
0
0
0
0
0
1
6
10
13
16
0
0
0
0
0
2
6
9
12
14
0
0
0
1
2
3
9
12
13
14
0
0
1
2
3
5
7
12
14
15
1
4
7
9
11
13
15
18
21
23
1
6
7
8
10
11
12
17
18
19
3
8
9
12
13
14
15
20
21
24
1
6
7
10
11
12
13
18
19
22
5
10
12
13
15
17
18
23
25
26
2
6
7
11
13
15
17
21
22
27
0
4
5
10
14
17
18
22
23
25
3
6
9
11
13
15
17
20
23
25
6
10
11
12
19
21
23
27
28
29
4
8
9
10
11
12
14
18
19
20
1
5
6
12
14
16
17
21
22
23
6
9
10
11
12
13
14
17
18
19
4
9
11
14
18
20
21
24
26
29
0
4
5
6
8
10
11
15
16
17
2
7
8
9
11
12
13
18
19
20
0
4
5
8
12
14
15
19
20
21
4
8
11
13
16
18
20
24
25
27
7
11
12
15
18
20
22
26
27
28
3
6
9
13
16
18
20
23
26
28
4
9
10
11
15
16
17
22
23
24
31
