time_cost:4514ms
ontime_proportion:1.000000
max_delay:0
avg_delay:0.000000
avg_flowtime:16.366667
object function value:-454.444444
0
0
0
0
0
0
0
0
0
0
0
0
0
0
0
1
3
5
10
11
14
0
0
0
0
0
0
9
14
15
16
0
0
0
0
0
0
0
0
1
2
0
0
0
0
0
0
0
0
0
3
0
0
0
0
1
3
6
11
13
14
0
0
0
0
0
0
0
0
1
3
0
0
0
0
0
0
0
0
0
0
0
0
0
0
0
0
8
12
13
15
0
0
0
0
0
0
0
0
0
0
0
4
5
6
8
10
11
15
16
17
3
7
8
9
11
13
14
18
19
20
4
7
9
12
14
16
17
20
22
25
0
5
6
7
9
10
11
16
17
18
3
7
8
9
10
11
13
17
18
19
0
4
5
6
7
8
10
14
15
16
0
4
6
8
10
12
13
17
19
21
1
4
5
6
7
8
9
12
13
14
7
12
14
15
17
19
20
25
27
28
4
8
9
11
13
15
17
21
22
24
0
3
4
5
6
7
8
11
12
13
2
6
7
9
11
13
15
19
20
23
3
8
9
10
12
13
14
19
20
21
4
7
10
12
14
16
18
21
24
26
5
9
10
12
16
18
20
24
25
27
4
9
11
12
16
18
19
24
26
27
7
11
12
13
15
17
19
23
24
25
5
9
10
14
16
18
19
23
24
27
5
10
12
13
14
16
17
22
24
25
7
12
13
14
16
17
18
23
24
26
29
