time_cost:74513ms
ontime_proportion:1.000000
max_delay:0
avg_delay:0.000000
avg_flowtime:18.800000
object function value:-373.333333
0
0
0
0
0
0
0
13
18
20
23
0
0
0
0
1
3
4
8
9
11
0
0
0
1
2
3
9
15
17
18
0
0
0
0
0
0
0
0
3
4
0
0
1
2
3
4
5
8
9
10
0
0
0
0
0
0
16
21
22
23
0
0
0
0
0
1
3
7
8
10
0
0
0
0
0
0
3
8
10
13
0
0
0
0
0
0
15
19
21
22
0
0
0
2
3
5
8
14
17
21
5
9
12
14
15
16
17
21
24
26
0
4
5
8
9
10
12
15
16
17
4
9
11
14
15
17
19
24
26
29
7
12
14
17
18
20
22
27
29
32
0
3
4
5
6
7
8
11
12
14
0
3
4
6
7
8
9
12
13
14
3
8
9
10
11
12
13
18
19
20
0
3
4
5
6
7
8
11
12
13
4
7
9
10
11
12
14
17
19
20
2
5
6
7
8
9
12
15
16
17
1
6
7
8
9
10
12
17
18
19
0
4
6
9
11
12
14
18
20
23
9
13
15
16
19
21
22
26
28
29
6
9
12
13
16
17
18
21
24
25
0
4
6
7
9
11
12
16
18
19
7
11
13
16
18
19
21
25
27
30
2
7
9
12
13
15
17
22
24
27
9
12
14
15
17
18
19
24
26
27
2
5
6
7
8
9
10
13
14
15
1
4
5
6
7
8
11
14
16
18
33
