time_cost:254ms
ontime_proportion:0.866667
max_delay:7
avg_delay:0.533333
avg_flowtime:20.766667
object function value:1025.555556
0
0
0
0
0
1
2
7
13
16
20
0
0
0
0
0
0
0
0
0
3
0
0
0
0
0
0
0
14
18
20
0
0
0
0
0
0
0
0
0
0
0
0
0
0
0
0
0
0
0
0
0
2
5
7
8
10
11
16
19
21
0
0
0
0
0
0
0
0
0
1
0
0
0
0
0
0
0
17
20
22
0
0
0
0
0
0
0
0
0
3
0
0
0
0
0
0
0
0
0
1
5
8
11
12
14
16
17
20
23
24
5
9
12
15
17
19
21
25
28
31
2
7
10
12
13
14
16
21
24
26
0
5
8
10
11
13
15
20
23
25
8
15
16
19
21
23
25
30
31
34
0
3
6
9
11
12
14
17
20
23
5
10
13
15
16
18
19
24
27
29
5
12
15
17
18
22
23
28
34
36
4
11
13
14
18
19
20
25
27
28
5
12
15
18
20
21
23
28
31
34
5
8
11
14
16
20
22
27
30
33
1
4
5
8
9
10
12
15
16
19
3
11
14
16
17
18
20
25
28
30
4
9
12
14
15
17
19
24
27
29
0
4
7
10
12
14
16
20
23
26
5
11
13
14
17
18
19
24
26
29
8
15
17
18
20
23
25
31
33
34
2
5
8
11
13
14
16
19
22
25
5
8
11
13
15
17
18
22
25
27
1
5
7
8
10
11
13
17
19
20
37
