time_cost:57217ms
ontime_proportion:1.000000
max_delay:0
avg_delay:0.000000
avg_flowtime:18.366667
object function value:-387.777778
0
0
0
0
1
2
3
11
14
15
18
0
0
0
0
0
0
0
0
0
0
0
0
0
0
0
0
1
5
6
8
0
0
0
0
0
0
0
0
1
2
0
0
2
4
6
8
10
13
16
18
0
0
0
0
1
2
9
12
13
14
0
3
4
7
8
9
10
15
16
19
0
0
0
0
0
1
8
13
15
16
0
0
0
0
0
0
0
0
0
0
0
0
0
0
0
0
0
2
5
9
4
7
9
12
14
16
17
20
22
25
7
11
13
15
17
19
20
24
26
28
0
5
6
7
9
10
11
16
17
18
5
10
11
14
15
16
17
22
23
26
2
7
8
11
12
13
14
19
20
23
2
5
7
10
12
14
15
18
20
23
0
4
5
6
8
10
11
15
16
17
6
11
12
13
16
17
19
23
24
25
4
9
11
12
13
15
16
21
23
24
0
3
5
14
16
18
19
22
24
27
5
10
11
12
16
17
18
23
24
25
4
7
8
9
10
11
12
15
16
17
7
11
12
19
21
23
24
28
29
30
3
7
8
9
10
11
13
17
18
19
3
6
7
8
9
10
11
14
15
16
4
8
9
11
13
15
17
21
22
24
2
7
8
11
12
13
14
19
20
23
5
9
11
13
15
17
18
22
24
26
5
10
12
13
14
16
17
23
25
26
7
11
12
21
23
25
26
30
31
32
34
