time_cost:61131ms
ontime_proportion:1.000000
max_delay:0
avg_delay:0.000000
avg_flowtime:16.900000
object function value:-436.666667
0
0
0
0
1
3
4
8
11
14
15
0
0
0
0
0
2
6
11
12
15
0
1
2
3
4
5
7
12
13
14
0
0
0
0
0
0
0
0
0
0
0
0
3
4
6
7
9
13
16
17
0
3
4
5
6
7
8
12
14
15
0
0
0
0
0
0
0
0
1
3
0
0
0
1
2
3
8
12
15
17
0
0
0
0
1
2
3
7
10
12
0
0
0
0
0
0
0
0
0
2
1
5
7
10
12
14
15
19
21
22
4
8
10
13
15
16
18
22
24
27
1
4
5
7
8
9
11
14
15
16
5
8
9
10
11
12
13
16
17
18
5
10
12
13
14
15
16
19
21
22
7
10
11
12
14
15
16
19
20
21
1
5
7
8
10
12
13
17
19
20
1
4
5
6
7
8
9
12
13
14
3
6
8
9
11
12
13
16
18
19
5
9
12
13
15
16
17
20
23
24
4
9
11
14
15
17
19
24
26
29
4
8
9
11
12
14
15
19
20
22
6
10
11
13
16
18
19
23
24
26
3
6
8
9
12
13
15
18
19
20
1
5
6
8
9
11
12
16
17
19
5
9
11
12
14
16
17
21
23
24
4
7
10
11
13
14
15
18
21
22
4
7
8
9
10
11
12
15
16
17
7
11
13
14
16
17
18
21
23
24
1
5
7
8
10
12
13
17
19
20
30
