time_cost:106ms
ontime_proportion:0.900000
max_delay:5
avg_delay:0.300000
avg_flowtime:20.533333
object function value:684.444444
0
0
0
0
0
2
3
9
14
15
16
0
0
0
0
0
0
10
15
16
17
0
0
0
0
0
0
1
4
5
6
0
0
0
0
0
1
9
14
15
19
0
0
0
0
0
0
0
0
0
0
0
0
2
4
6
7
10
15
18
22
0
0
0
3
5
7
8
11
14
19
0
0
0
0
0
0
0
0
0
0
0
0
0
0
0
0
0
0
0
1
0
0
0
0
1
3
9
13
17
21
7
12
15
16
18
19
22
27
29
30
7
10
14
17
19
21
22
25
26
29
4
8
9
12
13
14
15
19
20
23
2
7
8
9
11
12
14
19
20
21
2
7
12
17
19
20
21
26
29
31
1
4
5
8
10
12
13
16
17
20
5
10
13
14
17
19
20
25
28
29
8
12
15
17
20
22
23
27
28
33
3
8
11
13
15
16
17
22
25
27
5
10
13
15
17
18
19
24
27
29
0
5
6
8
9
11
13
18
19
21
0
3
4
7
9
11
12
15
16
19
4
9
10
12
13
15
17
22
23
25
8
13
14
16
18
20
21
26
27
28
5
8
12
15
17
19
20
23
24
27
4
9
12
14
16
17
18
23
26
28
7
11
12
15
16
18
19
24
25
28
4
9
10
13
14
16
18
23
24
26
5
10
11
12
14
15
17
22
23
24
2
7
10
12
15
17
18
23
26
28
35
