time_cost:60230ms
ontime_proportion:0.900000
max_delay:5
avg_delay:0.333333
avg_flowtime:19.333333
object function value:644.444444
0
0
0
0
2
4
6
8
14
17
19
0
0
0
0
0
1
7
13
15
17
0
3
6
9
11
12
14
17
20
23
0
0
0
0
0
0
0
0
0
4
0
0
0
0
0
0
0
0
0
0
0
0
0
0
0
1
6
11
14
17
0
0
0
0
0
0
0
2
5
6
0
0
0
0
0
0
0
0
0
0
0
0
0
0
0
0
0
0
0
0
0
0
0
0
0
0
0
0
0
1
2
5
7
10
12
14
15
18
20
23
6
12
14
15
18
20
21
26
28
29
0
3
5
7
8
9
10
14
16
19
2
5
7
9
10
11
12
15
17
19
3
8
11
13
14
15
16
21
24
26
3
8
11
14
15
16
18
23
26
29
1
4
5
6
8
10
11
15
16
17
5
10
13
15
16
17
18
21
23
25
5
10
13
14
16
18
19
24
27
28
2
7
10
13
14
16
18
23
26
29
3
6
8
11
14
16
17
20
22
25
5
9
12
14
18
20
22
26
29
31
2
7
10
11
16
18
19
24
26
27
5
8
9
11
17
19
20
24
25
26
2
5
8
12
15
18
19
22
24
27
6
11
14
16
20
22
24
28
31
33
1
4
6
9
11
13
14
17
19
22
3
6
7
8
10
12
13
16
17
19
4
9
12
16
17
18
20
25
28
31
1
6
9
12
13
14
16
21
24
27
35
