time_cost:210ms
ontime_proportion:1.000000
max_delay:0
avg_delay:0.000000
avg_flowtime:21.166667
object function value:-294.444444
0
0
0
0
1
3
4
9
14
15
17
0
0
0
0
0
2
11
15
18
19
0
0
0
0
0
0
0
4
5
7
0
0
2
4
6
7
8
13
16
18
0
4
5
6
8
10
11
16
17
18
0
0
0
0
0
0
8
13
14
19
0
1
2
5
7
9
10
14
16
19
0
0
0
0
0
2
11
16
17
18
0
0
0
2
4
5
6
11
14
16
0
0
0
3
5
7
8
11
12
15
2
7
8
9
11
12
14
19
20
21
1
6
7
8
10
13
15
20
21
22
4
9
10
11
12
13
14
19
20
21
3
8
9
10
11
12
13
18
19
20
5
8
9
12
15
17
19
22
24
27
3
6
7
8
10
14
16
19
20
21
6
11
12
13
14
16
17
22
23
24
5
9
10
13
14
15
16
20
21
24
1
4
10
13
17
19
20
23
24
27
5
10
11
12
13
16
17
22
23
25
1
6
7
9
11
12
13
18
19
21
5
8
9
10
13
15
17
20
21
23
6
11
12
14
15
16
18
23
24
26
1
6
7
9
12
14
16
21
22
24
7
12
13
15
16
17
19
24
25
27
6
9
10
11
14
17
20
23
24
25
0
5
8
10
12
13
14
19
22
24
1
4
5
10
15
17
18
21
22
25
0
5
6
7
9
10
19
24
25
26
4
9
11
12
17
19
20
25
26
27
29
