time_cost:240ms
ontime_proportion:0.800000
max_delay:4
avg_delay:0.400000
avg_flowtime:23.566667
object function value:1785.555556
0
0
0
0
0
0
0
8
15
16
17
0
0
3
5
7
9
11
15
18
20
0
0
0
0
0
0
0
0
0
1
0
0
0
0
0
0
6
14
17
20
0
3
6
9
11
12
14
17
20
23
0
2
3
4
6
8
9
14
16
18
0
0
0
0
0
0
0
3
7
8
0
0
0
0
1
2
8
15
18
20
0
0
0
0
1
2
8
16
19
22
0
0
1
4
5
7
9
14
17
21
4
9
12
14
15
16
17
22
25
27
2
7
10
11
12
14
15
20
23
24
6
12
14
17
19
22
23
27
29
31
5
11
14
15
16
18
19
25
28
30
3
6
9
12
14
15
17
20
23
26
5
10
13
15
16
17
18
23
26
28
5
12
15
16
17
19
20
26
29
30
2
5
6
7
9
11
12
16
17
19
2
5
8
14
16
17
19
22
25
28
6
12
15
18
19
23
24
29
32
33
5
8
11
14
16
17
19
22
25
31
3
6
9
16
18
19
21
24
27
33
3
9
12
15
17
19
20
25
28
30
0
3
5
7
8
9
10
17
19
21
7
13
16
18
19
20
21
27
30
32
4
11
14
17
18
20
22
28
31
34
3
9
12
18
20
21
23
26
30
33
5
8
11
16
18
19
21
24
27
30
1
4
6
8
9
10
11
18
20
22
0
3
6
9
11
12
14
17
20
23
35
