time_cost:65965ms
ontime_proportion:1.000000
max_delay:0
avg_delay:0.000000
avg_flowtime:16.100000
object function value:-463.333333
0
0
0
0
0
0
0
0
4
5
12
0
0
0
0
0
0
0
0
0
1
0
0
0
0
0
0
0
0
0
0
0
0
0
0
0
0
0
0
0
0
0
0
0
0
0
1
2
7
10
11
0
0
0
0
0
0
4
7
8
11
0
0
0
2
4
6
9
13
14
16
0
0
0
0
0
0
0
0
0
1
0
0
0
0
0
0
0
0
0
1
0
0
0
0
1
2
3
6
7
8
5
8
9
10
11
12
13
17
18
19
4
9
11
12
13
15
16
21
23
24
5
9
10
12
15
17
19
23
24
26
9
13
15
17
19
21
22
26
28
30
12
16
17
18
20
21
23
27
29
30
2
6
7
8
9
10
12
16
17
20
0
3
5
8
10
12
13
16
18
21
9
14
16
17
18
20
21
26
28
29
3
7
8
9
10
11
13
17
18
19
2
5
7
10
13
15
16
19
21
24
2
6
8
10
12
14
15
19
21
23
7
12
14
15
16
18
19
24
26
27
6
11
12
13
15
16
17
22
23
25
0
4
5
6
8
10
11
15
17
18
0
5
6
7
9
10
11
16
17
18
1
6
9
10
11
13
14
19
21
22
7
10
13
15
17
19
21
24
27
29
1
5
6
7
8
9
11
15
16
17
3
7
8
9
10
11
13
17
18
19
5
9
10
11
12
13
15
19
20
21
32
