time_cost:54865ms
ontime_proportion:1.000000
max_delay:0
avg_delay:0.000000
avg_flowtime:19.666667
object function value:-344.444444
0
0
0
0
0
1
3
4
8
10
12
0
2
3
4
5
6
10
13
14
15
0
1
3
4
7
9
10
14
16
17
0
2
4
5
6
7
9
12
14
15
0
0
0
3
5
6
10
13
16
17
0
0
0
1
3
4
12
15
18
19
0
3
4
5
6
7
8
11
12
13
0
0
0
0
0
0
0
5
9
12
0
3
4
5
6
7
9
14
15
16
0
1
2
3
4
5
6
9
12
13
4
7
8
9
10
11
13
16
17
18
2
6
8
12
14
15
17
21
23
26
5
9
12
14
15
16
17
21
24
26
2
5
8
9
11
12
13
16
19
22
4
8
9
11
12
13
14
17
18
19
1
6
8
11
12
14
16
21
23
26
0
3
5
6
7
8
9
12
14
16
4
9
11
14
15
17
19
24
26
29
0
4
7
9
10
11
12
16
19
21
6
11
13
14
17
19
20
24
26
27
8
12
14
16
17
19
20
26
27
29
5
10
11
12
13
14
15
21
22
23
1
5
8
10
11
12
13
17
20
22
4
9
11
14
15
17
19
24
26
29
0
4
5
7
8
10
14
20
22
24
3
8
9
10
11
12
13
19
20
21
1
4
5
6
7
8
10
13
14
15
7
11
12
13
14
15
17
20
21
22
4
7
10
11
13
14
15
18
21
22
5
8
11
12
14
15
16
19
22
23
30
