time_cost:59077ms
ontime_proportion:1.000000
max_delay:0
avg_delay:0.000000
avg_flowtime:19.633333
object function value:-345.555556
0
0
0
0
0
0
0
0
1
4
6
0
0
0
0
0
0
0
0
0
2
0
0
0
0
0
1
6
12
14
19
0
0
0
0
0
0
0
0
0
1
0
0
0
0
0
0
0
0
0
0
0
0
0
0
2
3
7
13
16
19
0
0
0
0
0
0
8
15
18
20
0
0
1
3
4
5
8
13
16
18
0
0
0
0
0
0
0
0
0
0
0
0
0
0
0
0
1
12
15
16
3
9
11
12
13
14
15
20
22
23
4
7
10
13
15
16
18
21
24
27
0
3
6
7
8
10
11
14
17
18
0
4
6
7
9
10
12
16
18
19
4
8
10
11
13
14
16
20
22
23
6
11
14
17
19
21
23
27
30
33
2
7
9
10
11
12
13
18
20
21
5
10
13
15
16
17
19
24
27
29
1
9
12
15
17
19
21
25
28
31
0
6
8
9
10
11
12
17
19
20
1
6
9
11
12
14
16
21
24
26
1
4
7
10
12
13
15
18
21
24
3
8
10
11
12
13
14
19
21
22
5
10
12
13
14
16
17
24
26
27
4
9
12
14
15
17
18
23
26
28
1
6
10
12
13
15
17
22
25
27
3
6
7
10
11
12
14
17
18
21
5
10
13
15
17
19
20
23
26
28
2
5
8
10
14
16
17
20
23
25
6
12
15
17
18
19
21
26
29
31
35
