time_cost:58952ms
ontime_proportion:0.933333
max_delay:4
avg_delay:0.166667
avg_flowtime:20.900000
object function value:363.333333
0
0
0
0
0
0
0
0
0
0
3
0
0
0
0
0
0
0
3
6
8
0
0
0
0
0
0
0
1
4
7
0
0
2
3
4
5
8
13
15
16
0
0
0
0
0
1
6
13
16
19
0
0
0
0
0
1
9
14
17
20
0
0
0
1
3
5
8
15
18
20
0
0
0
0
1
3
8
13
16
18
0
0
0
0
0
0
0
2
4
5
0
0
0
0
0
0
2
4
5
8
1
6
9
11
12
13
15
20
23
25
0
3
4
7
8
9
11
14
15
18
1
7
9
10
11
12
13
18
20
21
1
4
5
8
9
10
12
15
16
19
5
8
9
12
13
14
16
19
20
23
5
10
13
15
16
18
20
25
28
30
5
9
12
16
18
20
22
26
29
32
3
8
11
13
14
16
17
22
25
27
1
4
7
9
11
13
14
17
20
22
6
12
15
16
18
20
21
27
29
31
4
11
14
16
17
19
20
25
28
30
0
5
8
10
11
13
15
20
23
25
4
9
12
14
15
17
19
24
27
29
5
10
13
15
16
17
19
24
27
29
6
12
15
18
20
22
24
28
31
34
1
5
8
11
13
15
17
21
24
27
1
5
7
8
10
11
13
17
19
20
5
11
14
15
17
19
20
25
27
28
3
6
9
12
14
15
17
20
23
26
5
8
11
14
16
17
19
22
25
28
36
