time_cost:72883ms
ontime_proportion:0.966667
max_delay:3
avg_delay:0.100000
avg_flowtime:22.566667
object function value:85.555556
0
0
0
0
1
3
5
10
15
19
22
0
0
0
0
0
0
0
0
0
2
0
2
4
5
6
7
10
15
18
19
0
0
0
2
3
4
6
12
15
17
0
0
0
0
0
0
0
0
0
2
0
0
0
0
0
1
6
12
15
17
0
0
0
0
0
0
10
15
18
20
0
0
1
4
5
6
9
14
17
20
0
0
0
0
0
0
7
11
12
15
0
1
4
7
9
10
12
15
18
21
5
10
13
15
16
17
19
24
27
29
4
9
12
14
15
17
19
24
27
29
3
6
9
10
11
13
14
17
20
21
3
8
11
13
14
15
17
22
25
27
7
13
15
18
19
21
23
27
28
31
1
4
7
10
12
13
15
18
21
24
0
3
6
12
14
15
17
20
23
26
5
11
14
15
17
20
21
27
30
31
0
5
8
11
12
19
21
26
29
31
0
3
6
8
13
15
16
20
23
25
4
8
11
12
14
16
17
21
24
25
3
7
10
13
15
17
19
23
26
29
2
6
8
9
11
12
14
18
20
21
3
7
10
13
15
17
19
23
26
31
7
12
14
15
17
19
21
25
27
28
5
10
13
15
17
19
20
25
28
30
4
9
12
14
17
19
21
26
29
31
0
4
7
10
12
14
16
20
23
26
2
7
9
10
11
12
13
18
20
21
0
3
4
7
8
9
11
14
15
18
33
