time_cost:197ms
ontime_proportion:0.766667
max_delay:4
avg_delay:0.633333
avg_flowtime:22.333333
object function value:2077.777778
0
0
0
0
1
3
5
8
24
27
31
0
0
0
0
0
0
0
2
3
6
0
0
0
3
4
6
7
14
17
18
0
0
0
0
0
0
7
19
22
24
0
0
0
0
0
0
0
0
0
0
0
2
4
5
6
7
8
13
15
16
0
0
0
0
0
0
0
1
4
6
0
0
0
0
0
0
1
15
18
20
0
0
0
0
0
0
0
0
0
1
0
0
0
0
1
2
8
15
16
19
4
7
10
12
14
16
17
20
23
25
1
4
7
9
11
13
14
17
20
22
0
4
6
10
12
13
15
19
21
22
7
13
15
16
18
19
21
28
30
31
5
10
13
14
15
17
18
23
26
27
4
9
12
14
15
16
18
23
26
28
4
7
10
14
16
18
19
22
25
27
0
3
6
9
11
12
14
18
21
24
2
7
10
12
13
15
16
21
24
26
5
12
15
18
20
22
23
27
30
32
7
13
16
17
19
21
22
26
29
30
4
8
11
14
16
18
20
26
29
32
1
6
8
9
10
11
12
17
19
20
5
11
14
16
18
20
21
24
27
29
4
9
12
14
15
17
19
24
27
29
1
5
8
11
13
15
17
21
24
27
1
5
7
8
10
11
13
17
19
20
5
12
15
17
18
20
21
27
30
32
0
10
12
13
19
20
21
29
31
32
3
10
13
15
17
19
20
25
28
30
34
