time_cost:171ms
ontime_proportion:1.000000
max_delay:0
avg_delay:0.000000
avg_flowtime:20.333333
object function value:-322.222222
0
0
0
0
2
4
6
9
12
14
17
0
0
1
3
4
6
8
13
14
16
0
0
0
0
0
0
0
0
0
0
0
0
1
2
3
4
10
15
17
18
0
0
0
0
0
0
0
0
0
2
0
0
1
4
6
8
9
12
13
16
0
3
4
7
9
11
12
15
16
19
5
10
11
13
15
17
19
24
25
27
0
0
0
0
0
0
8
13
16
18
0
1
2
3
5
6
10
15
16
17
1
6
7
8
10
12
13
18
19
20
6
11
12
13
17
18
19
24
25
26
1
6
7
8
10
11
13
18
19
20
1
5
6
11
12
13
14
18
19
22
4
8
9
12
13
14
15
19
20
23
1
6
7
9
11
12
13
18
19
21
4
9
10
14
16
17
18
23
24
26
1
6
8
10
14
16
17
22
23
24
3
6
7
10
12
14
15
18
19
22
1
6
7
16
18
19
20
25
26
28
1
5
6
7
9
11
12
16
17
20
5
10
12
13
17
19
20
25
26
27
4
8
9
12
13
14
15
19
20
24
6
10
11
15
16
17
18
22
23
26
4
9
10
12
14
15
16
21
22
24
6
11
12
14
16
19
21
26
27
29
6
10
12
15
17
18
19
23
24
27
6
11
13
14
15
16
17
22
23
24
0
4
5
6
8
10
11
15
16
17
6
11
13
15
18
19
20
25
26
27
30
