time_cost:62547ms
ontime_proportion:0.966667
max_delay:3
avg_delay:0.100000
avg_flowtime:18.066667
object function value:-64.444444
0
0
0
0
0
0
1
6
11
14
15
0
0
0
0
1
2
5
11
12
15
0
0
0
0
0
0
0
0
0
0
0
0
0
0
0
0
0
0
0
0
0
0
0
0
0
0
0
0
0
2
0
0
0
0
0
0
0
2
5
7
0
3
6
7
8
10
11
14
17
18
0
0
0
0
0
0
0
12
15
18
0
0
0
0
0
0
0
0
0
1
0
0
0
0
0
0
0
0
0
2
4
10
13
14
15
17
18
24
27
28
3
8
11
13
14
16
17
22
25
27
4
9
12
14
16
18
19
22
25
27
1
4
7
9
11
13
14
17
20
22
1
5
7
8
10
11
13
17
19
20
1
6
9
10
11
13
14
17
20
21
2
7
9
10
11
12
13
18
20
21
7
12
15
16
19
21
22
25
28
29
3
7
8
11
12
13
15
18
19
22
1
4
5
8
9
10
12
15
16
19
5
8
11
12
13
15
16
19
22
23
7
12
14
16
18
19
20
25
27
28
5
9
12
15
17
19
21
25
28
31
6
11
12
15
16
17
19
22
23
26
1
4
7
8
9
11
12
15
18
19
4
7
8
11
12
13
15
18
19
22
1
6
9
11
13
15
17
22
25
27
4
7
10
14
16
17
19
22
25
28
0
4
7
10
13
15
17
21
24
27
3
9
11
12
13
14
15
20
22
23
33
