time_cost:205ms
ontime_proportion:0.933333
max_delay:4
avg_delay:0.200000
avg_flowtime:19.166667
object function value:305.555556
0
0
0
0
0
0
0
0
2
4
21
0
0
0
0
2
4
6
10
11
12
0
0
0
0
1
2
4
8
9
10
0
0
0
0
0
0
0
0
1
2
0
0
0
2
4
6
10
14
16
18
0
0
0
0
0
0
0
0
1
2
0
0
1
3
5
7
9
12
15
18
0
0
0
0
0
2
4
8
9
11
0
0
0
0
0
0
0
0
0
1
0
3
4
7
8
9
10
15
16
19
2
6
7
8
15
17
18
22
23
24
11
14
15
16
20
22
23
27
28
29
0
5
7
8
9
11
12
17
19
20
0
4
6
8
10
12
13
17
19
22
1
5
6
7
8
9
11
15
16
17
2
6
7
9
11
13
15
19
20
25
6
11
12
15
16
17
18
23
24
27
5
10
12
13
14
16
17
22
24
25
7
12
13
17
19
21
22
26
27
28
8
12
14
15
19
20
22
26
27
28
5
8
10
13
15
17
18
21
23
26
1
4
9
19
21
23
24
27
29
32
2
7
8
9
11
12
13
18
19
20
3
8
10
11
13
15
16
21
23
24
2
6
8
10
12
14
15
19
21
23
6
10
11
15
17
19
20
24
25
30
5
9
10
11
12
13
15
19
20
21
6
11
13
14
17
19
20
25
27
28
5
9
11
13
15
17
19
23
24
26
0
4
5
6
7
8
10
14
15
16
34
