time_cost:67306ms
ontime_proportion:0.966667
max_delay:3
avg_delay:0.100000
avg_flowtime:20.233333
object function value:7.777778
0
0
0
0
0
0
0
0
0
1
4
0
0
0
0
0
0
0
0
1
3
0
0
0
0
0
0
1
4
5
6
0
0
0
0
0
0
7
13
16
18
0
1
4
7
9
10
12
15
18
21
0
0
0
0
0
2
7
13
16
19
0
0
0
0
0
0
0
1
8
11
0
0
0
0
0
0
0
0
0
1
0
0
0
0
0
0
0
0
1
3
0
0
2
4
5
6
8
13
16
18
5
10
13
16
18
19
21
24
27
30
7
13
15
18
20
22
23
26
28
31
2
7
10
13
14
16
18
23
26
29
2
5
6
7
9
11
12
15
16
17
1
4
7
10
12
13
15
18
21
24
3
10
13
16
17
18
20
25
28
32
5
11
14
15
16
20
21
27
30
31
1
6
8
9
10
12
13
18
20
21
1
4
5
9
11
13
14
17
18
19
5
11
14
17
19
20
22
25
28
31
5
8
11
14
16
17
19
22
25
28
2
7
10
12
13
14
15
20
23
25
3
8
11
14
16
17
19
24
27
30
0
3
5
8
11
13
14
17
19
22
6
12
13
14
16
19
20
23
24
25
0
5
7
8
10
12
13
18
20
21
4
7
10
13
15
16
18
21
24
27
4
9
12
13
14
16
17
22
25
26
0
3
4
5
7
9
10
14
15
16
5
10
13
16
17
18
20
26
29
32
33
