time_cost:232ms
ontime_proportion:0.866667
max_delay:5
avg_delay:0.466667
avg_flowtime:21.000000
object function value:1033.333333
0
0
0
0
0
0
0
0
0
1
4
0
0
0
0
0
0
0
0
1
2
0
0
0
0
0
0
1
4
5
9
0
0
0
0
0
0
7
13
17
19
0
1
4
7
9
10
12
15
18
21
0
0
0
0
0
2
8
13
16
19
0
0
0
0
0
0
0
1
8
11
0
0
0
0
0
0
0
0
0
4
0
0
0
0
0
0
0
0
1
3
0
0
2
4
5
6
7
13
15
17
5
8
11
14
16
17
19
22
25
28
7
11
14
17
19
22
23
27
29
32
2
7
10
13
14
16
18
23
26
29
2
5
6
7
11
13
14
18
19
20
1
4
7
10
12
13
15
18
21
24
3
11
14
17
18
19
21
26
29
32
5
10
13
14
15
17
18
23
26
27
1
6
8
9
10
12
13
18
20
21
1
4
5
6
8
10
11
14
17
18
5
8
11
14
16
17
19
22
25
28
5
8
11
16
18
19
21
24
27
30
2
13
16
18
20
21
22
29
32
34
3
11
14
17
18
19
21
26
29
34
0
3
5
8
10
12
13
16
18
21
6
12
13
14
16
20
21
25
26
27
0
5
7
8
9
11
12
17
20
22
4
7
10
16
19
21
23
26
30
33
4
9
12
13
14
16
17
22
25
26
0
3
4
5
7
9
10
15
17
18
5
10
13
16
17
18
20
25
28
31
35
