time_cost:220ms
ontime_proportion:0.833333
max_delay:5
avg_delay:0.500000
avg_flowtime:22.866667
object function value:1428.888889
0
0
0
0
0
0
0
1
4
5
6
0
0
3
5
7
9
11
15
18
20
0
0
0
0
0
0
0
0
0
1
0
0
0
0
0
0
6
12
15
19
0
3
6
9
11
12
14
17
20
23
0
2
3
4
6
8
9
18
20
21
0
0
0
0
0
0
0
3
7
8
0
0
0
0
1
2
8
14
17
19
0
0
0
0
1
2
8
19
22
25
0
0
1
4
5
7
9
17
20
23
4
11
14
16
17
18
19
24
27
29
2
7
10
11
12
14
15
20
23
24
4
7
9
11
12
13
14
17
19
21
5
13
16
17
18
20
21
26
29
34
3
6
9
12
14
15
17
20
23
26
5
10
13
15
16
17
18
23
26
28
5
10
13
14
15
17
18
27
30
31
2
5
6
7
9
11
12
16
17
18
2
5
8
14
16
17
19
22
25
28
4
9
12
13
14
16
17
22
25
26
5
8
11
14
16
17
19
23
26
30
3
9
12
16
18
19
21
25
28
32
7
14
17
19
20
22
23
28
31
33
0
3
5
7
8
9
10
16
18
22
7
13
16
18
19
21
22
27
30
32
4
12
15
18
19
20
22
27
30
33
6
11
14
18
20
21
23
26
29
32
5
8
11
16
18
19
21
24
27
30
1
4
6
8
9
10
11
15
18
20
0
3
6
9
11
12
14
17
20
23
35
