time_cost:64180ms
ontime_proportion:1.000000
max_delay:0
avg_delay:0.000000
avg_flowtime:17.566667
object function value:-414.444444
0
0
0
0
0
0
0
0
0
2
4
0
0
0
0
0
0
0
0
0
1
0
0
0
0
0
1
12
17
20
22
0
0
0
0
0
0
6
11
12
17
0
0
0
0
0
0
0
0
0
0
0
0
0
0
0
0
0
3
4
9
0
0
0
0
0
0
9
14
15
16
0
0
0
0
0
0
0
1
2
3
0
0
0
0
0
0
10
13
14
15
0
0
0
0
0
0
0
0
1
2
8
13
14
16
17
19
21
26
27
29
2
5
6
9
11
13
14
17
18
21
0
3
4
5
7
9
11
14
15
18
2
7
10
12
14
15
16
21
24
26
2
5
6
7
9
11
13
16
17
18
2
7
8
11
12
13
14
18
19
22
1
6
7
8
10
12
13
18
19
20
2
6
7
9
11
13
14
18
19
20
1
6
7
9
11
12
13
18
19
21
6
11
12
13
15
16
18
23
24
25
10
15
16
17
18
19
20
25
26
27
7
12
13
15
17
18
20
25
26
28
1
6
7
8
9
10
11
16
17
18
4
9
12
14
16
17
18
23
26
28
5
10
11
12
13
14
15
20
21
22
5
10
11
13
15
16
17
22
23
25
6
9
11
14
16
18
20
23
24
25
3
8
9
11
13
14
15
20
21
23
5
9
10
13
14
15
16
20
21
24
4
7
8
11
13
15
16
19
20
23
30
