time_cost:59110ms
ontime_proportion:1.000000
max_delay:0
avg_delay:0.000000
avg_flowtime:17.100000
object function value:-430.000000
0
0
0
0
0
0
1
2
5
6
7
0
0
0
0
0
0
1
4
5
6
0
0
0
0
0
0
0
1
2
3
0
3
5
6
8
10
11
15
17
21
0
0
0
0
0
0
0
0
1
2
0
0
0
0
0
0
0
4
7
9
0
0
0
0
0
0
0
0
0
1
0
0
0
0
2
4
10
15
17
18
0
2
4
5
7
9
10
14
17
18
0
0
0
0
0
0
0
0
0
0
2
6
8
9
11
14
15
19
21
22
6
10
12
15
17
18
20
24
26
29
5
9
11
14
16
17
19
23
25
28
4
8
11
13
14
15
16
20
23
25
4
9
12
14
15
17
18
22
25
27
1
5
6
8
9
11
12
16
17
19
5
8
10
11
12
13
14
17
19
20
7
10
11
12
13
14
16
19
20
21
2
5
8
9
12
13
14
17
20
21
4
7
9
10
11
12
13
16
18
19
9
12
13
14
15
17
18
21
22
24
8
12
15
17
18
19
20
24
27
29
0
4
6
8
10
12
13
17
19
20
3
7
9
12
14
15
17
21
23
26
8
12
14
17
19
20
22
26
28
31
5
8
9
10
11
12
14
17
18
19
0
5
6
7
8
9
12
17
18
20
5
9
10
12
13
16
17
21
22
24
0
3
4
5
6
7
8
11
12
13
8
13
15
18
19
21
23
28
30
33
34
