time_cost:4586ms
ontime_proportion:0.866667
max_delay:5
avg_delay:0.300000
avg_flowtime:21.000000
object function value:1033.333333
0
0
0
0
0
0
0
0
0
0
2
0
0
2
4
6
8
9
13
16
19
0
0
0
0
0
0
0
0
1
3
0
0
3
5
6
8
10
15
18
20
0
0
0
0
0
0
0
0
0
2
0
0
0
0
2
4
5
12
15
17
0
0
0
0
0
1
7
13
15
17
0
0
3
5
8
10
11
14
17
21
0
0
0
0
0
0
0
0
0
2
0
0
0
0
0
0
0
0
0
0
0
3
6
9
11
12
14
27
30
33
3
8
9
12
13
14
16
20
21
24
0
3
6
14
16
18
19
22
25
27
0
5
8
10
11
12
14
19
22
24
2
5
8
11
13
14
16
19
22
25
5
10
13
16
18
20
21
24
27
29
0
5
8
10
11
13
14
19
22
24
1
4
7
9
11
13
14
17
20
23
1
7
10
13
15
16
18
21
24
27
4
7
10
13
14
16
17
21
24
25
4
11
13
14
15
16
17
22
24
25
2
11
15
17
18
19
21
27
30
32
3
10
13
15
16
18
19
24
27
29
4
7
10
11
12
14
15
18
21
22
5
9
12
15
17
19
21
25
28
31
5
10
13
15
16
18
20
25
28
31
5
8
11
12
13
15
16
19
22
23
1
8
11
18
19
21
22
25
28
29
7
13
14
17
19
21
23
26
27
30
2
6
7
10
15
16
18
22
23
26
35
