time_cost:190ms
ontime_proportion:1.000000
max_delay:0
avg_delay:0.000000
avg_flowtime:17.733333
object function value:-408.888889
0
0
0
0
1
3
4
9
12
15
16
0
0
0
0
0
2
5
11
12
15
0
1
2
3
4
5
9
15
16
18
0
0
0
0
0
0
0
0
0
0
0
0
3
4
6
7
8
12
15
18
0
3
4
5
6
7
8
11
12
13
0
0
0
0
0
0
0
0
1
2
0
0
0
1
2
3
8
12
15
17
0
0
0
0
1
2
5
9
13
15
0
0
0
0
0
0
0
0
0
1
1
5
7
10
12
14
15
19
21
22
4
8
10
13
15
16
18
22
24
27
1
4
5
6
7
8
10
13
14
15
5
8
9
11
12
13
14
17
18
20
2
5
7
8
9
10
11
14
16
19
7
11
13
15
18
19
20
24
26
27
1
5
7
8
11
13
14
18
20
21
1
4
5
6
7
8
9
12
14
15
3
6
8
9
10
11
12
15
17
18
5
8
11
12
14
15
16
19
22
23
4
9
11
14
15
17
19
24
26
29
4
10
11
15
16
18
19
23
24
26
6
10
12
14
15
17
18
22
23
25
3
7
8
10
11
12
14
17
18
19
1
5
6
8
9
11
12
16
17
19
5
9
11
12
14
16
17
21
23
24
4
7
10
11
13
14
15
18
21
25
4
7
8
9
10
11
12
15
16
17
7
11
13
14
17
18
19
22
25
26
1
6
8
14
16
18
19
23
25
26
30
