time_cost:60423ms
ontime_proportion:1.000000
max_delay:0
avg_delay:0.000000
avg_flowtime:18.200000
object function value:-393.333333
0
0
2
5
7
8
9
10
14
17
19
0
0
0
1
2
3
5
10
11
12
0
0
0
0
0
0
7
11
14
15
0
0
0
0
0
0
0
0
0
1
0
0
0
0
0
0
0
0
0
0
0
0
0
0
0
0
1
6
7
8
0
0
0
1
3
4
8
12
15
16
0
0
1
2
4
6
7
11
13
18
0
3
6
10
13
14
15
18
21
22
0
0
0
0
0
0
0
1
2
3
4
8
9
11
12
14
15
19
20
22
4
7
10
14
16
17
18
21
24
25
3
6
7
8
9
10
12
15
16
17
3
7
9
10
12
14
15
20
23
24
0
5
7
8
9
10
11
16
17
18
5
8
11
12
14
15
16
19
22
23
5
8
10
11
12
13
14
17
19
20
4
9
11
14
15
17
19
24
26
29
0
4
5
7
8
10
11
15
16
18
1
5
7
8
10
12
13
17
19
20
2
5
8
12
14
15
16
19
22
23
5
11
13
16
18
19
21
25
27
30
3
6
8
9
11
12
14
17
18
19
0
4
6
9
11
12
14
18
20
23
1
4
5
6
7
8
10
13
14
15
5
10
12
15
16
18
20
25
27
30
5
8
11
16
18
19
20
23
26
27
0
3
6
8
10
11
12
15
18
20
6
11
12
14
15
17
18
22
23
25
2
6
7
9
10
11
12
15
16
17
32
