time_cost:66131ms
ontime_proportion:0.933333
max_delay:4
avg_delay:0.233333
avg_flowtime:21.866667
object function value:395.555556
0
0
0
0
1
3
5
8
15
18
21
0
0
0
0
0
0
0
2
3
6
0
0
0
3
4
6
7
14
17
18
0
0
0
0
0
0
8
18
21
22
0
0
0
0
0
0
0
0
0
0
0
2
4
5
6
7
8
13
15
18
0
0
0
0
0
0
0
1
4
6
0
0
0
0
0
0
1
15
18
23
0
0
0
0
0
0
0
0
0
1
0
0
0
0
1
2
7
14
15
18
7
14
17
19
21
23
24
27
30
32
1
11
14
16
18
20
21
26
29
31
0
4
6
7
9
10
12
16
18
19
5
10
12
13
15
16
18
22
24
25
5
11
14
15
16
18
19
24
27
28
4
11
14
17
19
20
22
27
30
32
4
7
10
12
14
16
17
20
23
25
0
3
6
9
11
12
14
23
26
29
5
12
15
17
18
20
21
27
30
32
2
5
8
10
12
14
15
21
24
26
4
8
11
12
13
15
16
19
22
23
4
8
11
14
18
20
22
26
29
32
1
6
8
9
10
11
12
17
19
21
5
8
11
14
16
18
19
22
25
27
4
9
12
14
15
16
18
23
26
28
1
5
8
11
13
15
17
21
24
27
1
6
8
9
11
12
14
18
20
21
5
11
14
16
17
19
20
25
28
30
0
5
7
8
9
10
11
17
19
20
3
8
11
13
16
18
19
24
27
29
34
