time_cost:197ms
ontime_proportion:0.666667
max_delay:10
avg_delay:1.966667
avg_flowtime:21.733333
object function value:3057.777778
0
0
0
0
0
0
0
0
0
1
3
0
0
0
0
0
0
0
0
0
0
0
0
0
0
0
0
0
0
0
0
0
0
0
0
0
0
0
0
3
6
0
0
0
0
0
0
0
0
2
5
0
0
0
0
0
0
0
0
0
0
0
0
0
0
0
0
0
0
0
2
0
0
0
0
0
2
6
12
15
17
0
0
0
0
1
3
10
18
20
21
0
3
6
8
10
12
14
18
21
23
2
11
14
16
17
19
20
25
28
30
10
13
15
17
19
20
21
30
32
34
1
9
12
14
15
16
17
22
25
27
6
12
15
17
19
21
23
27
30
32
5
10
13
16
17
18
20
25
28
31
4
8
11
13
15
17
19
23
26
28
1
4
7
10
12
13
15
18
21
24
8
16
19
22
23
25
27
32
35
38
8
15
18
19
21
24
25
30
33
34
4
10
13
17
18
19
21
26
29
32
7
13
16
19
20
22
24
33
36
39
3
8
11
14
15
17
19
24
27
30
0
5
8
9
10
12
13
19
22
23
4
9
12
15
18
20
22
27
30
36
2
7
9
10
11
13
14
19
21
22
4
7
10
15
18
23
25
28
31
34
7
15
18
21
22
25
27
32
35
38
2
7
10
15
16
17
19
24
27
30
1
6
9
12
13
15
17
22
25
28
3
11
14
15
16
19
20
25
27
28
40
