time_cost:221ms
ontime_proportion:0.866667
max_delay:4
avg_delay:0.366667
avg_flowtime:20.533333
object function value:1017.777778
0
0
0
0
0
1
2
7
13
16
18
0
0
0
0
0
0
0
0
0
3
0
0
0
0
0
0
0
15
18
20
0
0
0
0
0
0
0
0
0
0
0
0
0
0
0
0
0
0
0
0
0
2
5
7
8
10
11
16
19
21
0
0
0
0
0
0
0
0
0
1
0
0
0
0
0
0
0
15
18
21
0
0
0
0
0
0
0
0
0
2
0
0
0
0
0
0
0
0
0
3
5
8
11
12
14
16
17
20
23
24
5
9
12
15
17
19
21
25
28
31
2
7
10
12
13
14
16
22
25
27
0
5
8
10
11
13
15
25
28
30
8
11
14
17
18
19
21
24
26
29
0
3
6
9
11
12
14
17
20
23
5
10
13
15
16
18
19
24
27
29
5
12
15
17
19
21
22
27
30
32
4
11
13
14
18
19
20
25
27
28
5
8
11
14
16
17
19
22
25
28
5
8
11
14
16
17
19
22
25
28
1
4
5
8
9
10
12
15
16
19
3
11
14
16
17
21
23
28
31
33
4
12
16
18
19
22
24
30
33
35
0
4
7
10
12
14
16
20
23
26
5
11
13
14
17
18
19
24
26
27
8
14
17
19
21
23
25
29
31
34
2
5
8
11
13
14
16
19
22
25
5
8
11
13
15
17
18
21
24
28
1
5
7
8
10
11
13
18
20
21
36
