time_cost:4629ms
ontime_proportion:0.733333
max_delay:8
avg_delay:1.233333
avg_flowtime:20.966667
object function value:2365.555556
0
0
0
0
0
0
0
0
0
0
1
0
0
0
0
0
0
0
0
2
4
0
2
5
10
12
14
16
20
23
26
0
0
0
0
0
0
0
0
0
1
0
0
0
0
0
0
0
0
0
1
0
0
0
0
1
2
3
8
10
12
0
0
0
0
0
0
0
0
3
5
0
0
0
1
3
4
10
20
22
23
0
1
4
6
8
10
11
14
17
19
0
0
0
0
0
0
0
0
2
5
0
16
19
21
22
24
25
30
33
35
4
9
12
14
15
18
20
31
34
36
0
3
6
8
10
12
13
20
23
25
5
11
14
17
19
20
22
25
28
31
1
6
9
11
12
14
16
21
24
26
1
4
7
8
9
11
12
15
18
22
2
5
8
12
13
15
16
20
23
24
1
4
5
8
9
10
12
22
24
28
3
8
11
13
14
16
18
23
26
28
4
7
8
11
12
13
15
19
21
24
5
10
13
16
17
19
20
25
28
30
1
5
7
8
10
11
13
17
19
20
4
9
12
15
16
18
20
25
28
30
0
3
4
7
8
9
11
14
15
18
8
14
17
19
20
21
23
28
31
33
9
17
20
22
23
25
27
32
35
37
8
14
17
18
19
23
24
28
31
32
5
12
14
15
16
17
18
23
25
26
2
5
8
9
10
12
13
17
20
21
7
13
16
19
21
22
24
27
30
33
38
