time_cost:6084ms
ontime_proportion:0.933333
max_delay:1
avg_delay:0.066667
avg_flowtime:21.033333
object function value:367.777778
0
0
0
1
2
4
6
10
13
15
16
4
6
7
15
17
19
20
25
26
27
0
0
0
0
0
0
0
0
0
1
0
0
0
0
0
2
4
9
10
12
0
0
0
0
0
0
0
0
1
3
0
0
0
0
1
2
9
14
15
17
0
1
4
6
8
9
13
18
21
24
0
0
0
0
0
1
21
25
26
27
0
0
0
0
0
2
10
15
17
18
0
0
0
0
0
1
5
10
11
27
9
13
14
17
18
19
20
24
25
28
3
6
7
9
11
13
15
18
19
20
0
5
6
8
10
11
12
17
18
20
4
9
10
11
12
13
14
19
20
21
5
8
9
12
14
16
18
21
22
23
6
11
12
13
15
17
18
23
24
25
5
10
13
15
17
18
19
24
27
29
2
5
6
10
13
15
18
21
22
25
0
4
5
13
16
18
19
23
24
25
1
4
5
6
8
10
12
15
16
20
0
6
7
10
12
13
14
19
20
22
6
9
10
11
13
15
17
20
21
22
5
10
13
15
17
18
19
24
27
29
5
8
9
12
14
16
18
21
22
23
0
5
8
10
12
13
14
19
22
24
1
6
7
8
10
11
13
18
19
20
0
5
6
7
8
9
10
15
16
18
5
10
11
13
15
16
17
22
23
25
0
4
5
6
8
10
11
15
16
17
1
5
6
7
9
11
12
16
17
18
31
