time_cost:190ms
ontime_proportion:0.733333
max_delay:10
avg_delay:1.166667
avg_flowtime:24.400000
object function value:2480.000000
0
0
0
0
0
0
0
0
0
0
3
0
0
0
0
0
0
0
0
0
1
0
0
0
2
3
5
11
29
32
34
0
2
5
7
8
10
12
17
20
22
0
0
0
0
0
1
3
8
11
13
0
0
1
2
3
4
5
10
12
14
0
2
5
7
9
11
12
15
18
22
0
0
0
0
0
0
0
0
0
1
0
0
0
0
0
0
0
0
0
3
0
0
0
0
0
0
11
21
23
24
7
16
18
19
21
22
24
28
30
31
7
15
17
18
20
21
23
27
29
30
2
9
12
14
17
19
20
23
26
28
1
10
13
15
21
24
25
32
35
37
2
13
16
18
23
26
27
35
38
40
3
6
9
16
18
19
21
24
27
30
6
13
16
18
19
23
25
30
33
35
2
7
10
12
13
15
17
32
35
38
8
17
18
21
25
27
29
35
36
39
3
6
9
12
14
15
17
20
23
26
7
16
19
21
22
25
27
33
37
39
9
18
21
22
23
25
26
29
32
33
0
3
6
9
11
12
14
18
21
24
0
5
8
10
12
14
15
18
21
24
6
12
15
17
19
21
22
26
29
31
4
7
10
13
14
15
17
20
22
25
0
3
6
14
16
17
19
22
25
28
3
7
10
13
15
17
19
23
26
29
1
4
7
10
12
13
15
18
21
24
5
10
13
15
17
19
20
25
28
30
41
