time_cost:55214ms
ontime_proportion:1.000000
max_delay:0
avg_delay:0.000000
avg_flowtime:17.333333
object function value:-422.222222
0
0
0
0
0
0
0
0
0
0
0
0
0
0
0
0
2
6
11
13
16
0
0
0
0
0
0
0
2
4
5
0
3
5
8
10
11
13
17
19
22
0
0
0
0
0
0
0
0
1
2
0
0
0
1
2
3
6
10
13
15
0
0
1
2
3
4
8
11
12
13
0
3
5
6
7
8
9
12
14
15
0
0
0
0
0
1
9
12
13
14
0
0
1
4
6
7
9
13
15
19
3
6
7
8
9
10
12
15
16
17
5
8
9
10
11
12
13
16
17
18
6
9
10
11
12
13
14
17
18
19
6
11
13
14
16
18
19
23
25
26
3
6
7
8
9
10
11
14
15
16
2
6
8
9
11
13
14
18
20
21
6
9
11
12
13
14
15
19
21
22
5
9
11
12
14
16
17
21
23
24
1
7
9
12
14
15
17
21
23
26
2
6
8
11
13
14
16
20
22
25
1
6
7
8
9
10
11
16
17
18
2
7
8
9
10
11
12
17
18
19
5
9
11
12
14
16
17
21
23
24
5
9
10
11
12
13
15
18
19
20
0
4
5
7
8
10
11
15
16
18
7
11
12
14
16
18
19
23
24
26
5
10
11
12
13
14
15
20
21
22
3
8
10
13
14
16
18
23
25
28
0
4
7
9
10
11
12
16
19
21
0
4
5
6
7
8
9
13
15
16
29
