time_cost:54127ms
ontime_proportion:1.000000
max_delay:0
avg_delay:0.000000
avg_flowtime:17.233333
object function value:-425.555556
0
0
0
0
0
0
0
0
0
0
0
0
0
1
4
6
8
9
12
14
17
0
4
5
7
9
14
16
20
21
23
0
0
0
0
1
2
4
8
9
10
0
0
0
0
0
0
4
8
9
10
0
0
0
0
0
0
0
0
0
0
0
0
0
2
4
6
7
11
13
15
0
0
0
0
0
0
0
0
1
2
0
0
1
2
3
4
8
12
14
15
0
0
0
0
0
0
0
0
1
3
4
8
9
10
11
12
14
18
19
20
4
9
11
12
13
15
16
21
23
25
2
5
7
12
14
16
17
20
22
25
8
13
14
15
18
19
20
25
26
27
0
6
8
10
12
14
15
19
21
23
1
4
6
10
12
14
15
18
20
23
2
5
6
7
8
9
10
13
14
15
5
8
10
11
12
13
14
17
18
19
5
8
10
14
16
18
19
22
24
27
0
4
6
8
10
12
13
17
19
21
5
9
10
12
14
16
18
22
23
25
2
6
7
8
10
12
13
17
18
19
0
6
8
9
10
12
13
18
20
21
2
5
6
8
9
10
11
14
15
16
8
12
13
14
18
19
21
25
27
28
3
8
10
11
12
14
15
20
22
23
5
10
11
14
15
16
17
22
23
26
6
11
13
14
16
18
19
24
26
27
0
5
6
7
8
9
11
15
16
17
0
4
5
6
7
8
10
14
15
16
29
