time_cost:189ms
ontime_proportion:0.966667
max_delay:2
avg_delay:0.066667
avg_flowtime:20.366667
object function value:12.222222
0
0
0
0
0
1
2
7
11
13
15
0
0
0
0
0
1
11
15
16
17
0
3
4
6
8
10
12
16
17
19
0
0
0
0
0
0
0
0
0
1
0
1
3
6
8
10
11
14
16
19
0
0
0
0
0
1
9
14
16
18
0
0
0
0
0
2
3
7
9
17
0
0
0
0
0
0
0
2
3
4
0
0
0
0
0
0
0
2
3
4
0
0
0
0
0
0
0
0
0
2
7
11
12
13
17
19
20
24
25
26
3
7
8
10
17
19
21
25
26
28
7
12
13
14
19
20
21
26
27
28
8
11
13
14
22
23
24
27
28
29
5
9
11
13
15
17
18
22
24
26
5
9
10
12
14
16
18
22
23
25
0
4
5
15
17
19
20
24
25
28
3
8
10
12
14
15
16
21
22
23
8
13
15
16
20
22
23
28
30
31
3
8
9
12
13
14
15
20
21
24
8
13
15
17
21
23
24
29
31
32
5
9
11
15
17
19
20
24
26
30
3
7
13
15
19
21
23
27
28
30
0
4
5
8
10
12
13
17
18
21
5
8
11
13
15
17
19
22
25
27
1
4
6
7
10
11
12
15
16
17
3
8
9
10
12
13
14
19
20
21
4
10
12
15
16
18
19
25
26
29
5
8
11
13
15
17
19
22
25
30
2
5
7
10
12
14
15
18
20
23
33
