time_cost:100ms
ontime_proportion:0.966667
max_delay:1
avg_delay:0.033333
avg_flowtime:19.700000
object function value:-10.000000
0
0
0
0
0
0
0
9
14
15
16
0
0
0
0
0
0
1
5
6
7
0
0
0
0
0
2
6
9
10
16
0
0
1
3
5
6
8
13
14
16
0
0
1
4
6
8
10
13
14
18
0
0
0
0
0
0
0
0
1
3
0
0
0
2
4
5
6
11
14
16
0
0
0
0
0
0
0
2
3
4
0
0
0
0
0
0
0
2
3
4
0
0
0
0
2
3
9
14
15
16
6
9
10
13
17
19
21
24
25
26
4
9
12
14
16
17
18
23
26
28
0
5
8
10
12
13
14
19
22
24
8
12
13
14
19
21
22
26
27
28
4
9
10
11
16
18
19
24
25
26
6
9
10
12
16
18
20
23
24
25
5
10
11
12
13
14
15
20
21
22
7
12
13
15
18
20
22
27
28
30
1
6
7
12
18
19
20
25
26
28
1
4
5
8
10
12
13
16
17
20
1
6
7
8
10
12
13
18
19
20
1
6
9
11
13
14
15
20
23
25
0
4
5
8
9
10
11
15
16
19
3
8
9
10
12
14
15
20
21
24
3
6
7
10
14
16
17
20
21
24
4
7
8
12
14
16
18
21
22
23
5
10
11
14
15
17
19
24
25
27
0
5
6
8
9
11
13
18
19
21
5
10
11
13
14
16
18
23
24
28
3
8
9
10
12
14
15
20
21
22
31
