time_cost:66986ms
ontime_proportion:1.000000
max_delay:0
avg_delay:0.000000
avg_flowtime:16.066667
object function value:-464.444444
0
0
0
0
0
0
0
0
4
5
12
0
0
0
0
0
0
0
0
0
1
0
0
0
0
0
0
0
0
0
0
0
0
0
0
0
0
0
0
0
0
0
0
0
0
0
1
2
7
9
11
0
0
0
0
0
0
3
6
7
9
0
0
0
2
4
6
8
12
13
15
0
0
0
0
0
0
0
0
0
1
0
0
0
0
0
0
0
0
0
1
0
0
0
0
1
2
4
7
8
9
5
8
9
10
11
12
13
17
18
19
7
12
14
15
16
18
19
24
26
27
3
7
8
10
12
14
16
20
21
23
6
11
13
15
17
19
20
24
26
28
1
5
6
7
8
9
11
15
16
17
2
6
7
8
9
10
12
16
17
18
0
3
5
8
10
12
13
16
18
21
5
10
12
13
14
16
17
22
24
25
10
14
15
16
19
20
22
26
27
28
2
5
7
10
12
14
15
18
20
23
2
6
8
10
12
14
15
19
21
23
8
13
15
16
18
20
21
26
28
29
5
10
11
12
14
15
16
21
22
23
0
4
5
6
9
11
12
16
17
18
0
5
6
7
9
10
11
16
17
19
1
6
8
9
10
12
13
18
20
21
5
8
11
13
15
17
19
22
25
27
1
5
6
7
8
9
12
16
17
18
4
8
9
10
11
12
14
18
19
20
10
14
15
17
20
21
23
27
28
29
30
