time_cost:195ms
ontime_proportion:0.733333
max_delay:8
avg_delay:1.133333
avg_flowtime:24.566667
object function value:2485.555556
0
0
0
0
1
2
3
11
19
21
22
0
0
0
2
4
6
11
32
35
36
0
0
0
0
0
1
6
12
14
16
0
0
0
1
3
5
10
24
27
29
0
0
0
0
0
1
10
16
18
19
0
0
0
0
0
0
0
0
3
5
0
0
0
0
2
4
10
29
32
35
0
0
0
0
2
4
6
10
13
18
0
0
0
0
0
0
0
0
1
4
0
7
10
11
12
14
15
18
21
22
1
5
8
11
13
15
17
21
24
27
4
8
10
11
13
14
16
20
22
23
3
7
10
13
15
17
19
23
26
29
5
12
15
17
18
19
21
26
29
31
3
10
12
14
15
16
17
22
24
25
0
3
4
7
8
9
11
14
15
18
4
8
11
14
17
19
21
25
28
31
1
6
8
9
10
11
12
17
19
20
1
5
7
8
10
11
13
17
19
20
6
14
17
19
20
21
23
28
31
33
3
6
9
11
13
15
16
19
22
26
5
10
12
13
14
15
16
21
23
24
3
11
14
16
19
21
22
27
30
32
8
15
17
18
21
23
24
31
33
34
0
3
6
9
11
12
14
17
20
23
5
12
14
15
17
18
19
32
34
37
5
9
12
15
17
19
21
25
28
31
6
14
16
17
19
22
23
30
32
33
1
9
12
13
15
17
18
21
24
25
2
6
9
12
15
17
19
23
26
29
38
