time_cost:63819ms
ontime_proportion:1.000000
max_delay:0
avg_delay:0.000000
avg_flowtime:18.900000
object function value:-370.000000
0
0
0
0
0
0
0
0
0
0
0
0
0
0
0
0
0
0
0
1
2
0
1
4
6
8
10
12
15
18
20
0
0
1
2
3
4
8
12
13
14
0
0
0
1
2
5
9
13
14
15
0
0
0
2
4
6
10
14
17
19
0
0
0
1
2
4
6
11
13
14
0
4
5
7
9
11
13
17
18
20
0
0
0
1
2
3
9
14
15
18
0
0
0
0
0
0
0
0
0
1
5
8
11
13
15
17
19
22
25
27
3
8
10
11
12
14
15
20
22
23
8
12
15
17
19
21
22
26
28
30
4
9
10
13
14
15
16
21
22
25
8
12
13
15
19
21
23
27
28
30
3
7
9
11
13
15
16
20
22
24
0
5
7
8
9
11
12
17
19
20
0
5
7
8
9
11
12
17
19
20
2
5
6
7
8
9
11
14
17
18
7
11
12
13
14
15
17
21
22
23
5
8
9
10
11
12
13
16
18
19
4
9
10
11
13
14
15
20
21
22
4
10
11
14
15
16
17
22
23
26
7
11
13
15
17
19
21
25
26
28
3
9
10
11
13
14
15
20
21
24
5
9
11
13
15
17
18
22
24
26
5
10
11
14
15
16
17
22
23
26
8
13
14
17
18
19
20
25
26
29
1
6
8
9
10
12
13
18
20
21
2
7
9
10
11
13
14
19
21
22
32
