time_cost:518ms
ontime_proportion:0.866667
max_delay:3
avg_delay:0.333333
avg_flowtime:20.033333
object function value:1001.111111
0
0
0
0
0
0
0
0
0
0
0
0
0
0
0
0
0
0
0
0
2
0
0
0
0
0
0
0
0
1
3
0
0
0
0
0
0
0
1
3
9
0
0
0
1
3
5
8
12
13
20
0
7
10
11
14
16
17
22
24
25
0
0
0
0
0
0
0
0
0
1
0
0
0
0
1
2
5
9
12
14
0
0
0
3
5
7
9
13
14
22
0
0
0
0
1
2
10
14
15
16
4
8
11
13
15
16
18
22
23
24
4
9
10
11
14
16
17
22
23
24
5
10
11
13
15
18
19
24
25
26
4
8
9
11
13
15
17
21
22
24
5
8
11
13
17
19
21
25
28
30
2
5
8
10
12
14
16
19
22
24
1
4
7
9
11
13
15
18
21
26
1
5
7
9
11
13
14
18
20
22
3
6
8
11
13
15
16
19
21
24
2
8
9
12
16
17
18
23
24
27
1
4
5
6
7
8
9
12
13
15
8
11
12
13
16
17
18
21
22
23
2
5
11
14
17
19
20
23
25
28
7
11
14
16
19
21
23
26
29
31
0
6
9
11
15
17
19
22
25
27
8
13
15
16
21
23
24
29
31
32
5
9
13
15
19
21
23
26
29
31
1
5
6
7
9
11
12
16
17
18
3
7
8
10
12
14
16
20
21
23
4
9
11
16
18
20
21
25
26
30
33
