time_cost:799ms
ontime_proportion:0.966667
max_delay:1
avg_delay:0.033333
avg_flowtime:19.933333
object function value:-2.222222
0
0
0
0
0
0
0
0
0
0
1
0
0
0
0
0
1
11
15
16
19
0
0
0
0
0
0
11
16
19
21
0
0
0
0
0
0
7
12
15
17
0
0
0
0
0
1
8
12
13
16
0
0
0
0
0
0
0
0
1
2
0
0
0
2
4
6
13
16
17
20
0
0
0
2
3
4
14
18
19
22
0
0
0
0
0
0
0
0
0
0
0
0
3
5
7
8
9
14
17
19
4
9
10
11
13
15
16
21
22
25
3
8
9
11
12
14
16
21
22
24
2
7
8
10
11
13
15
20
21
23
3
6
7
8
10
12
14
17
18
19
8
13
14
15
18
20
21
26
27
28
7
11
12
13
16
18
19
23
24
25
2
7
8
9
12
14
15
20
21
22
7
11
13
16
19
20
22
26
27
30
4
9
12
14
16
17
18
23
26
28
4
9
11
13
14
16
18
23
24
27
5
10
11
13
15
17
18
23
24
25
6
11
12
13
17
18
20
25
26
27
4
7
8
11
13
15
16
19
20
23
3
8
11
13
15
16
17
22
25
27
11
15
16
17
20
22
23
27
28
29
10
14
15
18
19
21
23
27
28
31
5
8
11
15
17
19
20
23
24
30
9
14
15
16
18
19
20
25
26
27
0
5
6
7
8
9
10
15
16
17
4
9
10
15
17
18
19
24
25
27
32
