time_cost:247ms
ontime_proportion:0.866667
max_delay:4
avg_delay:0.366667
avg_flowtime:18.966667
object function value:965.555556
0
0
0
0
0
0
1
2
7
8
10
0
0
0
0
0
0
0
0
0
3
0
0
0
0
3
5
12
15
18
21
0
0
0
0
0
0
0
0
1
3
0
0
0
2
3
4
5
10
11
12
0
0
0
1
2
3
11
16
17
18
0
0
0
0
0
0
0
0
0
1
0
0
0
0
0
0
0
0
1
2
0
0
0
0
1
3
11
15
16
17
0
0
0
0
0
0
0
2
5
7
5
8
9
10
12
14
16
19
20
21
7
12
13
15
16
18
20
25
26
28
0
4
5
8
9
10
11
15
16
19
4
7
8
11
13
15
16
19
20
23
2
7
8
10
11
13
15
20
21
23
6
11
14
16
18
19
20
25
28
30
1
5
6
9
10
11
12
16
17
20
3
9
10
11
14
16
17
22
23
24
3
8
9
14
16
18
19
24
25
26
8
12
15
18
19
20
21
27
28
31
8
11
12
15
19
21
22
26
28
32
2
7
8
9
10
11
12
17
18
19
7
13
15
16
21
22
23
28
31
32
0
3
4
5
7
9
14
17
19
20
8
11
12
13
20
22
25
28
30
31
1
4
5
6
17
20
22
26
27
28
4
7
8
12
14
16
18
21
22
23
3
8
9
10
12
14
15
20
21
23
1
6
9
11
16
17
18
23
26
29
0
3
4
5
7
9
11
14
16
17
34
