time_cost:67639ms
ontime_proportion:1.000000
max_delay:0
avg_delay:0.000000
avg_flowtime:18.366667
object function value:-387.777778
0
0
0
0
0
0
0
7
10
13
15
0
0
0
0
0
0
0
2
3
4
0
0
0
3
5
7
8
11
13
16
0
0
0
0
0
0
0
0
0
1
0
0
0
0
0
0
0
0
0
0
0
0
0
1
2
3
9
13
14
15
0
0
0
1
3
4
6
11
12
14
0
3
4
5
7
9
10
14
15
21
0
0
0
0
0
0
0
0
0
3
0
0
1
3
4
5
9
12
13
15
1
6
7
10
11
12
13
18
19
22
6
9
11
12
15
16
17
20
21
22
2
5
7
10
12
14
15
18
20
23
4
8
9
10
13
17
19
23
24
25
2
6
7
9
11
13
15
19
20
22
2
6
7
8
10
12
13
17
18
19
0
3
4
5
6
7
8
12
13
14
5
10
12
14
16
18
19
23
24
25
6
10
12
13
18
19
20
24
25
26
2
7
8
12
14
15
16
21
22
25
4
9
10
11
13
15
16
21
22
23
6
11
13
14
16
18
19
24
26
27
4
8
10
12
14
16
17
21
23
25
8
12
13
14
17
19
21
25
26
27
4
8
10
12
16
18
19
23
25
27
2
6
8
10
12
14
15
19
21
23
5
9
10
11
12
13
15
19
20
21
7
11
12
13
16
19
21
25
26
27
4
7
10
12
14
16
18
21
24
26
2
5
7
12
14
16
17
20
22
27
29
