time_cost:3950ms
ontime_proportion:0.900000
max_delay:5
avg_delay:0.266667
avg_flowtime:21.766667
object function value:725.555556
0
0
0
0
0
0
0
0
0
0
0
0
1
4
5
6
8
10
15
18
19
0
0
0
0
0
0
11
19
22
24
0
0
0
0
0
1
8
16
19
21
0
0
2
3
4
5
13
20
22
23
0
0
0
0
0
0
0
0
0
2
0
0
0
0
0
0
0
1
4
10
0
0
0
0
0
2
6
11
14
18
0
0
0
0
1
2
3
11
13
14
0
0
2
4
5
7
8
13
16
18
8
14
16
17
18
20
22
28
30
31
1
5
7
8
10
11
13
17
19
20
0
3
4
7
8
9
11
14
15
18
5
10
13
16
18
20
22
26
29
32
4
8
10
11
14
15
17
21
23
24
0
3
4
7
8
9
12
19
20
23
1
4
7
10
12
17
19
22
25
28
5
11
14
16
17
18
20
25
28
30
2
6
8
9
11
12
14
18
20
21
4
9
11
12
13
14
15
20
22
23
6
11
14
16
17
18
20
26
29
31
3
8
11
13
14
15
17
22
25
27
2
7
10
12
13
15
16
21
24
26
8
14
17
19
20
22
24
29
32
34
7
12
15
17
18
20
21
26
29
31
2
6
8
11
14
15
17
22
24
25
4
10
12
13
15
16
18
24
26
27
3
8
11
13
15
17
18
23
26
28
4
9
11
12
13
14
15
20
22
23
0
4
7
10
15
17
19
23
26
29
35
