time_cost:196ms
ontime_proportion:0.766667
max_delay:7
avg_delay:0.933333
avg_flowtime:23.266667
object function value:2108.888889
0
0
0
0
0
0
1
6
14
17
19
0
0
0
0
0
0
0
0
1
3
0
1
4
6
8
10
11
15
18
20
0
0
0
0
0
1
7
16
17
20
0
1
2
5
6
7
9
16
18
21
0
0
0
0
0
0
0
0
0
0
0
0
0
0
1
3
7
13
16
18
0
0
1
4
6
8
10
17
20
23
0
0
0
0
0
0
0
0
0
1
0
0
0
1
2
3
8
16
19
21
5
12
15
18
20
22
24
27
30
33
2
9
12
14
17
19
21
26
29
31
1
11
14
16
18
19
21
26
29
33
5
13
15
17
19
21
22
27
29
30
7
14
17
18
19
21
22
28
30
31
5
10
13
14
15
17
18
21
24
25
2
6
9
12
14
16
18
22
25
28
3
7
10
15
17
19
21
25
28
31
2
8
11
12
13
15
16
19
22
23
2
7
10
13
14
16
17
22
25
27
0
5
8
10
11
13
14
19
22
24
4
8
10
14
16
17
19
23
25
26
4
10
13
15
16
18
19
24
27
31
7
13
16
19
21
24
26
29
32
35
0
10
13
15
19
22
24
30
33
35
5
10
13
15
16
18
20
25
28
30
1
4
7
8
9
11
12
15
18
19
2
7
10
12
13
15
17
22
25
27
6
13
14
17
18
20
22
25
26
29
0
5
8
11
12
14
15
20
23
25
37
