time_cost:192ms
ontime_proportion:1.000000
max_delay:0
avg_delay:0.000000
avg_flowtime:20.366667
object function value:-321.111111
0
0
0
0
0
0
0
7
10
14
17
0
0
0
2
4
6
9
13
15
17
0
0
1
2
4
5
7
12
14
15
0
0
0
0
0
0
9
14
15
18
0
0
0
0
1
2
10
14
17
18
0
0
0
0
0
0
0
0
0
0
0
0
0
0
0
0
0
0
0
0
0
3
4
5
7
8
10
15
17
19
0
0
0
0
0
0
0
0
1
5
0
1
2
3
5
7
9
13
14
19
1
4
7
9
11
13
15
18
21
23
4
7
9
12
14
16
17
20
22
25
5
9
10
11
12
13
15
19
20
21
0
3
6
8
10
12
14
17
20
22
5
9
10
12
15
17
19
23
24
26
6
9
12
14
18
19
20
23
25
26
5
10
13
14
18
20
22
26
27
28
3
6
9
11
13
15
17
20
23
25
3
10
12
14
15
17
18
23
25
26
0
5
7
8
9
11
12
17
19
20
6
10
11
14
17
19
20
24
25
27
2
7
9
10
13
15
16
21
23
24
1
8
12
13
16
19
20
25
27
28
2
7
11
15
17
18
19
24
25
28
7
11
12
13
17
18
20
24
26
27
5
9
11
13
15
17
18
22
24
27
0
5
6
10
11
12
13
18
19
22
3
8
10
11
13
15
16
21
23
24
6
10
13
14
19
20
22
26
28
29
1
6
7
10
11
12
13
18
19
22
30
