time_cost:57670ms
ontime_proportion:0.766667
max_delay:9
avg_delay:1.533333
avg_flowtime:20.966667
object function value:2032.222222
0
0
0
0
0
0
0
0
0
1
3
0
0
0
0
0
0
0
0
0
0
0
0
0
0
0
0
0
0
0
0
0
0
0
0
0
0
0
0
3
6
0
0
0
0
0
0
0
0
2
5
0
0
0
0
0
0
0
0
0
0
0
0
0
0
0
0
0
0
0
2
0
0
0
0
0
2
6
12
15
17
0
0
0
0
1
3
11
19
22
23
0
3
6
8
10
12
14
19
22
24
2
7
10
12
13
14
15
20
23
25
3
6
8
10
11
12
13
18
20
22
1
6
9
11
12
13
14
19
22
24
9
15
18
20
22
24
26
32
35
37
5
10
13
18
19
20
22
27
30
33
4
10
13
15
17
19
21
25
28
30
1
4
7
10
12
13
15
18
21
26
7
13
16
20
21
22
24
29
32
35
6
12
15
16
17
19
20
25
28
29
4
9
12
15
16
17
19
24
27
30
4
10
13
17
18
19
21
26
29
32
8
16
19
22
23
25
27
32
35
38
0
9
12
13
14
16
17
22
25
26
10
16
19
22
24
26
28
31
34
37
2
10
12
13
14
16
17
22
24
26
4
7
10
14
16
17
19
22
25
28
1
6
9
12
13
15
17
22
25
28
2
7
10
13
14
15
17
22
25
28
6
13
16
19
20
22
24
29
32
35
3
8
10
11
12
14
15
20
22
23
39
