time_cost:66562ms
ontime_proportion:0.966667
max_delay:6
avg_delay:0.200000
avg_flowtime:21.800000
object function value:60.000000
0
0
3
4
8
10
12
13
16
17
18
0
0
0
1
2
3
8
15
18
21
0
0
1
2
4
6
9
16
18
19
0
0
0
0
0
0
0
0
0
0
0
0
0
0
0
1
8
16
19
22
0
0
1
4
5
6
8
13
16
19
0
0
0
0
0
2
3
10
13
14
0
0
0
0
0
0
1
4
6
8
0
0
0
0
2
4
5
8
10
13
0
0
0
0
0
0
1
6
9
13
7
13
15
18
20
22
23
27
29
32
0
5
8
10
11
12
13
18
22
24
5
10
12
15
16
18
19
24
26
27
7
13
16
18
19
20
21
27
30
32
7
13
16
19
21
23
25
29
32
34
2
10
13
15
17
18
19
24
27
29
1
4
7
10
13
14
16
23
26
29
2
7
10
11
12
14
15
20
23
24
4
10
13
14
16
18
19
24
27
28
4
7
10
13
15
16
18
21
24
27
5
8
10
12
13
14
15
18
20
22
4
8
11
13
15
17
19
23
26
28
5
8
10
13
15
17
18
21
23
26
10
19
21
23
24
25
26
29
31
33
1
4
5
6
8
10
11
14
15
16
1
5
8
11
13
15
17
21
24
26
3
10
13
15
18
19
20
26
29
31
4
7
8
12
14
16
17
20
21
22
1
4
6
9
11
13
14
17
19
22
0
4
7
9
11
13
15
19
22
24
36
