time_cost:64797ms
ontime_proportion:0.900000
max_delay:5
avg_delay:0.333333
avg_flowtime:19.033333
object function value:634.444444
0
0
0
0
2
4
6
8
13
16
18
0
0
0
0
0
1
7
15
17
19
0
3
6
9
11
12
14
17
20
23
0
0
0
0
0
0
0
0
0
1
0
0
0
0
0
0
0
0
0
0
0
0
0
0
0
1
5
10
13
16
0
0
0
0
0
0
0
2
5
6
0
0
0
0
0
0
0
0
0
0
0
0
0
0
0
0
0
0
0
0
0
0
0
0
0
0
0
0
0
1
2
5
7
13
16
18
19
22
24
27
6
11
13
14
15
17
18
24
27
28
0
3
5
7
8
9
10
15
17
19
2
5
7
9
10
11
12
15
17
19
3
8
11
13
14
15
16
21
24
26
3
8
11
14
15
16
18
23
26
29
1
4
5
6
8
10
11
14
15
20
2
5
8
10
11
12
13
16
18
20
5
10
13
14
17
19
20
25
28
29
2
7
10
13
15
17
19
24
27
30
3
6
8
11
13
15
16
19
21
24
5
9
14
16
18
20
22
26
29
31
2
7
9
10
11
13
14
19
21
22
6
9
10
11
16
19
20
23
24
25
4
7
9
12
14
16
17
20
22
25
6
12
15
18
20
22
24
28
31
33
1
4
6
9
12
14
15
18
20
23
3
6
7
8
10
12
13
16
17
18
5
10
13
16
17
18
20
25
28
31
1
6
10
13
14
15
17
22
25
28
35
