time_cost:68506ms
ontime_proportion:0.866667
max_delay:4
avg_delay:0.366667
avg_flowtime:22.833333
object function value:1094.444444
0
0
0
0
0
0
0
0
0
0
1
0
2
5
7
9
11
13
23
26
28
0
0
0
0
0
0
0
4
7
9
0
0
0
3
4
5
9
16
19
22
0
0
0
0
0
0
7
13
16
19
0
0
1
4
6
8
9
13
15
18
0
0
0
0
0
0
0
0
2
5
0
0
0
0
0
0
2
15
18
21
0
0
0
0
0
1
9
18
22
25
0
0
0
0
0
0
0
0
1
2
6
9
11
13
14
15
16
19
21
23
4
7
8
9
11
13
14
17
18
19
1
4
6
9
11
13
14
21
23
26
1
6
9
12
13
14
16
21
24
27
2
7
10
13
14
16
18
23
26
29
4
10
13
16
17
18
20
25
28
31
1
11
14
16
17
18
19
24
27
29
5
10
13
15
18
21
22
28
31
32
2
7
10
11
12
14
15
20
23
24
4
7
9
13
15
17
18
23
25
28
7
14
17
20
22
23
25
28
31
34
0
3
5
8
10
12
13
17
20
23
4
7
10
15
17
19
21
24
27
30
6
12
15
17
19
21
23
27
30
32
1
4
7
10
12
13
15
18
21
24
4
9
12
15
18
20
22
27
30
33
0
5
7
8
9
11
12
17
19
20
5
10
13
16
17
18
20
25
28
31
7
12
15
16
18
20
21
27
30
31
3
8
11
14
15
17
19
26
29
32
36
