time_cost:62710ms
ontime_proportion:0.866667
max_delay:9
avg_delay:0.666667
avg_flowtime:21.066667
object function value:1035.555556
0
0
0
0
0
0
0
0
3
6
15
0
0
0
0
0
0
2
7
12
14
0
0
0
0
0
0
10
14
15
16
0
0
0
0
0
0
0
0
0
0
0
0
0
0
0
0
0
0
1
3
0
0
0
0
0
0
0
0
0
0
0
0
1
4
5
6
7
12
13
16
0
3
4
5
7
9
10
14
15
29
0
0
1
2
3
4
10
13
15
16
0
0
1
3
5
7
9
13
14
16
4
7
9
13
15
17
18
21
23
31
2
5
7
17
19
21
22
25
27
35
0
3
5
23
25
27
28
31
33
37
3
6
8
11
13
15
16
19
21
25
3
8
10
13
14
15
16
21
22
25
5
10
11
12
14
15
16
21
22
23
0
4
5
7
9
11
12
16
17
21
1
4
9
11
15
17
19
22
25
27
5
8
10
19
21
23
24
27
29
33
3
7
8
9
11
13
14
18
19
27
2
6
8
9
10
11
12
15
16
17
5
10
11
14
15
16
17
22
23
26
1
5
6
8
10
12
14
18
19
21
1
4
7
9
11
13
15
18
21
23
5
9
12
13
14
15
16
19
20
21
6
11
13
15
17
19
20
24
26
28
3
8
9
12
13
14
15
20
21
24
7
12
14
15
18
20
21
26
28
29
6
10
12
14
16
18
20
24
25
27
1
6
7
10
12
14
15
20
21
24
39
