time_cost:63735ms
ontime_proportion:1.000000
max_delay:0
avg_delay:0.000000
avg_flowtime:18.900000
object function value:-370.000000
0
0
0
0
1
2
4
7
12
14
16
0
0
0
0
0
0
0
2
3
4
0
3
4
6
8
10
12
16
17
19
0
0
0
0
0
0
0
3
5
7
0
0
0
2
4
6
10
14
16
18
0
0
0
0
0
0
0
0
1
4
0
0
0
0
0
1
3
7
8
12
0
0
0
0
0
2
6
9
12
17
0
0
0
1
2
3
8
11
12
13
0
0
1
2
3
5
7
12
14
15
1
4
7
9
11
13
15
18
21
23
1
6
7
8
10
11
12
17
18
19
3
8
9
12
13
14
15
20
21
24
1
6
7
11
12
13
14
19
20
23
5
10
12
13
14
16
17
22
24
25
2
6
7
9
14
16
18
22
23
25
6
10
11
13
15
17
18
22
23
26
3
6
9
11
13
15
17
20
23
25
4
9
10
11
12
13
15
19
20
21
4
8
9
10
11
12
14
18
19
20
1
5
6
10
12
14
15
19
20
21
6
9
10
11
16
17
18
21
22
23
7
10
12
15
17
19
20
23
25
28
0
4
5
8
10
12
13
17
18
19
2
7
8
9
11
12
13
18
19
20
0
4
5
6
8
10
11
15
16
17
3
8
9
11
13
15
17
21
22
25
10
14
15
16
18
19
21
25
26
27
4
8
11
13
15
17
19
22
25
27
7
12
13
14
17
18
19
24
25
26
30
