time_cost:63459ms
ontime_proportion:1.000000
max_delay:0
avg_delay:0.000000
avg_flowtime:18.133333
object function value:-395.555556
0
0
0
0
0
0
0
0
0
2
3
0
2
3
4
5
6
8
13
14
15
0
0
0
0
0
0
8
12
14
17
0
0
0
0
2
3
5
10
13
16
0
0
0
0
0
0
0
0
1
2
0
0
0
0
0
0
0
3
4
5
0
0
0
0
0
0
0
0
1
3
0
0
0
1
2
4
6
11
13
16
0
0
0
0
0
1
3
7
8
9
0
3
4
6
7
9
10
14
15
17
5
8
10
11
12
13
14
17
19
20
0
3
6
7
9
10
11
14
17
18
0
4
6
9
12
13
15
19
21
24
5
9
11
14
16
17
19
23
25
28
2
6
7
8
9
10
12
15
16
17
3
9
12
13
16
17
18
21
24
25
3
9
11
14
15
17
19
24
26
29
0
3
5
6
7
8
9
12
14
15
4
8
10
13
15
16
18
22
24
27
2
6
9
11
12
13
14
18
21
23
7
12
13
14
15
16
17
22
23
24
0
5
8
10
11
12
13
17
20
22
4
8
11
14
15
16
17
21
24
26
8
11
14
15
17
19
20
23
24
25
3
7
9
12
14
15
17
21
23
26
5
8
9
10
11
12
14
17
18
19
5
10
12
13
14
15
16
19
21
22
1
4
7
11
13
14
15
18
21
22
0
4
7
9
10
11
12
16
19
21
0
3
6
9
11
12
13
16
19
20
30
