time_cost:65086ms
ontime_proportion:1.000000
max_delay:0
avg_delay:0.000000
avg_flowtime:20.966667
object function value:-301.111111
0
0
0
0
0
0
0
0
0
0
0
0
1
4
5
6
8
11
16
19
20
0
0
0
0
0
0
10
15
18
20
0
0
0
0
0
1
11
19
22
24
0
0
2
3
4
5
8
14
16
17
0
0
0
0
0
0
0
0
0
2
0
0
0
0
0
0
0
1
4
7
0
0
0
0
0
2
4
11
14
17
0
0
0
0
1
2
6
12
14
17
0
0
2
4
5
7
8
13
16
18
1
6
8
9
10
11
12
17
19
20
8
13
15
16
18
19
21
25
27
28
0
3
4
7
8
9
11
14
15
18
5
9
12
15
17
19
21
25
28
31
4
8
10
13
15
16
18
22
24
25
0
3
4
7
8
9
13
19
20
23
1
4
7
10
12
13
15
18
21
24
3
8
11
13
14
15
17
22
25
27
2
6
8
9
11
12
14
18
20
21
4
10
12
13
14
15
16
21
23
24
5
10
13
15
16
17
19
24
27
29
8
14
17
19
20
21
23
28
31
33
6
11
14
17
19
21
22
27
30
32
0
5
8
10
11
13
15
20
23
25
3
8
11
13
14
16
17
22
25
27
2
6
8
9
11
12
14
18
20
21
4
8
10
11
13
14
16
20
22
23
6
11
14
16
17
19
20
25
28
30
4
9
11
12
13
14
15
20
22
23
0
4
7
10
12
15
17
21
24
27
34
