time_cost:186ms
ontime_proportion:0.900000
max_delay:4
avg_delay:0.233333
avg_flowtime:23.200000
object function value:773.333333
0
0
0
0
1
3
5
7
12
15
18
0
0
0
0
0
0
0
0
0
2
0
2
4
5
6
7
9
15
21
22
0
0
0
2
3
4
8
14
17
19
0
0
0
0
0
0
0
0
0
2
0
0
0
0
0
1
6
13
16
18
0
0
0
0
0
0
10
15
19
21
0
0
1
4
5
6
10
13
14
17
0
0
0
0
0
0
1
7
16
19
0
1
4
7
9
10
12
15
18
21
5
10
13
15
16
17
19
24
27
29
4
10
13
15
17
19
21
26
29
31
3
11
14
16
17
19
20
23
26
27
3
11
14
16
19
20
22
27
30
32
3
6
7
10
11
12
14
17
18
21
1
4
7
10
12
13
15
18
21
24
0
3
6
9
11
12
14
17
20
23
5
8
11
12
13
15
16
19
22
24
0
5
8
10
11
13
15
20
23
25
0
3
11
15
17
19
20
26
29
31
4
7
10
11
12
15
16
19
22
23
3
7
10
13
15
17
19
23
26
30
6
10
12
13
19
22
24
28
31
34
3
7
10
13
15
17
19
23
26
29
4
8
10
11
13
14
16
20
22
23
5
8
11
13
15
17
18
21
24
26
4
10
13
15
17
20
22
27
30
32
0
4
7
10
14
19
21
25
28
32
7
13
15
16
19
21
22
29
31
32
0
3
4
7
8
9
11
17
19
23
36
