time_cost:51837ms
ontime_proportion:0.966667
max_delay:3
avg_delay:0.100000
avg_flowtime:18.233333
object function value:-58.888889
0
0
0
0
0
0
1
5
11
14
15
0
0
0
0
1
2
6
12
13
16
0
0
0
0
0
0
0
0
0
0
0
0
0
0
0
0
0
0
0
0
0
0
0
0
0
0
0
0
0
2
0
0
0
0
0
0
0
2
5
7
0
3
6
7
8
10
11
14
17
18
0
0
0
0
0
0
0
12
15
20
0
0
0
0
0
0
0
0
0
1
0
0
0
0
0
0
0
0
0
2
4
9
12
13
14
16
17
20
23
24
3
8
11
13
15
17
18
24
27
29
4
7
10
12
14
16
17
20
23
25
1
4
7
9
11
13
14
17
20
22
1
5
7
8
10
11
13
17
19
20
5
10
13
14
16
18
19
23
26
27
2
7
9
10
11
12
13
18
20
21
7
12
15
16
19
21
22
25
28
29
3
7
8
12
13
17
19
23
24
27
1
4
5
8
9
10
12
15
16
19
5
8
11
12
15
17
18
21
24
25
4
10
12
13
14
15
16
21
23
24
5
9
12
15
17
19
21
25
28
31
7
11
12
15
16
17
19
23
24
27
1
4
7
8
9
11
12
15
18
19
4
7
8
11
12
13
15
18
19
22
7
12
15
17
18
20
22
27
30
32
2
6
9
12
14
15
17
21
24
27
0
4
7
10
12
14
16
20
23
26
3
8
10
11
12
13
14
19
21
22
33
