time_cost:1702550ms
ontime_proportion:0.677778
max_delay:34
avg_delay:4.633333
avg_flowtime:33.133333
object function value:3326.666667
0
0
0
2
5
7
8
39
45
48
49
0
0
0
2
3
4
18
23
26
29
0
2
4
5
7
9
27
31
33
38
0
0
0
0
0
0
0
0
3
5
0
0
0
0
0
0
7
11
12
14
0
0
0
0
0
2
4
7
9
10
0
4
5
6
7
9
19
24
25
28
0
0
0
0
1
2
17
23
26
29
0
0
0
0
0
1
32
38
41
42
0
0
1
2
3
5
22
27
28
29
0
0
0
0
0
0
9
14
15
18
0
0
0
0
0
0
0
11
17
19
0
0
0
0
0
1
21
24
26
27
0
0
0
0
0
0
14
19
20
21
0
3
5
9
16
18
44
51
53
54
0
0
0
0
1
3
22
27
28
29
0
0
0
0
0
0
39
45
47
50
0
0
0
0
0
0
0
0
0
2
0
0
0
0
0
0
13
23
27
30
0
0
0
0
0
0
0
0
1
2
0
0
0
1
2
3
15
18
19
20
0
0
0
0
0
0
0
0
0
1
0
0
2
4
10
12
38
42
45
50
0
6
10
13
15
18
30
36
38
41
0
0
0
0
0
0
0
0
2
4
0
0
0
0
0
0
0
1
2
3
0
0
0
0
4
6
26
33
39
42
0
0
2
5
6
7
27
33
36
39
0
5
7
10
20
22
32
39
41
44
0
0
0
0
0
2
19
23
24
26
0
0
0
3
4
6
31
38
41
44
1
4
5
6
7
8
23
26
27
30
0
0
0
0
0
0
0
0
0
0
0
1
4
7
9
10
34
39
42
45
0
0
0
0
4
5
31
36
40
41
0
0
0
0
2
4
27
31
34
39
0
0
0
0
0
0
0
0
0
0
0
0
0
0
0
0
16
27
29
34
0
0
0
0
2
4
24
28
29
34
0
0
0
0
5
7
48
57
59
62
10
14
15
17
18
20
30
34
41
43
12
18
21
23
24
25
28
33
36
38
13
17
18
20
30
32
38
45
49
51
17
27
29
32
34
36
46
54
58
61
13
17
20
21
28
30
48
55
57
58
9
15
18
20
21
22
26
30
33
35
0
3
6
11
13
15
29
33
36
39
14
17
21
22
24
26
43
49
51
54
3
8
9
10
11
13
24
29
30
31
30
34
37
39
40
41
43
47
50
52
8
11
13
15
17
19
32
37
39
40
7
10
11
12
13
14
24
28
29
30
6
10
11
13
14
16
30
35
42
45
0
6
9
10
11
12
26
31
34
35
5
12
15
18
19
20
31
36
39
42
9
13
16
19
20
21
22
29
32
35
10
15
18
19
20
22
34
40
43
44
1
18
21
22
23
24
27
36
39
41
12
20
23
26
27
29
44
51
56
59
15
19
22
24
25
27
36
41
44
46
14
24
27
29
30
31
36
42
45
47
7
12
14
17
19
21
22
29
31
36
21
25
28
31
32
33
40
46
49
52
9
15
16
17
18
20
21
26
27
29
5
9
12
14
15
16
20
26
31
33
0
5
6
7
8
10
17
22
23
24
16
21
24
25
31
32
47
55
58
59
2
7
8
9
12
15
38
45
46
47
3
7
8
10
11
13
17
21
22
25
19
31
33
36
38
40
44
53
55
58
12
22
24
27
31
33
43
51
53
56
24
28
34
37
39
41
49
56
59
62
11
14
19
24
26
28
41
48
52
55
17
20
23
26
28
30
34
39
42
45
14
18
24
27
29
31
37
42
46
49
9
12
14
15
16
17
27
30
31
32
5
9
10
12
22
24
35
41
44
46
7
15
17
20
22
24
28
35
37
42
21
26
27
28
29
31
33
39
40
41
18
21
23
24
26
28
35
41
44
45
0
4
6
7
16
17
41
47
49
50
6
9
11
12
14
16
43
49
51
52
5
10
12
15
22
24
35
43
46
52
25
29
31
32
34
36
40
46
48
49
4
9
10
11
12
14
26
32
33
34
11
14
15
17
24
26
37
42
45
46
16
19
22
23
28
29
46
53
55
56
10
16
20
24
26
28
35
43
45
48
3
11
19
22
24
25
37
43
47
49
1
6
7
8
9
11
31
37
38
39
64
