time_cost:2266836ms
ontime_proportion:0.744444
max_delay:28
avg_delay:2.977778
avg_flowtime:28.444444
object function value:2503.703704
0
0
3
6
7
9
11
24
28
31
33
0
0
0
0
0
0
6
9
10
11
0
0
0
1
3
5
19
23
26
27
1
3
4
5
6
8
29
32
34
36
0
0
0
0
0
1
11
16
17
20
0
0
0
0
0
0
0
0
2
3
0
0
0
0
0
0
3
8
10
12
0
0
0
0
0
0
0
0
0
0
0
0
0
0
0
0
0
0
0
0
0
0
0
0
0
3
21
25
26
28
0
0
0
2
5
7
37
40
42
44
0
0
0
0
0
0
0
0
0
0
0
0
0
0
0
0
15
19
21
22
0
0
0
1
3
6
29
32
34
36
0
0
0
0
0
0
0
0
1
8
0
0
0
0
0
0
19
24
25
26
0
0
0
0
1
3
14
19
20
21
0
0
0
0
0
0
0
0
0
0
0
0
0
0
0
0
0
0
1
2
0
0
0
0
0
1
18
23
24
25
0
0
2
4
8
9
28
31
33
34
0
5
7
10
11
13
30
35
39
42
0
0
0
0
0
0
26
29
31
32
0
0
0
0
2
4
28
32
33
34
0
0
0
0
0
1
13
17
18
19
0
0
0
0
0
0
0
0
3
6
0
0
0
0
0
0
0
0
0
1
0
0
0
0
1
3
31
34
36
38
0
0
0
0
1
2
16
21
23
27
0
2
3
4
5
7
22
25
26
27
0
1
2
3
7
9
25
28
29
30
0
0
0
0
0
0
23
26
27
28
0
0
0
0
1
3
19
24
25
28
0
0
0
0
0
0
0
0
0
2
0
0
0
0
0
0
0
2
3
4
0
3
5
7
8
10
39
42
44
46
0
0
1
4
5
6
15
20
21
24
0
0
0
0
0
0
27
31
35
37
0
0
0
2
3
5
27
30
32
34
0
0
0
0
0
0
0
2
5
6
9
12
13
14
18
20
30
33
34
37
12
15
16
17
20
28
47
50
51
52
5
10
14
17
30
33
46
51
53
56
10
13
15
16
20
21
35
38
40
41
5
10
12
15
20
22
32
37
39
42
21
26
27
28
29
31
37
42
43
44
13
18
20
22
23
27
40
48
50
52
0
5
6
9
10
11
13
18
19
22
17
22
24
27
28
30
34
40
42
45
0
5
6
7
10
12
27
33
34
35
3
6
9
10
13
14
37
40
42
43
24
27
29
30
32
33
36
41
43
44
6
11
13
16
17
19
23
28
32
35
8
12
14
15
19
21
42
46
47
48
12
15
17
18
26
27
35
39
41
42
3
6
8
10
11
13
27
30
32
34
16
19
20
21
22
24
26
29
30
31
15
19
22
23
25
30
42
46
49
50
0
3
5
11
23
25
31
34
37
39
16
21
23
24
27
29
42
47
48
50
8
12
13
14
16
18
30
34
35
36
3
8
9
12
13
14
25
30
31
36
6
10
13
14
16
18
20
24
27
29
10
15
18
20
22
23
33
38
41
43
0
5
9
12
13
15
22
34
36
42
0
3
5
9
14
16
40
43
46
48
23
27
30
31
33
35
45
49
52
53
2
7
8
10
11
13
19
24
25
26
24
27
29
31
32
34
49
52
54
56
15
20
21
24
25
26
35
40
45
48
9
14
15
16
18
20
32
37
38
39
5
10
11
13
25
27
38
43
44
45
11
14
16
18
24
26
33
36
39
41
14
19
20
23
24
25
32
37
38
41
7
11
12
13
14
15
28
33
34
35
8
13
17
20
22
23
37
42
43
46
2
6
7
8
9
10
26
30
31
32
10
15
16
17
22
24
38
43
44
46
8
12
14
17
18
20
29
32
35
37
5
8
9
10
31
33
47
51
52
53
18
23
24
25
26
28
32
37
38
39
3
8
10
12
13
14
34
39
41
43
4
9
11
14
15
17
46
52
54
57
10
13
14
15
16
18
30
34
35
36
11
16
17
20
21
22
24
29
30
33
19
22
24
25
27
28
32
36
38
39
23
26
27
28
29
31
32
35
36
37
20
23
24
25
28
32
43
46
48
49
34
38
39
40
42
44
46
50
51
52
12
16
17
18
21
22
43
47
48
49
58
