time_cost:4857ms
ontime_proportion:0.644444
max_delay:30
avg_delay:6.400000
avg_flowtime:33.166667
object function value:3661.111111
0
0
1
3
6
7
9
40
46
48
51
0
0
0
0
0
0
0
0
1
4
0
0
1
4
6
8
13
17
19
30
0
0
0
1
2
4
18
24
26
29
0
0
2
3
4
6
35
40
45
47
0
0
0
0
0
0
0
0
0
1
0
0
0
0
0
1
46
53
56
57
0
0
0
1
8
10
32
39
41
46
0
0
0
0
0
1
29
36
39
40
0
0
0
2
4
5
32
37
41
44
0
0
0
0
0
0
30
37
40
41
0
0
0
0
0
1
43
49
52
55
0
3
5
6
7
8
40
44
47
48
0
0
0
1
2
4
38
43
46
47
0
0
0
0
0
0
28
41
42
45
0
1
4
6
8
11
40
50
53
54
0
0
2
3
4
5
21
26
28
29
0
0
0
0
0
0
35
44
49
52
0
0
0
0
0
0
0
0
0
2
0
5
7
9
12
13
46
53
57
59
0
0
0
0
0
0
0
0
1
3
0
0
0
0
0
0
0
0
0
0
0
0
0
0
0
0
43
49
51
53
0
0
0
0
0
0
0
0
0
0
0
0
0
0
12
14
42
50
54
56
0
4
6
7
8
10
35
42
45
46
0
0
0
0
0
0
0
0
0
0
0
0
0
0
0
0
0
45
48
49
0
0
0
0
0
1
22
31
34
35
0
0
0
0
0
0
39
47
50
53
0
5
7
9
11
12
34
43
45
47
0
0
0
0
0
0
32
37
40
41
0
0
0
0
1
3
10
16
18
19
0
0
0
0
2
4
29
32
34
37
0
0
0
0
0
0
42
48
51
52
0
0
0
0
0
0
0
0
1
2
0
1
3
4
5
9
22
30
32
33
0
0
0
0
3
6
32
40
45
46
0
0
0
0
1
2
19
22
25
26
0
0
0
0
0
0
0
0
0
0
13
19
21
24
26
28
34
42
44
47
9
12
14
15
16
17
26
29
31
32
3
8
10
11
12
14
16
25
27
28
0
3
5
8
10
12
29
35
37
44
21
27
30
31
32
34
37
48
52
53
15
25
28
29
30
32
36
46
49
50
6
12
14
17
19
21
27
34
36
39
16
19
21
22
24
25
40
45
47
50
24
33
35
37
38
39
40
45
47
49
4
9
12
15
17
18
25
31
34
38
30
35
39
40
41
43
48
55
57
58
12
18
21
24
25
26
31
41
43
45
3
8
10
12
13
14
15
20
23
25
9
14
15
20
24
26
37
47
48
54
9
13
15
21
23
25
26
29
31
36
30
34
35
38
40
42
44
48
49
52
10
15
18
21
22
24
26
32
34
37
12
17
20
21
22
24
25
30
33
34
5
10
13
14
16
18
26
34
37
38
33
40
41
43
44
46
47
51
53
55
0
3
5
6
7
8
15
19
22
27
2
7
8
13
26
28
41
49
51
54
10
14
16
19
21
23
24
27
29
32
13
18
19
21
25
28
50
54
56
58
4
9
11
14
15
16
45
51
55
57
6
12
13
15
16
18
19
24
26
28
9
14
16
18
19
20
21
26
28
30
11
16
18
19
20
22
24
29
31
32
4
9
12
13
14
16
17
22
25
26
10
15
17
18
19
21
23
31
33
34
14
21
23
25
26
27
29
34
37
40
5
10
12
14
15
16
17
22
24
26
8
13
18
19
21
23
29
37
40
41
1
5
8
9
10
12
34
39
44
45
5
10
13
14
15
17
19
24
27
28
8
13
15
17
18
19
20
25
27
29
13
18
20
23
24
26
32
36
41
44
17
22
25
26
27
28
42
47
49
51
21
28
31
34
36
37
38
43
46
49
6
11
14
15
17
19
43
51
55
56
10
15
17
18
19
21
23
28
30
31
1
6
9
12
14
15
16
21
24
27
17
21
22
25
27
29
38
42
44
48
2
6
7
9
10
12
16
20
21
25
34
38
39
42
44
46
48
52
53
57
28
33
38
41
43
45
47
51
52
56
20
23
25
28
30
32
37
40
42
45
20
27
29
30
31
33
37
43
46
47
0
5
7
9
10
11
12
17
19
21
5
16
18
20
23
24
27
34
37
39
60
