time_cost:2571145ms
ontime_proportion:0.755556
max_delay:29
avg_delay:4.766667
avg_flowtime:30.488889
object function value:2460.740741
0
0
0
0
0
0
0
17
22
25
26
0
0
0
0
0
0
0
0
0
3
0
0
0
2
6
8
42
49
51
54
0
0
0
0
0
0
0
0
3
5
0
0
0
1
2
4
28
35
38
39
0
0
0
0
0
1
36
42
45
48
0
0
0
0
0
0
0
0
0
0
0
0
0
0
4
7
46
51
55
58
0
11
15
16
19
21
32
41
45
46
0
0
0
0
0
1
8
18
20
22
0
0
0
0
0
0
27
38
42
45
0
0
0
0
0
0
0
32
36
41
0
0
0
0
0
0
0
0
0
0
0
0
0
0
0
0
0
0
0
0
0
0
0
2
3
4
33
45
48
50
0
0
0
0
0
0
0
0
0
2
0
3
6
7
8
10
16
21
25
26
0
0
0
0
0
0
0
0
1
4
0
0
0
0
0
0
0
0
2
5
0
0
0
0
0
0
12
15
18
19
0
0
0
0
0
0
0
0
1
4
0
23
26
27
28
30
31
36
40
42
0
0
0
0
1
2
8
13
16
19
0
0
0
0
0
0
0
0
0
0
0
0
0
0
3
5
41
49
51
52
0
0
0
0
2
3
24
30
33
37
0
0
1
3
5
6
37
47
49
51
0
3
5
6
7
9
11
16
18
19
0
0
0
0
2
4
10
15
16
18
0
0
0
0
0
0
8
12
16
23
33
38
41
42
43
45
46
53
57
58
0
0
0
0
0
0
9
13
14
16
0
0
0
0
1
2
6
11
13
15
12
33
36
37
38
40
41
46
49
50
0
0
0
0
0
0
32
39
45
46
0
0
0
0
0
0
0
0
1
4
0
0
0
0
0
0
0
0
3
4
0
0
0
0
0
1
30
39
42
46
29
34
35
38
40
42
44
50
51
56
0
32
36
37
38
40
41
47
51
52
15
20
22
24
25
26
27
32
36
38
4
9
12
13
16
18
20
25
32
33
15
20
21
23
24
26
28
34
37
39
20
24
27
28
29
31
40
47
50
51
0
4
5
8
10
12
14
20
24
27
16
28
31
32
33
35
36
42
45
46
12
17
20
21
22
24
32
38
41
42
7
12
15
16
17
19
23
29
32
33
21
27
29
30
31
33
35
40
42
43
24
27
30
33
35
37
38
41
43
46
23
29
32
35
37
38
39
44
48
51
5
14
18
21
23
24
27
45
49
52
26
31
34
36
37
39
40
45
46
48
5
8
10
11
12
14
17
22
27
28
19
24
25
28
30
32
34
38
39
45
4
10
12
15
16
18
20
26
28
31
7
10
12
13
14
15
20
24
26
27
4
8
9
12
15
17
20
28
29
32
12
19
27
29
30
31
44
51
53
55
13
16
28
31
40
42
43
48
52
55
19
27
30
31
32
34
35
41
44
45
2
7
10
12
20
22
30
35
46
48
0
6
8
9
10
11
29
37
39
40
21
26
28
31
33
35
37
43
52
55
12
19
22
26
28
29
30
42
48
51
8
14
15
19
21
23
32
36
42
47
4
8
11
12
14
16
18
23
28
29
1
4
6
9
11
13
14
17
24
28
0
5
18
21
26
29
45
51
54
58
3
7
8
11
13
15
17
21
22
25
24
32
34
36
37
38
39
44
46
48
25
32
37
40
42
43
44
49
52
55
3
6
9
10
11
12
14
17
19
20
2
5
8
13
15
17
18
21
23
33
6
10
13
14
17
19
27
35
41
42
0
3
5
6
7
8
17
21
27
28
10
23
26
27
28
30
44
52
57
58
10
13
15
18
19
21
25
30
33
39
2
5
7
11
13
15
16
19
21
24
1
4
6
9
12
14
15
18
20
23
8
12
13
16
18
20
23
29
36
39
22
29
33
37
39
40
41
46
49
52
3
9
13
15
18
20
24
36
38
40
3
8
13
16
21
22
36
45
47
49
33
39
40
43
45
47
49
53
54
57
11
16
19
24
26
27
28
35
39
44
16
22
23
25
26
28
29
35
39
41
8
14
17
18
19
21
22
26
29
30
20
26
31
34
36
38
40
44
46
49
5
8
10
13
23
27
36
40
42
45
60
