time_cost:2539275ms
ontime_proportion:0.766667
max_delay:35
avg_delay:3.900000
avg_flowtime:29.155556
object function value:2305.185185
0
0
0
0
0
0
1
9
13
15
17
0
0
0
0
0
1
32
38
40
42
0
2
4
6
8
10
24
32
34
40
0
0
0
0
4
5
35
47
49
50
0
0
0
0
1
3
15
22
25
27
0
0
0
0
0
0
0
0
0
6
0
11
13
16
18
20
23
30
34
37
0
3
4
5
6
7
15
22
25
27
0
0
0
0
0
0
0
0
8
11
0
0
0
0
0
0
15
28
31
34
0
0
0
1
3
4
31
41
44
47
0
0
0
0
0
0
8
12
14
16
0
0
0
0
1
2
14
22
25
26
35
45
48
51
52
53
54
58
61
64
0
0
1
3
4
8
39
52
53
55
0
0
0
0
0
0
18
23
26
27
0
0
0
0
0
0
0
0
0
2
0
0
0
0
0
0
0
0
0
0
0
0
0
0
2
4
14
20
21
24
0
0
0
4
6
8
38
52
54
56
0
0
0
0
0
0
30
38
41
44
0
0
0
0
0
0
0
0
0
1
0
0
0
0
0
0
46
57
59
60
0
0
0
0
0
0
23
28
31
34
0
0
0
0
0
0
27
33
36
40
0
0
0
0
0
0
0
0
0
0
0
0
0
0
0
0
0
1
4
7
0
0
0
0
0
0
0
0
0
0
0
0
0
0
0
0
0
0
1
3
0
0
0
0
0
0
0
0
5
12
0
0
0
0
0
0
15
21
24
27
0
0
2
4
5
6
9
15
18
25
0
0
0
0
0
0
0
1
5
8
0
0
3
5
6
7
18
23
27
29
0
0
0
0
0
0
0
0
0
0
0
0
0
0
0
0
0
2
4
12
0
0
0
0
0
0
0
4
6
19
0
0
0
0
1
3
11
18
19
20
0
0
0
0
0
0
0
0
0
0
0
0
1
2
4
5
6
11
13
14
1
4
10
13
16
18
29
36
39
42
11
16
18
19
27
28
46
57
58
59
2
6
7
9
10
12
14
18
19
21
20
26
29
30
31
32
33
38
41
42
23
30
31
32
33
35
36
41
42
47
8
17
20
23
25
27
29
38
41
44
8
14
17
18
23
24
43
54
55
56
5
10
11
12
13
15
16
21
23
24
0
4
6
7
10
11
21
28
30
31
0
3
4
5
6
7
20
24
25
31
1
5
8
10
11
12
14
18
21
23
7
12
15
18
21
23
36
49
52
53
4
10
12
15
17
19
20
25
27
31
5
10
11
12
13
15
16
21
22
23
12
19
23
25
26
27
29
33
36
39
21
25
28
31
33
35
36
39
42
45
19
22
24
25
27
29
44
55
57
58
0
5
7
10
12
14
15
20
22
29
1
13
16
18
20
21
27
33
36
38
2
5
8
11
14
16
17
20
23
26
12
15
18
21
23
25
26
29
32
42
8
13
14
15
16
17
21
24
27
28
1
7
10
12
13
14
19
26
29
33
3
6
7
8
9
10
11
14
15
16
6
11
13
14
16
18
30
36
38
39
31
42
45
46
47
48
49
54
57
58
5
8
12
19
22
24
41
53
54
55
13
19
21
23
24
26
41
55
56
57
7
11
14
19
21
23
32
44
47
50
9
14
17
20
21
22
23
27
30
33
18
23
24
26
27
29
30
35
36
37
22
26
28
29
31
33
38
51
53
54
28
35
38
39
40
41
42
48
51
52
5
9
13
14
17
19
37
50
52
53
12
18
20
21
26
27
44
56
58
59
5
8
10
13
15
16
18
24
26
27
4
7
9
10
12
13
40
53
55
56
1
4
5
6
7
8
24
31
32
33
10
19
21
24
26
28
29
36
38
44
3
8
11
13
14
16
27
36
39
40
10
16
18
21
23
25
26
31
33
36
10
15
16
18
19
21
23
29
30
32
27
32
33
34
35
36
37
40
41
47
3
7
10
13
15
16
25
31
36
39
9
14
16
17
19
21
22
26
28
29
11
16
20
23
24
25
26
30
33
36
24
32
35
36
37
38
39
44
47
48
19
25
26
28
29
31
33
37
39
41
27
34
37
39
40
41
43
47
50
52
4
9
13
15
16
17
31
41
44
45
65
