time_cost:5556ms
ontime_proportion:0.600000
max_delay:32
avg_delay:7.122222
avg_flowtime:35.444444
object function value:4181.481481
0
0
0
0
0
0
0
38
43
52
53
0
0
2
3
14
16
42
56
58
59
0
0
2
5
6
8
33
42
45
48
0
0
0
0
0
1
35
44
46
47
0
0
0
0
0
0
37
42
51
52
0
0
0
0
0
0
33
45
47
48
0
0
0
0
2
4
24
30
43
46
0
0
0
0
0
0
0
0
0
0
0
0
24
27
29
31
33
37
40
44
0
0
0
0
0
2
14
23
26
27
0
0
0
0
0
0
0
1
3
7
0
0
0
1
3
5
36
46
49
50
0
0
0
0
0
0
0
0
1
4
0
0
0
1
2
3
19
27
29
31
0
0
0
0
0
0
32
42
50
53
0
0
0
0
0
0
0
0
0
2
0
0
0
0
0
0
22
29
31
35
0
2
4
6
7
8
30
35
43
45
0
4
7
8
9
11
27
37
40
41
0
0
0
0
0
2
30
33
40
43
0
0
0
0
0
0
0
3
7
8
0
2
3
6
8
10
32
42
43
46
0
0
0
0
1
3
18
27
30
31
27
39
42
45
47
48
49
54
57
60
0
0
0
0
5
7
38
51
52
54
0
0
0
0
0
0
0
2
6
7
0
0
0
0
0
0
0
0
0
1
0
0
2
5
7
9
19
23
30
33
0
0
0
0
0
0
42
46
53
54
0
0
0
0
0
0
0
0
0
0
0
0
0
0
3
5
36
44
47
52
0
0
0
0
0
0
0
0
0
1
0
1
2
4
5
7
20
25
26
29
0
1
4
5
10
12
42
53
56
57
0
0
0
0
0
0
38
47
48
51
0
0
0
0
0
0
0
0
0
1
0
0
0
0
0
0
35
38
49
52
0
0
0
0
0
0
39
51
53
56
0
0
0
0
0
0
0
0
0
0
0
0
0
0
1
2
20
28
37
39
23
36
39
40
41
43
44
48
51
52
11
15
17
22
27
29
31
40
42
45
3
8
10
11
12
14
16
25
27
28
8
13
15
17
20
21
31
43
45
47
7
12
15
16
18
20
23
36
39
41
1
5
8
9
32
34
42
47
54
55
15
22
29
32
34
35
36
41
44
49
5
10
13
16
18
20
21
24
26
32
8
17
20
21
22
24
25
30
33
34
11
15
20
24
26
29
31
35
37
40
16
25
31
32
33
35
39
44
52
55
1
10
35
37
38
40
41
45
47
50
13
26
29
30
31
33
34
39
42
43
11
15
19
23
25
27
28
32
35
38
15
20
22
23
30
32
34
39
46
47
16
20
22
25
26
28
30
34
36
39
7
10
12
15
16
18
20
29
31
34
1
10
13
16
21
23
38
48
51
52
5
8
10
13
14
16
18
21
23
26
5
9
12
13
20
22
28
32
42
43
11
16
18
19
21
23
25
30
32
33
13
18
34
37
39
40
41
46
51
54
0
3
5
6
7
8
10
13
15
16
13
18
21
22
25
26
42
52
55
56
4
8
11
12
13
15
16
23
26
27
4
8
9
12
16
18
20
28
37
40
2
7
10
13
15
16
17
22
25
28
19
34
37
40
42
43
44
49
52
55
8
12
16
18
20
23
25
28
33
34
0
4
5
8
10
12
24
29
39
42
7
11
12
15
17
19
21
26
27
30
9
14
17
18
28
30
32
37
43
44
0
6
9
10
13
14
35
38
53
54
8
13
15
17
19
20
21
26
28
30
2
5
17
20
23
25
27
30
32
35
2
15
17
18
19
21
36
46
48
49
8
13
16
20
22
27
29
33
45
48
7
12
13
15
24
26
27
31
33
35
5
8
10
13
15
17
18
21
23
30
0
3
5
6
8
12
45
56
58
59
13
20
23
25
28
30
41
53
56
58
8
11
13
16
17
21
23
26
28
31
11
20
23
24
25
27
28
33
36
37
6
15
18
21
24
25
26
31
34
42
3
7
8
10
11
13
40
52
54
57
1
5
6
9
12
14
38
42
48
53
12
16
21
22
27
28
32
35
50
51
3
7
8
10
11
13
14
18
19
21
11
17
20
22
23
25
26
31
34
35
15
19
21
29
31
33
37
41
47
50
62
