time_cost:1716292ms
ontime_proportion:0.722222
max_delay:29
avg_delay:3.588889
avg_flowtime:31.900000
object function value:2841.111111
0
0
0
0
0
3
5
16
20
29
35
0
0
0
0
0
0
0
0
0
1
0
0
0
4
6
8
32
40
42
45
0
0
0
0
1
3
10
16
19
21
0
1
4
7
8
9
34
41
44
47
3
6
8
10
12
14
29
36
39
40
0
0
0
0
0
0
0
0
1
5
0
3
4
6
7
8
19
24
25
27
0
0
1
2
3
5
14
21
22
25
0
0
0
0
1
3
11
16
17
19
0
0
0
0
0
0
19
23
26
30
0
0
0
0
0
0
8
13
15
16
0
0
0
0
0
0
0
0
2
4
0
0
0
0
5
6
19
25
28
29
0
0
0
0
0
0
0
0
0
1
0
0
0
0
0
0
0
0
0
0
0
2
5
6
8
9
41
51
54
55
0
0
0
0
0
1
25
30
33
37
0
0
0
0
6
9
27
34
37
39
0
0
0
1
4
5
26
35
38
40
0
0
0
0
0
0
7
12
13
18
0
1
3
4
6
7
14
18
20
25
0
0
0
1
8
9
31
38
40
41
0
0
0
0
0
0
20
27
30
33
0
0
1
2
4
6
31
35
37
38
0
0
2
3
5
7
44
54
56
57
0
0
0
0
0
1
32
42
44
50
0
0
0
0
0
0
0
5
7
11
0
0
0
0
0
0
0
1
2
3
0
0
0
0
3
4
23
31
34
35
0
0
0
0
3
4
19
23
26
28
0
4
7
10
11
12
26
33
36
39
0
0
0
0
0
0
15
22
25
26
0
0
0
0
0
1
26
34
37
39
0
0
0
0
0
0
0
2
4
7
0
0
0
0
0
0
0
0
0
6
0
0
0
0
5
6
16
20
21
22
0
0
0
0
0
0
0
3
4
5
0
0
0
0
1
3
16
22
23
24
0
0
0
0
1
3
5
10
11
14
10
14
16
18
22
24
33
44
47
48
0
4
5
7
8
10
18
23
24
26
13
18
20
21
24
25
39
46
48
49
2
5
7
8
15
17
34
39
41
42
20
27
29
33
35
37
38
43
45
48
4
9
10
11
12
13
21
26
27
28
4
9
12
15
17
18
35
42
45
48
3
10
11
12
13
15
20
26
27
28
11
17
19
23
25
26
36
47
49
51
13
18
20
21
23
25
29
34
36
37
10
15
18
19
20
21
36
49
52
53
11
15
18
20
21
25
43
54
57
59
31
38
40
43
45
47
48
53
55
58
7
10
13
16
18
20
26
31
34
37
19
25
27
30
32
34
35
45
47
52
4
8
11
13
14
15
32
39
42
45
7
11
13
14
16
18
30
37
40
41
1
4
7
12
21
23
40
48
51
54
8
11
12
13
14
15
25
30
31
33
22
28
32
34
35
38
40
49
52
54
0
7
9
13
15
17
25
32
37
40
2
6
7
9
10
12
14
19
21
23
17
23
26
29
30
31
34
46
49
52
1
4
5
6
7
8
24
29
30
31
4
7
9
12
14
16
24
30
32
33
6
11
14
17
18
19
27
36
39
42
0
7
10
11
12
13
30
37
40
41
3
7
8
10
11
13
21
26
28
30
22
27
31
33
34
35
37
46
50
52
8
11
15
21
23
24
37
44
46
47
8
12
13
15
16
18
28
33
36
38
5
17
20
22
23
24
36
45
48
49
10
15
18
20
21
22
30
39
42
44
11
14
17
20
26
28
42
51
54
57
21
26
28
31
33
35
36
43
47
50
8
13
16
17
19
21
31
37
39
40
10
13
15
16
18
20
23
28
31
32
14
20
23
24
25
26
38
47
50
51
17
20
22
23
25
27
37
45
47
50
11
20
23
24
25
26
39
49
52
53
6
13
16
19
21
23
31
40
42
45
24
30
33
35
36
37
38
43
46
47
12
15
16
17
18
19
28
33
34
35
15
23
26
27
28
29
41
50
53
54
4
8
14
18
20
21
32
40
43
46
15
20
23
26
27
28
40
48
51
54
16
27
30
32
33
34
43
55
58
59
5
8
9
10
11
12
28
34
35
36
12
17
20
21
22
23
24
30
33
34
1
4
5
6
7
8
29
34
35
36
60
