time_cost:2570555ms
ontime_proportion:0.711111
max_delay:28
avg_delay:3.755556
avg_flowtime:29.933333
object function value:2886.666667
0
0
0
0
0
0
0
0
0
2
3
0
0
0
0
0
0
2
7
9
12
0
0
0
0
0
0
0
0
0
1
0
0
0
0
0
0
0
0
1
3
0
0
0
0
10
12
32
38
41
42
0
0
0
0
0
0
0
0
1
2
0
0
0
0
0
0
10
15
18
20
0
0
0
1
2
4
19
24
25
26
0
3
5
7
8
10
23
26
29
31
0
0
0
0
0
0
0
0
0
1
0
0
0
2
12
16
41
46
47
50
0
0
0
0
0
0
0
2
3
7
0
0
0
0
0
0
0
0
2
4
0
0
2
3
6
8
26
31
32
33
0
0
0
0
0
1
48
51
54
56
0
0
0
0
0
0
0
0
2
5
0
15
19
20
27
29
35
39
42
43
0
0
0
0
0
0
0
0
0
0
0
0
0
0
0
1
26
33
35
38
0
2
4
5
7
9
37
40
42
44
0
0
0
0
4
6
25
29
32
33
0
0
0
0
0
0
23
25
27
29
0
0
0
0
1
3
36
42
43
44
0
0
0
0
14
18
44
49
51
54
0
0
0
0
2
13
38
42
43
44
0
0
0
0
0
1
15
20
22
24
0
2
4
6
10
12
31
34
36
38
0
0
0
0
0
0
13
17
19
21
0
0
0
0
1
2
14
19
21
23
0
0
0
0
1
2
22
27
28
29
0
4
5
9
11
13
18
22
23
26
0
0
0
0
0
0
23
26
27
28
0
0
0
0
0
0
26
29
30
31
0
0
1
2
5
7
27
32
33
34
0
0
0
0
0
0
0
0
0
0
0
0
0
2
3
5
17
20
22
26
9
13
15
18
21
23
24
29
31
34
0
4
5
8
9
10
19
24
25
28
0
0
0
0
0
0
17
21
24
25
0
0
0
0
1
2
18
23
24
28
8
12
15
16
18
20
32
36
39
40
4
7
9
10
12
13
21
25
27
30
0
5
6
11
12
14
39
44
45
46
7
12
17
19
24
27
31
36
38
40
19
24
26
28
29
31
38
41
43
45
12
16
18
19
23
25
31
35
36
37
19
24
25
26
28
30
36
40
41
42
10
14
15
19
20
22
24
28
29
30
16
19
21
22
25
26
45
48
50
51
14
17
19
20
22
23
24
28
30
35
16
19
20
21
33
35
49
52
54
55
0
5
7
10
14
19
42
47
51
55
0
5
6
7
8
10
18
23
24
26
3
7
10
11
16
18
34
38
41
42
6
10
13
14
17
31
36
41
44
45
0
5
7
8
10
12
27
30
32
33
20
23
24
25
26
28
34
37
38
39
8
15
17
19
23
24
26
32
34
36
10
15
16
17
18
20
27
32
33
34
4
8
9
10
13
15
27
31
33
35
12
16
18
19
23
25
34
38
39
42
11
14
16
18
27
29
43
46
49
51
2
7
12
15
16
18
40
45
47
50
10
13
15
18
19
21
23
26
28
30
23
26
28
30
31
33
34
37
39
41
5
9
12
14
15
17
35
41
43
45
7
11
13
14
16
17
31
34
36
37
3
8
9
12
13
15
40
45
46
49
5
10
11
12
33
35
49
54
56
57
10
15
16
17
18
20
22
27
28
29
2
6
7
8
9
10
28
32
33
35
23
27
28
29
31
33
35
39
40
41
4
9
11
13
15
17
22
28
30
32
5
10
20
22
23
24
47
52
55
57
14
18
19
20
22
23
31
35
36
37
16
21
23
24
32
34
46
50
52
53
20
23
25
27
28
30
32
35
37
39
16
19
21
23
24
26
29
32
34
37
7
11
12
13
30
32
45
49
50
51
15
19
21
22
24
25
32
35
37
38
13
16
17
18
20
22
29
32
33
34
7
12
13
16
17
29
46
51
53
56
12
16
19
20
25
27
39
43
46
47
13
17
20
22
25
28
35
39
42
44
5
10
12
14
15
16
17
24
26
28
36
39
40
41
42
44
49
53
56
57
13
18
19
20
21
24
26
31
32
33
0
4
8
9
13
18
32
36
39
40
8
13
15
18
20
22
29
36
38
41
19
23
24
25
26
27
30
34
35
36
58
