time_cost:12448ms
ontime_proportion:0.677778
max_delay:31
avg_delay:3.977778
avg_flowtime:32.833333
object function value:3316.666667
0
0
0
0
0
0
0
0
0
1
4
0
0
0
0
1
3
36
45
48
49
0
0
0
0
0
0
0
0
3
5
0
0
2
4
5
6
22
30
32
34
0
0
0
2
3
4
19
29
31
33
0
0
0
0
0
0
0
4
6
9
0
0
0
0
0
0
0
0
24
27
0
0
0
0
0
2
22
32
34
35
0
0
0
0
0
0
0
0
0
0
0
0
0
0
0
1
24
32
34
35
0
0
0
0
0
0
0
0
0
0
0
0
0
0
0
0
25
36
39
42
0
0
0
0
0
0
39
48
51
52
0
2
4
7
9
11
17
24
31
35
0
0
0
0
0
1
15
23
25
28
0
0
0
0
0
0
37
46
49
50
0
0
0
0
0
0
0
0
1
3
0
0
0
0
0
0
0
0
0
0
0
0
0
0
0
0
0
1
26
29
0
0
0
0
0
0
0
0
0
2
0
0
0
0
0
0
0
0
0
3
0
0
0
2
3
5
23
33
36
37
0
2
4
5
6
7
24
31
33
34
0
0
0
0
0
0
0
0
0
1
0
0
0
0
0
0
0
0
0
0
0
0
0
0
0
0
19
25
28
31
0
0
0
0
0
0
15
22
24
25
0
0
0
0
0
0
0
0
0
0
0
0
0
1
2
3
19
28
30
31
0
15
18
19
20
22
35
44
47
48
0
0
0
0
0
0
16
24
26
30
0
0
0
0
0
0
0
0
1
4
0
0
0
0
0
0
0
1
3
6
0
3
4
6
7
9
35
44
48
50
0
0
0
0
0
0
0
0
2
3
13
16
19
21
22
24
25
33
36
37
0
0
0
0
2
4
19
27
29
35
0
0
0
0
0
0
0
0
0
0
0
0
0
0
0
0
0
49
52
53
0
0
0
0
0
2
20
31
34
35
16
24
27
28
32
34
40
51
54
55
1
4
6
10
12
14
17
28
31
37
8
13
21
24
25
27
33
42
48
51
18
25
28
29
30
32
38
47
50
51
15
23
24
26
28
31
34
43
46
48
0
3
5
8
10
12
19
28
34
39
17
24
26
27
28
29
31
34
36
37
9
13
14
16
17
19
22
32
37
39
7
13
19
23
24
26
32
40
50
53
2
5
14
17
19
21
22
28
35
38
6
11
13
16
18
20
21
26
28
41
7
13
16
17
29
32
39
50
53
54
1
4
6
9
11
13
29
36
38
43
5
10
13
16
18
19
20
37
41
44
10
18
20
22
23
24
25
30
32
34
4
9
12
13
14
16
23
36
39
40
11
19
22
23
31
33
42
54
57
58
11
17
20
22
24
26
27
36
39
40
5
8
10
13
14
16
20
30
37
40
10
17
20
21
33
35
40
52
55
56
9
15
17
19
35
37
44
57
59
60
3
7
8
11
15
17
30
39
40
45
12
18
19
21
29
31
34
44
46
48
6
11
13
18
19
20
21
26
28
30
15
23
25
26
27
28
30
33
35
36
9
16
19
20
34
36
41
53
56
57
6
11
13
19
20
21
22
27
29
31
14
19
21
22
23
24
26
29
31
32
11
17
18
20
28
30
32
43
44
46
13
20
23
24
25
27
28
34
37
38
6
11
17
20
22
24
27
35
37
45
14
20
23
24
37
39
44
56
59
60
4
7
9
12
16
18
33
42
44
47
12
20
23
24
36
38
43
55
58
59
1
6
9
12
14
15
27
38
43
46
4
9
16
19
21
23
27
34
42
47
0
8
15
20
21
22
31
42
44
46
0
3
5
8
9
11
36
46
48
51
3
6
11
14
30
32
36
45
48
52
10
15
17
19
22
23
31
44
46
48
8
14
17
18
20
22
28
39
42
43
0
19
22
23
26
28
29
39
42
43
2
6
7
10
12
14
18
26
34
38
5
13
16
17
18
20
26
37
40
41
1
6
9
12
14
15
32
41
44
47
14
22
24
25
26
30
34
44
51
52
15
21
24
25
27
29
30
40
43
44
3
8
11
14
16
17
30
40
45
48
0
5
8
14
16
17
18
30
33
36
7
12
15
17
24
25
33
44
47
49
61
