time_cost:3055737ms
ontime_proportion:0.811111
max_delay:27
avg_delay:2.411111
avg_flowtime:28.833333
object function value:1850.000000
0
0
0
0
0
0
0
0
0
0
1
0
0
1
3
4
5
18
24
27
29
0
0
1
2
3
4
16
20
21
22
0
0
0
0
0
0
0
0
2
3
0
0
0
0
0
0
0
0
0
2
0
0
0
0
1
2
11
17
20
23
0
2
5
8
10
12
25
32
35
40
0
0
0
0
0
0
16
22
24
25
0
0
0
0
0
0
0
0
0
3
0
0
0
0
0
0
0
0
0
1
0
0
0
0
0
0
7
11
15
19
0
0
0
0
0
0
0
0
0
0
0
0
0
0
0
0
0
2
5
7
0
0
0
3
5
7
31
35
40
43
0
0
0
0
0
0
17
25
27
28
0
0
0
0
0
0
20
22
24
28
0
0
0
0
0
0
0
2
3
4
0
0
0
0
0
2
17
24
25
26
0
0
0
0
0
0
13
21
24
25
0
0
0
0
0
0
14
20
23
26
0
0
0
0
0
0
0
0
4
6
0
12
16
18
20
21
30
38
41
42
15
21
24
25
26
27
29
36
39
40
0
0
0
2
3
4
19
25
28
32
0
0
0
0
0
0
0
0
3
4
0
1
3
4
6
7
20
27
29
30
0
0
1
4
6
8
25
30
33
36
0
0
0
0
0
0
0
0
0
0
0
0
0
0
0
0
0
0
0
0
0
0
0
0
0
1
26
31
34
38
0
0
0
0
0
0
0
0
0
0
0
0
0
0
0
0
23
27
29
30
0
0
0
0
0
1
23
32
35
37
0
0
0
0
0
0
0
0
0
0
0
0
0
0
0
1
28
40
42
43
0
0
0
0
0
0
0
1
3
8
0
0
0
0
0
0
0
0
0
0
0
0
0
0
1
3
19
25
26
27
0
0
0
0
0
0
0
0
0
0
1
2
5
7
8
9
33
40
43
45
2
7
9
13
15
17
18
24
26
29
9
13
16
18
22
23
37
46
49
51
26
31
34
37
38
39
40
46
49
53
4
8
11
12
13
14
29
35
36
37
27
34
37
40
41
42
43
48
51
54
1
6
9
16
18
20
24
30
32
35
4
11
13
16
18
20
21
29
31
34
22
29
32
33
34
35
36
43
46
47
14
18
22
25
28
29
41
51
54
56
5
10
11
12
13
15
16
21
22
25
22
26
29
32
36
38
41
49
52
55
0
5
11
14
15
16
32
38
41
44
6
10
13
15
17
19
27
33
37
41
13
16
18
19
21
23
24
29
31
34
6
9
12
13
21
23
35
41
43
44
10
15
17
20
22
24
25
30
32
35
5
10
11
15
16
18
19
25
26
27
10
15
18
19
20
21
32
40
43
44
22
26
29
32
34
36
37
43
46
49
9
13
14
16
20
22
31
37
39
41
11
17
19
24
26
28
34
41
43
46
16
20
21
23
24
26
32
39
44
46
8
13
14
15
16
18
22
28
30
31
1
7
8
9
10
12
23
29
30
32
2
5
8
12
25
27
37
43
46
50
10
14
17
20
23
24
34
41
44
47
16
23
25
26
28
29
35
43
45
46
5
8
10
11
12
13
30
35
37
39
0
4
7
10
12
13
31
38
41
45
11
14
15
17
21
22
34
39
40
41
13
18
20
21
24
26
36
44
46
47
8
11
13
23
29
31
38
49
52
53
9
12
14
15
17
18
41
49
51
53
11
16
18
21
23
25
34
42
44
48
18
27
31
33
35
36
38
46
49
52
24
32
35
36
37
38
39
44
47
48
6
9
10
11
12
13
28
34
36
38
4
8
9
11
12
14
19
26
27
29
3
8
12
21
27
29
40
49
51
54
0
19
22
23
24
25
27
35
38
39
12
17
19
23
26
28
36
47
49
52
8
14
15
16
19
21
31
38
39
40
0
4
5
7
8
10
30
36
37
42
13
18
21
24
25
26
28
35
38
41
1
4
7
10
18
20
31
37
40
43
2
6
7
9
13
15
42
51
52
54
8
11
12
13
14
16
28
34
36
37
7
11
12
14
15
17
20
24
25
27
15
22
25
26
27
28
35
45
48
49
4
8
15
18
28
29
38
46
49
52
57
