time_cost:2474791ms
ontime_proportion:0.711111
max_delay:36
avg_delay:5.200000
avg_flowtime:29.855556
object function value:2884.074074
0
0
0
0
0
0
0
0
0
0
1
0
1
8
11
13
16
38
52
55
58
0
0
0
0
0
0
0
0
3
8
0
0
0
0
0
0
0
0
0
0
0
0
0
0
0
0
0
2
4
6
0
0
1
2
3
5
27
35
39
40
1
46
49
52
53
54
56
59
62
65
0
0
0
0
5
7
39
57
60
62
0
0
0
0
0
0
0
0
0
1
0
0
0
0
3
6
33
39
44
48
0
0
0
0
0
0
0
0
3
4
0
0
0
0
0
0
24
32
38
41
0
0
0
0
1
2
33
41
44
47
0
0
0
0
0
2
11
16
20
22
0
0
0
0
0
0
23
28
29
31
0
0
0
0
0
0
0
0
0
0
0
0
0
0
0
1
16
35
38
39
13
22
40
43
45
49
51
55
58
61
0
0
0
0
0
0
0
0
2
4
0
0
0
0
0
2
13
19
22
23
0
0
0
0
0
0
33
43
46
47
0
0
0
0
1
3
9
13
16
18
0
0
0
0
3
4
32
36
42
44
0
0
2
7
9
12
32
40
43
46
0
0
0
0
0
0
1
5
44
47
0
0
0
0
0
0
0
0
0
0
0
4
6
8
9
10
12
16
18
20
0
0
0
1
2
4
20
25
28
29
0
0
1
3
4
6
14
18
23
25
0
0
0
0
6
25
40
61
64
65
0
0
0
0
0
0
0
0
1
4
0
0
0
0
4
6
35
46
49
51
0
1
3
5
6
8
12
17
21
25
0
0
0
0
0
0
8
14
18
22
0
0
0
0
0
0
6
11
15
17
0
0
0
0
0
0
0
0
0
2
0
0
0
0
0
0
0
0
0
1
0
0
0
0
0
0
11
16
22
24
0
0
0
0
2
4
21
25
33
36
0
0
0
0
0
0
0
0
0
1
7
11
14
16
18
20
31
38
40
42
26
34
37
42
44
46
48
59
62
65
1
4
7
10
11
12
36
40
47
50
23
28
31
34
35
36
40
56
59
62
0
3
4
6
7
9
20
24
26
28
29
33
36
38
39
41
43
47
49
52
4
10
14
17
19
20
22
27
30
33
0
6
7
9
11
13
16
23
24
26
24
31
36
38
40
42
43
48
49
51
5
10
12
14
16
18
20
25
30
32
28
37
40
41
42
44
46
51
54
55
7
11
13
15
16
18
20
24
28
30
18
23
27
29
30
32
34
38
41
43
13
18
21
23
27
29
33
38
42
46
3
8
11
14
16
17
19
24
27
30
4
10
13
17
19
21
23
26
29
32
12
18
20
21
22
23
25
31
34
35
4
7
10
13
14
15
17
20
23
26
8
13
17
19
24
26
29
32
34
36
15
22
24
26
28
30
38
49
51
53
0
4
6
7
8
9
11
15
17
18
4
8
10
12
13
15
17
21
23
25
16
19
25
27
28
30
31
34
35
37
11
15
19
21
22
24
26
30
33
35
1
4
5
7
8
10
11
14
17
19
3
7
9
11
12
14
16
20
22
24
19
24
27
29
31
33
35
41
46
48
7
12
16
18
20
22
25
33
35
37
25
30
33
36
38
40
42
49
52
55
10
17
20
23
25
27
29
33
36
39
30
38
41
44
46
47
49
54
57
60
0
4
6
7
8
9
29
35
41
42
4
7
10
19
23
25
27
30
37
40
15
31
34
37
39
40
42
48
51
54
8
15
19
21
25
27
28
33
39
42
20
26
29
31
33
35
36
42
47
49
15
20
25
28
30
31
33
38
43
46
0
3
6
9
10
11
13
16
19
26
4
9
14
16
17
19
24
29
32
34
8
13
18
20
22
24
35
46
47
49
35
43
46
49
51
53
55
58
61
64
2
6
13
15
23
25
37
47
49
51
10
13
16
18
19
21
22
27
28
30
3
10
12
16
26
28
30
35
40
44
7
13
15
17
20
22
24
28
32
34
7
14
18
20
21
23
25
29
31
33
32
40
43
46
47
48
50
53
56
59
4
7
10
14
15
16
18
21
24
27
20
27
30
33
34
35
37
43
46
49
28
36
38
40
42
44
46
51
53
55
67
