time_cost:9113ms
ontime_proportion:0.755556
max_delay:22
avg_delay:2.488889
avg_flowtime:27.900000
object function value:2374.444444
0
0
0
0
1
2
3
29
33
34
35
0
0
0
0
0
0
0
1
3
7
0
0
0
0
0
0
0
0
0
0
0
0
0
0
0
0
21
27
30
31
0
0
0
0
0
0
0
2
4
9
0
0
0
0
0
0
0
0
0
0
0
0
0
0
0
0
0
0
0
1
0
0
0
0
0
0
25
28
29
30
0
0
1
2
4
5
20
24
26
27
0
0
0
1
2
3
38
42
43
44
0
0
0
0
0
0
0
0
2
3
0
0
0
0
0
1
42
47
48
51
0
0
0
0
0
0
0
1
2
3
0
0
0
0
0
0
23
31
33
35
0
0
0
0
0
0
0
0
0
0
0
0
0
0
0
0
0
0
0
2
0
0
0
0
0
0
36
39
41
42
0
0
0
0
0
0
0
0
0
4
0
4
5
6
7
8
14
18
19
23
0
0
2
6
8
10
33
38
40
43
0
0
0
0
0
0
26
29
31
34
7
11
12
13
14
16
24
30
32
33
0
0
0
1
2
4
14
17
19
21
0
0
0
0
0
0
21
26
27
28
0
0
0
0
0
1
27
32
34
37
0
3
4
5
6
8
18
23
24
25
0
1
3
4
6
7
20
24
26
27
0
0
0
0
0
0
0
0
0
0
0
1
2
3
4
5
18
22
23
24
0
3
4
5
6
7
17
22
23
25
0
0
0
0
5
6
35
39
43
44
0
0
0
0
0
0
21
25
28
29
0
0
0
0
0
1
36
41
43
45
0
0
0
0
0
1
38
43
44
47
0
0
0
0
0
0
0
0
0
0
0
0
0
0
3
5
28
31
32
33
0
0
0
0
0
0
0
0
5
8
0
0
1
4
6
8
22
26
29
33
0
0
0
0
0
0
0
0
0
0
0
0
0
0
0
0
0
0
0
0
28
33
34
35
36
38
40
45
46
47
7
12
14
17
18
20
33
38
40
43
26
30
31
32
33
34
36
40
42
43
3
8
9
12
21
22
34
40
41
44
2
8
10
15
27
29
39
44
46
48
17
21
22
23
25
29
39
43
44
48
25
29
31
32
34
35
42
45
47
48
11
19
22
23
25
27
32
36
39
40
14
19
21
23
24
26
33
38
40
42
6
11
13
16
17
19
20
25
27
31
2
9
28
31
32
34
41
46
48
51
5
9
12
13
27
31
38
42
45
46
9
14
17
21
23
24
33
38
39
42
2
6
9
10
12
14
17
21
24
25
0
3
4
6
8
10
25
29
30
31
13
17
20
21
23
25
29
34
37
38
17
20
22
23
25
26
27
30
32
33
18
23
24
25
26
27
29
33
34
35
4
9
11
14
15
17
23
28
30
33
0
4
5
7
10
12
41
45
46
47
9
13
16
18
21
27
38
42
45
46
12
19
21
24
28
32
40
45
47
51
6
9
11
12
16
18
35
38
40
41
33
36
38
39
41
42
43
46
48
49
8
13
15
19
23
25
28
33
35
38
13
18
19
22
23
24
31
37
38
41
0
5
6
7
8
10
30
35
36
37
4
8
9
10
15
18
22
27
28
29
13
17
18
19
28
31
44
48
49
50
9
12
14
15
17
18
38
41
44
45
5
8
9
12
15
17
31
34
35
36
9
13
16
17
19
21
27
31
34
36
11
15
18
19
21
23
25
34
37
40
1
5
8
9
11
13
17
21
24
25
8
13
15
18
19
21
22
27
29
32
1
4
5
6
7
9
15
18
19
20
17
22
23
26
27
28
30
35
36
39
6
11
13
15
17
19
31
36
38
40
15
20
21
22
24
29
35
40
45
46
3
6
8
10
13
15
28
31
35
38
13
17
18
19
21
26
38
42
43
46
2
7
9
12
13
15
17
22
25
28
3
6
8
9
11
12
42
47
49
50
11
15
17
20
27
30
41
46
48
50
12
18
20
23
26
30
36
41
42
45
8
12
13
15
17
19
23
28
29
30
7
11
12
13
14
16
26
30
31
32
11
14
16
18
19
21
22
25
27
29
12
17
18
21
22
23
30
35
36
40
4
9
10
11
12
14
21
26
27
30
52
