time_cost:2067420ms
ontime_proportion:0.833333
max_delay:26
avg_delay:1.688889
avg_flowtime:24.555556
object function value:1485.185185
0
0
0
0
0
0
0
0
0
2
5
0
0
0
1
6
8
19
22
24
26
0
3
4
5
6
8
9
12
13
14
0
0
1
3
4
6
12
15
17
19
0
0
0
0
1
3
12
16
18
20
0
0
0
0
0
0
18
22
23
24
0
0
0
0
0
0
18
23
24
25
0
0
0
0
1
2
15
19
21
22
0
0
0
1
2
3
18
23
24
27
0
0
0
0
3
5
17
22
26
28
0
0
0
0
1
3
21
24
26
28
0
0
0
0
0
0
0
2
4
5
11
14
15
16
17
18
21
25
26
28
0
0
0
0
1
3
21
26
28
29
0
0
2
4
5
7
11
14
16
18
0
0
0
0
0
0
0
0
2
5
0
0
0
0
0
0
20
23
25
26
0
0
0
0
0
0
0
0
0
1
0
0
0
2
3
4
20
25
26
29
0
0
0
0
0
0
0
0
5
8
0
0
0
0
0
0
22
27
28
31
0
0
0
0
0
0
0
0
0
0
0
0
0
0
3
4
22
27
28
31
0
0
0
0
0
0
0
0
0
2
0
0
0
0
0
0
19
22
24
25
0
4
6
8
9
10
11
16
18
20
0
0
0
0
0
6
24
28
31
32
0
0
0
0
0
1
11
15
16
20
0
0
0
0
0
0
0
0
1
4
0
1
2
3
4
6
23
26
27
29
0
0
0
0
0
0
0
0
0
0
0
0
0
0
0
0
0
0
0
2
0
5
6
7
8
10
12
17
18
19
0
0
0
0
0
0
16
21
22
25
0
0
0
0
0
0
0
0
0
0
0
2
4
6
8
10
22
25
27
29
0
0
0
0
0
0
25
29
31
34
0
0
0
0
0
0
0
0
0
0
0
0
0
0
0
0
1
7
22
28
0
1
4
5
7
9
12
18
21
22
18
21
23
24
26
27
28
31
33
34
5
8
9
10
11
13
14
17
18
19
10
14
15
16
18
20
27
31
32
36
14
18
21
22
24
26
29
33
36
37
1
4
5
6
7
9
25
30
31
32
8
12
13
15
17
19
27
32
33
34
24
27
29
31
32
34
35
38
40
42
9
13
14
15
19
21
33
37
38
40
4
8
11
12
18
20
25
29
32
33
23
27
30
31
33
35
37
41
44
46
0
5
6
7
13
17
36
41
42
43
7
13
16
18
21
23
36
40
43
44
23
28
30
33
34
36
37
44
46
49
4
8
9
11
13
15
17
21
22
23
16
19
21
22
24
25
26
30
32
39
22
25
27
29
30
32
39
42
44
46
6
11
12
13
14
21
26
32
33
34
16
20
21
22
23
24
28
32
33
36
8
11
12
13
18
20
25
28
29
30
8
12
13
14
15
16
28
32
33
35
15
19
20
21
22
23
27
31
32
35
2
5
7
8
10
11
12
15
17
18
5
9
10
11
12
15
42
46
47
48
28
32
33
34
36
38
41
46
47
50
29
34
36
38
40
41
42
47
49
51
0
4
6
7
9
11
27
30
32
33
31
34
36
37
39
40
41
44
46
47
1
4
5
6
23
26
30
33
34
35
12
15
17
18
22
23
38
44
46
47
6
13
15
18
21
25
29
34
36
42
4
7
8
9
10
12
13
17
19
20
3
6
10
14
20
26
32
35
37
39
8
12
15
16
20
24
41
46
49
50
31
36
37
38
39
41
44
49
50
51
32
37
38
39
41
43
46
51
52
53
1
4
6
10
13
14
31
34
36
37
31
36
38
40
41
42
43
48
50
52
7
10
12
13
15
16
17
21
23
26
8
12
13
14
16
18
20
24
25
26
7
12
13
16
20
22
31
36
37
41
15
18
19
21
25
27
34
37
39
40
3
6
8
10
11
13
14
17
19
21
5
8
10
11
13
14
15
18
20
21
3
8
9
10
11
13
15
20
21
22
34
39
40
43
44
45
47
52
53
56
3
9
12
13
24
27
32
36
40
43
0
9
11
14
16
17
33
37
39
41
2
7
9
13
14
15
45
50
52
54
40
43
44
45
46
48
49
52
54
55
4
9
11
19
25
28
45
50
52
55
57
