time_cost:3433524ms
ontime_proportion:0.711111
max_delay:29
avg_delay:4.633333
avg_flowtime:27.722222
object function value:2812.962963
0
0
0
0
0
0
0
0
0
0
6
0
0
0
0
0
1
27
35
38
41
0
0
0
3
5
6
25
31
34
37
0
0
0
0
0
0
0
0
0
1
0
0
0
0
0
0
43
51
54
57
0
0
0
0
0
0
0
0
0
1
0
0
0
0
0
0
0
0
2
3
0
0
0
0
0
0
0
0
0
0
0
0
0
1
3
5
23
28
30
33
0
0
0
0
0
0
0
0
0
0
0
0
0
0
0
1
30
36
38
44
0
0
0
0
0
0
13
20
23
24
0
0
0
0
0
0
19
26
30
33
0
0
0
0
0
2
26
33
38
43
0
0
0
0
0
0
4
8
10
15
0
0
0
0
0
1
27
33
37
39
0
0
0
0
0
0
0
0
1
4
0
0
0
0
0
0
0
0
3
5
0
0
0
0
1
2
23
31
33
34
0
0
0
0
0
0
6
12
16
18
0
0
0
0
0
0
0
0
0
0
0
0
1
3
4
5
42
47
49
50
0
0
0
0
0
0
0
0
0
0
0
0
0
0
0
0
10
14
16
20
0
2
4
6
7
8
22
34
36
39
0
2
4
5
6
7
21
26
28
29
0
0
0
0
0
0
0
0
0
0
0
0
0
0
0
0
0
0
0
0
0
0
0
0
0
0
3
5
7
13
0
0
0
1
3
5
17
21
22
26
0
3
5
6
7
8
10
14
17
18
0
0
0
0
0
0
0
0
2
6
0
15
18
19
21
25
32
38
41
42
0
0
0
0
0
0
0
0
1
8
0
3
5
6
7
10
39
46
48
49
0
0
0
0
0
0
0
0
0
0
0
0
0
0
0
0
42
48
51
52
0
0
0
3
5
9
29
35
44
47
0
0
0
0
0
0
0
0
0
0
0
0
0
0
1
3
39
45
47
50
19
25
27
28
29
30
36
44
47
48
9
15
18
21
23
24
30
42
45
48
1
4
6
9
11
13
14
17
19
22
8
27
30
31
32
34
43
54
57
58
5
11
13
14
18
20
29
38
40
42
4
8
13
16
17
19
26
32
33
36
2
11
13
17
19
21
32
42
44
45
30
37
40
41
42
44
45
50
53
54
8
13
16
19
21
23
35
45
49
52
17
21
24
25
26
28
29
34
37
40
4
8
9
11
12
14
15
19
20
22
34
41
44
45
46
48
49
54
57
58
13
23
25
26
27
29
31
36
38
39
25
30
32
35
36
38
40
43
45
48
33
39
41
42
43
44
46
49
51
53
21
26
28
31
32
34
36
43
45
48
4
9
11
13
14
15
16
21
23
26
7
12
14
15
17
19
21
29
31
32
13
18
20
22
23
24
25
31
33
36
6
10
13
14
20
22
33
45
48
49
3
8
11
12
15
17
18
33
36
37
22
29
31
32
33
34
36
40
42
43
22
31
33
35
36
37
38
43
45
47
13
18
20
21
22
23
26
32
34
35
6
10
11
13
15
17
18
25
26
28
11
16
18
19
23
25
33
41
43
44
13
17
18
20
24
26
40
48
49
51
0
4
5
7
8
10
21
27
28
30
33
40
43
44
45
47
48
54
57
58
16
24
26
27
28
31
39
49
51
52
9
14
15
18
20
22
28
34
35
38
5
9
12
13
15
17
18
22
25
26
7
13
15
17
19
20
30
38
40
44
28
36
39
42
44
45
46
51
54
57
12
24
27
30
32
33
34
39
42
45
0
4
7
8
9
11
36
45
48
49
9
13
14
17
19
21
24
30
42
45
1
6
9
12
14
15
16
21
24
31
2
11
13
14
17
18
26
30
32
35
12
18
21
24
26
27
28
36
43
46
21
28
31
34
36
37
38
51
54
57
26
33
35
38
39
41
43
46
48
51
10
24
27
28
29
31
37
48
51
52
5
9
12
13
14
16
17
21
24
25
3
6
8
11
13
15
16
19
21
24
21
27
29
30
31
33
35
40
42
43
13
28
30
33
34
36
38
44
46
49
1
5
8
9
10
12
13
17
20
22
1
6
9
14
16
17
18
23
26
32
8
13
15
16
17
19
23
34
36
39
59
