time_cost:9660ms
ontime_proportion:0.588889
max_delay:31
avg_delay:5.444444
avg_flowtime:34.000000
object function value:4244.444444
0
0
3
5
7
9
10
30
34
36
38
0
0
0
0
0
0
15
20
24
27
0
0
0
0
0
0
0
0
0
0
0
0
0
0
0
0
0
0
4
7
0
0
0
0
0
0
0
0
0
0
0
0
2
4
5
7
27
38
40
42
0
0
0
0
1
3
19
22
37
40
0
0
0
0
1
2
32
41
43
45
0
0
0
0
0
0
0
0
0
1
0
0
0
0
0
2
29
32
36
38
0
0
2
4
6
8
22
30
32
34
0
0
0
0
0
1
29
36
37
39
0
3
5
7
8
9
25
29
38
40
0
3
6
9
11
12
16
21
30
33
0
0
0
0
0
0
32
36
38
40
0
11
14
15
18
20
32
40
43
44
0
0
0
0
0
4
35
42
44
46
0
0
0
0
0
0
0
0
1
3
0
0
0
0
0
0
0
0
0
0
0
0
0
0
0
0
19
27
33
36
0
0
0
0
0
0
0
0
0
0
0
1
2
5
7
9
20
25
26
28
0
0
0
0
0
0
0
0
0
1
0
0
0
0
0
0
0
0
0
0
0
0
0
0
0
0
0
0
3
6
0
0
0
0
0
0
0
0
2
8
0
0
0
0
0
0
0
0
2
3
0
0
0
1
2
4
31
39
42
43
0
2
4
6
8
10
22
30
32
36
0
0
0
0
0
0
36
44
46
47
0
0
0
0
2
6
33
45
47
49
0
2
5
8
9
10
24
34
40
43
0
0
0
0
0
0
0
0
0
1
0
0
0
0
0
1
18
23
25
27
0
0
0
0
0
0
32
43
46
47
0
3
6
9
11
13
19
27
30
33
0
1
3
5
7
12
36
43
45
47
0
0
0
0
2
3
33
38
40
42
0
0
0
0
0
0
0
0
0
2
0
0
0
0
1
2
23
32
41
44
13
17
19
21
22
23
31
35
41
43
6
11
15
16
18
20
32
37
40
41
1
6
9
19
21
22
24
29
33
36
16
23
24
26
27
29
30
35
36
38
8
13
14
16
19
21
22
27
28
30
6
10
12
14
15
26
39
47
49
51
15
24
26
27
30
33
41
49
51
52
16
22
23
25
26
28
29
35
36
39
15
23
25
26
33
36
44
51
55
56
7
12
13
18
20
22
23
28
29
31
16
19
22
24
30
32
35
39
42
44
15
23
25
26
31
35
42
49
51
52
1
8
10
13
15
17
24
32
34
38
1
6
8
13
15
17
19
24
26
30
16
19
22
25
32
34
38
41
44
46
6
12
13
15
20
22
27
37
38
40
4
9
19
22
25
26
28
31
41
45
4
9
12
15
17
18
20
25
34
39
17
20
22
24
32
34
37
40
44
46
12
19
21
23
24
29
37
46
50
52
15
21
23
25
26
27
37
46
48
50
19
26
27
29
31
34
40
48
49
52
3
10
13
16
17
18
26
32
52
55
1
6
9
11
12
14
31
36
40
41
1
6
11
15
17
19
25
37
39
41
5
8
15
18
21
23
32
38
52
55
14
18
21
22
26
27
29
33
35
36
17
20
24
26
29
31
34
40
43
45
19
25
27
28
34
37
45
53
55
56
0
5
8
11
13
14
19
26
29
33
6
14
16
23
28
31
40
49
52
54
11
16
17
20
22
24
25
30
31
43
19
25
26
28
32
35
41
48
54
56
5
13
16
21
22
24
37
53
56
57
6
12
16
17
26
28
37
42
47
48
10
16
19
21
35
39
47
56
59
60
11
15
17
19
28
30
36
40
46
48
10
16
19
24
34
38
46
55
58
59
10
17
20
21
22
25
44
53
56
57
6
14
17
18
27
29
36
42
46
47
6
13
17
23
29
32
43
51
57
59
12
17
20
22
31
32
37
41
45
47
2
5
8
11
13
15
22
29
34
45
10
19
22
23
37
41
48
58
61
62
3
8
10
15
17
19
21
26
28
32
9
14
15
19
24
26
27
32
33
35
11
20
23
24
36
40
47
56
59
60
1
8
11
17
19
21
27
36
38
47
8
15
18
20
24
30
43
51
56
58
11
17
18
21
23
25
26
31
32
35
63
