time_cost:1940667ms
ontime_proportion:0.722222
max_delay:31
avg_delay:3.166667
avg_flowtime:30.911111
object function value:2808.148148
0
0
0
2
3
5
6
14
17
20
22
0
0
0
2
3
4
15
21
24
26
0
1
3
4
6
8
15
19
22
23
0
0
0
0
0
0
0
0
1
3
0
0
0
0
0
0
18
23
24
26
0
0
0
0
0
2
17
21
23
25
1
5
6
8
9
11
20
31
32
34
0
0
0
0
1
2
17
23
28
29
0
0
0
0
0
1
17
24
27
28
0
0
1
2
3
5
15
23
24
25
0
0
0
0
0
0
20
24
25
27
0
0
0
0
0
0
15
23
26
28
0
0
0
0
0
1
21
26
32
33
0
0
0
0
0
0
10
16
18
19
0
3
5
6
8
10
22
29
31
34
0
0
0
0
1
3
26
32
33
34
0
0
0
0
0
0
12
17
19
22
0
0
0
0
0
0
0
0
2
4
0
0
0
0
0
0
8
12
15
18
0
0
0
0
0
0
0
0
1
5
0
0
0
1
2
3
19
22
23
26
0
0
0
0
0
0
0
0
0
2
0
0
0
2
4
6
25
29
32
35
0
5
7
10
12
14
19
24
26
30
0
0
0
0
0
0
0
2
4
7
0
0
0
0
0
0
0
1
2
3
0
0
0
0
2
4
24
32
34
37
0
0
2
5
6
7
11
16
19
22
0
7
9
12
14
16
23
29
33
36
0
0
0
0
0
2
24
29
32
34
0
0
3
6
7
8
23
30
33
36
0
3
4
5
6
7
20
28
31
32
0
0
0
0
0
0
0
0
0
0
0
1
4
7
8
9
10
14
17
20
0
0
0
0
4
5
28
35
38
39
0
0
0
0
10
12
27
33
36
39
0
0
0
0
0
0
0
0
0
0
0
0
0
0
0
0
10
15
17
20
0
0
0
0
2
4
27
33
34
36
0
0
0
0
11
13
31
38
40
43
22
28
29
31
32
34
36
40
42
44
15
19
22
24
25
26
28
32
38
40
15
22
23
25
26
28
30
34
36
39
19
27
29
32
35
37
38
43
45
48
5
11
13
14
16
18
29
34
36
37
5
9
18
20
21
22
28
34
37
39
7
16
19
22
24
26
27
31
36
39
24
29
31
32
34
36
37
40
44
45
5
11
12
13
16
18
31
36
39
40
8
13
16
18
19
20
29
35
39
41
5
8
10
11
13
15
16
20
22
24
25
31
32
33
34
35
36
39
43
44
0
4
7
9
12
14
33
41
42
44
0
5
8
9
10
11
12
17
20
21
4
8
11
14
15
16
17
21
24
27
19
24
27
30
31
32
33
37
40
43
25
32
35
36
37
38
39
45
48
49
7
13
16
17
18
19
32
41
44
45
1
5
8
11
14
16
34
44
47
50
7
12
22
24
25
27
37
42
44
46
3
7
10
12
13
14
16
20
23
25
5
10
12
16
19
21
35
47
49
52
30
36
39
42
43
44
45
49
54
57
24
29
30
31
32
34
35
41
43
44
0
4
9
11
12
13
32
38
41
43
9
14
15
16
17
19
33
40
43
45
30
38
41
42
44
45
46
52
56
57
10
15
17
21
22
24
40
49
51
52
8
13
17
19
21
23
43
48
52
54
12
19
33
36
38
40
41
50
52
55
28
36
38
41
43
45
46
51
53
56
7
17
20
24
26
28
33
42
48
54
4
8
14
18
20
22
40
47
50
53
22
26
29
32
34
36
37
40
44
47
5
10
13
16
18
20
32
37
40
46
2
7
8
9
10
11
12
15
16
17
3
13
21
23
26
28
36
43
46
48
5
10
12
15
17
19
20
25
27
30
10
16
18
19
23
25
47
57
58
59
25
30
32
33
36
38
39
42
44
50
4
7
9
10
14
16
44
53
56
58
17
27
30
31
36
38
43
52
55
56
22
27
29
32
34
36
37
43
45
52
14
26
28
29
31
33
47
55
57
58
28
35
36
38
39
41
42
47
48
49
8
12
13
14
16
17
38
44
47
48
40
45
47
48
50
51
52
55
57
58
11
19
25
28
30
32
34
41
43
46
0
12
15
18
19
20
43
54
57
60
0
5
6
7
15
17
47
57
58
60
61
