time_cost:1887023ms
ontime_proportion:0.688889
max_delay:33
avg_delay:4.166667
avg_flowtime:29.388889
object function value:3090.740741
0
0
0
0
0
0
0
1
5
6
8
0
0
0
0
2
4
12
16
19
26
0
0
0
0
0
0
0
0
1
2
0
0
0
0
0
0
0
0
0
1
0
1
3
4
6
8
17
22
24
25
0
0
0
0
0
0
0
0
4
7
0
0
0
0
0
1
16
21
25
29
0
0
0
0
0
0
0
0
0
3
0
0
0
0
0
2
9
13
16
19
0
0
0
0
1
2
28
36
39
40
0
0
0
0
0
0
0
0
0
1
0
0
1
2
4
5
21
25
27
28
0
0
0
0
0
0
0
0
0
5
0
1
2
4
5
7
10
15
16
18
0
0
0
0
0
0
0
0
0
2
0
0
3
6
8
10
25
29
33
43
0
0
0
0
4
7
33
39
41
42
0
0
0
0
1
2
25
32
35
38
0
0
0
1
2
5
29
34
37
39
0
0
0
0
0
0
26
33
36
37
0
0
0
0
0
0
15
26
28
31
0
0
0
0
0
0
12
20
23
25
0
0
0
0
0
0
0
0
0
0
0
4
5
7
8
10
21
27
30
33
0
0
0
0
0
0
0
1
6
8
0
0
0
0
0
1
24
27
29
32
0
0
1
2
3
4
20
25
26
29
0
5
7
12
15
18
29
37
39
42
25
29
32
35
36
37
41
53
56
59
0
0
0
0
0
0
0
0
0
0
0
2
3
4
5
6
20
25
27
28
0
0
0
0
0
0
0
0
0
0
0
0
0
0
0
0
5
10
11
13
0
0
0
0
1
3
20
24
30
32
0
0
0
0
0
0
0
0
0
0
0
0
0
0
0
1
22
28
31
37
0
0
0
0
0
0
0
0
2
5
30
37
39
40
42
43
44
51
53
54
0
0
0
0
4
5
33
41
44
45
0
3
4
5
6
7
9
13
14
15
4
9
12
14
19
20
35
44
47
48
13
19
22
25
28
30
41
54
57
60
30
36
38
39
41
43
44
47
49
51
21
26
29
31
32
33
38
49
52
54
3
8
9
10
11
13
15
20
21
23
8
11
12
13
14
16
22
25
26
27
4
9
10
11
12
14
16
24
25
26
9
12
13
14
16
17
27
33
35
36
19
22
32
35
37
39
40
44
48
54
8
13
16
17
18
19
20
26
29
30
11
16
19
21
22
23
25
31
38
40
0
5
8
9
10
11
27
34
37
38
1
6
7
8
17
19
36
46
49
50
9
12
13
14
15
16
20
24
26
27
10
14
16
17
19
21
39
49
51
52
1
4
7
8
10
12
45
56
60
61
3
6
8
9
11
13
14
18
20
21
16
28
30
33
35
37
40
52
54
57
25
29
32
36
37
38
42
54
57
60
31
39
41
42
44
46
47
50
52
53
23
32
35
36
38
40
45
57
59
60
5
9
10
12
16
18
26
32
37
42
5
10
11
12
13
15
16
21
22
23
13
17
20
23
25
27
28
35
38
41
12
16
19
22
23
24
37
46
49
52
12
19
21
24
26
28
36
44
46
49
28
34
36
37
39
41
42
48
50
51
2
6
9
12
18
20
33
39
42
45
4
8
9
11
12
14
16
20
21
23
34
42
45
46
47
48
49
57
60
62
10
15
18
20
21
22
37
45
48
50
14
25
27
30
32
34
35
45
47
50
10
16
19
20
21
22
24
29
32
33
5
10
13
14
17
18
32
41
44
45
0
3
5
6
10
12
29
35
37
38
12
22
24
27
29
31
32
39
41
45
6
11
14
15
16
17
29
37
40
41
11
14
17
21
23
25
34
41
44
47
0
5
7
10
13
15
23
31
35
39
23
27
29
30
32
34
41
52
54
55
14
19
23
26
27
28
31
40
44
46
1
7
10
13
17
18
33
42
45
48
6
13
15
16
18
19
21
24
28
29
17
21
23
25
26
28
32
41
42
44
0
4
5
7
8
10
24
30
33
35
5
9
12
14
15
16
26
32
35
39
6
10
11
13
14
16
21
26
27
29
18
22
25
28
29
30
34
43
46
49
9
12
15
18
20
22
30
38
41
44
17
23
24
26
27
29
31
38
39
41
63
