time_cost:2369757ms
ontime_proportion:0.755556
max_delay:27
avg_delay:2.700000
avg_flowtime:28.688889
object function value:2400.740741
0
0
1
2
4
5
7
12
16
17
19
0
0
0
0
0
1
12
17
22
23
0
0
0
0
0
0
0
0
0
0
0
0
0
0
0
0
0
2
5
9
0
0
0
0
0
1
13
18
20
23
0
0
0
0
0
0
13
18
20
21
0
0
0
0
0
0
10
15
16
20
0
0
0
0
0
0
0
0
0
0
0
0
0
0
1
2
9
14
17
20
0
0
0
2
3
4
12
15
17
18
0
0
0
0
1
2
17
22
24
26
0
5
7
8
9
11
16
21
23
24
0
1
2
5
7
9
14
19
20
23
0
0
0
0
0
0
0
2
5
7
0
0
0
0
0
0
0
0
0
1
0
0
0
1
2
4
14
18
24
25
0
1
2
5
7
9
14
18
19
27
0
0
0
0
0
0
15
20
21
27
0
0
0
1
2
3
22
25
28
29
0
0
0
0
0
2
15
19
22
23
0
0
0
0
0
0
1
16
23
24
0
0
0
0
0
0
10
13
15
18
0
0
0
0
0
0
0
2
4
6
0
0
0
2
3
5
19
23
25
28
0
0
0
3
5
7
22
25
27
30
0
0
0
0
0
0
0
0
11
16
0
0
0
0
0
0
0
2
18
21
0
0
0
0
5
8
24
28
31
32
0
0
0
0
0
11
28
32
33
36
0
0
0
0
0
0
0
0
0
0
0
0
0
0
1
3
18
22
26
29
0
0
0
0
4
7
23
29
32
34
0
0
0
0
0
0
22
27
31
34
0
0
0
0
0
0
0
0
6
9
0
0
0
0
0
0
21
25
28
30
0
0
0
0
0
0
0
0
1
2
0
0
0
0
0
5
21
24
30
31
0
0
0
0
0
0
0
1
3
8
0
0
0
0
0
0
0
0
0
0
0
0
1
4
6
8
22
27
30
33
11
16
19
20
21
23
24
29
32
35
5
8
10
11
12
13
28
31
34
35
1
7
10
11
12
14
26
31
37
38
14
20
22
23
24
26
28
34
38
39
10
15
17
19
20
21
25
32
34
36
9
12
19
22
23
25
30
33
35
38
3
7
11
14
16
18
25
32
33
38
19
23
25
26
27
28
30
33
36
37
0
3
5
8
9
11
25
28
33
36
6
11
23
26
28
30
32
36
38
41
3
6
8
9
10
11
32
35
39
40
21
26
27
30
32
34
36
40
41
44
2
6
7
10
12
14
18
24
26
35
5
10
12
14
15
16
30
38
40
42
18
23
26
27
28
30
31
37
41
42
25
30
32
34
35
36
37
44
46
48
21
26
29
32
34
35
36
41
44
47
8
11
13
16
18
20
29
35
37
45
5
10
13
16
20
21
35
42
45
48
18
22
25
26
27
29
30
34
38
39
9
14
16
17
18
20
35
43
45
46
0
4
5
7
14
16
28
35
36
38
21
25
26
28
29
31
32
36
37
40
9
14
16
17
19
20
26
33
36
37
10
13
21
24
25
27
32
37
39
42
4
9
11
13
14
15
16
21
23
25
10
14
15
17
18
20
40
46
47
49
7
12
14
16
18
19
29
37
40
42
17
33
36
37
38
40
41
45
48
49
18
21
25
26
27
28
40
45
48
49
0
5
7
8
9
15
40
47
49
50
4
19
29
31
32
33
38
47
49
51
1
4
34
37
39
41
43
49
51
54
33
37
40
41
42
44
45
49
54
55
2
5
8
14
16
18
29
37
39
49
22
27
29
32
33
35
37
40
42
45
19
26
29
30
31
33
34
39
42
43
0
5
8
11
13
17
42
48
51
54
5
8
10
12
14
15
33
39
42
43
25
29
32
33
34
36
37
42
45
46
4
9
11
12
20
22
32
41
43
44
8
13
14
16
20
22
43
51
54
56
6
10
11
13
22
24
36
43
44
46
27
40
43
44
45
47
48
53
56
57
2
7
10
11
12
14
34
42
45
46
24
36
37
40
42
44
46
51
52
55
5
10
13
14
23
25
35
45
48
51
6
30
33
34
35
37
39
44
47
48
12
20
24
25
28
30
38
45
47
48
33
40
42
44
45
46
47
52
55
57
58
