time_cost:1369556ms
ontime_proportion:0.711111
max_delay:37
avg_delay:6.011111
avg_flowtime:32.044444
object function value:2957.037037
0
0
0
2
4
5
6
8
12
15
20
0
2
4
6
7
9
39
50
62
64
0
0
0
0
0
0
29
37
45
47
0
0
0
0
0
2
30
34
43
44
11
14
19
23
25
26
28
33
41
43
0
0
0
0
0
1
7
13
16
19
0
0
0
0
0
0
35
45
51
55
0
0
2
4
6
8
38
49
60
62
0
0
0
1
2
4
30
40
47
49
0
0
0
2
3
4
30
36
46
50
0
0
2
4
5
8
12
21
25
27
0
0
0
1
3
4
40
46
61
65
0
0
0
0
0
0
0
0
0
0
0
0
0
0
0
0
0
0
0
3
0
0
0
0
0
0
0
3
5
7
0
0
0
0
0
0
0
2
4
6
0
0
0
0
0
0
0
2
6
8
0
0
2
4
5
6
12
16
22
24
0
0
0
3
5
6
12
20
22
26
0
0
0
0
1
3
33
40
49
52
0
0
0
0
0
0
0
0
0
3
0
0
0
0
1
3
41
52
64
66
0
2
4
6
7
8
32
38
48
50
0
0
0
0
2
3
4
8
10
14
0
0
0
0
0
1
38
49
59
61
0
0
0
0
0
0
1
4
6
7
0
1
3
4
6
7
9
14
17
18
0
3
4
7
9
10
32
38
46
49
2
4
6
8
9
11
25
31
40
42
0
1
3
6
8
9
15
21
25
28
0
0
0
0
0
0
9
13
17
19
0
35
43
46
48
49
51
54
57
60
0
0
0
0
0
0
0
0
0
0
0
0
0
0
0
0
0
0
0
0
0
0
0
0
0
0
11
15
19
22
0
5
7
9
10
12
13
18
21
23
0
0
0
0
0
1
18
22
28
34
0
0
0
0
0
0
0
0
0
0
0
0
0
0
0
0
15
23
26
34
0
0
0
0
0
0
0
0
0
0
6
11
14
16
18
27
36
45
55
57
1
6
8
10
13
15
16
21
23
25
2
6
9
14
16
17
19
23
27
29
18
23
28
31
33
34
36
39
41
48
23
28
36
39
41
43
44
48
50
53
11
16
23
25
26
28
33
45
53
55
7
14
15
18
20
21
23
28
29
36
10
15
20
22
24
25
27
31
34
40
5
10
11
14
16
17
23
30
34
37
22
28
32
34
35
37
39
43
47
49
21
26
36
38
39
41
43
47
52
54
7
11
15
18
20
22
23
27
29
32
3
7
10
12
14
15
17
21
24
26
5
9
11
15
16
17
24
28
34
36
11
19
36
38
39
44
46
50
52
54
1
12
14
17
19
20
27
33
39
42
27
32
38
40
41
42
44
48
50
52
20
26
28
30
31
32
34
38
41
43
4
7
9
10
12
13
14
17
19
20
4
8
10
13
15
16
18
21
23
26
4
10
13
16
18
19
21
26
33
38
28
34
43
45
46
48
49
53
57
59
19
25
30
32
34
35
37
41
45
47
25
33
37
39
40
41
43
47
54
56
7
11
12
15
17
22
32
44
49
52
21
28
32
34
36
38
40
44
47
53
31
37
48
51
53
54
56
59
61
64
7
14
18
20
21
22
28
32
39
41
20
26
31
33
34
36
38
42
44
46
5
9
12
14
17
19
24
30
39
41
6
11
13
15
16
18
29
36
44
47
10
16
18
21
23
26
28
32
33
36
16
20
25
28
30
31
33
36
38
41
24
29
34
36
37
38
40
44
52
54
29
40
46
48
49
51
52
56
59
61
18
24
31
32
34
35
36
41
46
47
16
23
29
31
32
34
35
39
42
44
12
16
24
26
28
29
31
35
39
41
18
23
26
30
31
33
34
39
41
43
1
5
7
9
10
12
14
18
22
25
0
4
7
10
11
13
14
18
21
24
20
26
32
34
35
36
38
42
44
46
0
7
9
12
14
16
25
30
36
42
7
12
16
19
21
23
32
43
54
57
9
14
18
21
23
24
26
29
31
34
16
24
42
45
47
49
50
54
56
62
3
10
12
16
18
19
21
25
26
29
25
31
36
39
41
42
44
49
50
53
4
9
11
12
14
15
16
19
21
23
1
5
8
10
11
13
14
18
21
23
67
