time_cost:1458389ms
ontime_proportion:0.655556
max_delay:45
avg_delay:5.877778
avg_flowtime:31.933333
object function value:3508.888889
0
0
0
0
2
4
5
15
18
22
25
0
0
1
4
6
7
18
27
29
32
0
0
0
0
0
5
48
53
60
63
0
0
0
0
0
1
3
9
12
14
0
0
0
0
2
3
19
23
26
28
0
1
10
12
19
21
23
29
34
36
0
0
4
9
14
15
27
32
36
39
0
0
0
0
0
0
0
0
0
0
0
0
0
3
4
7
49
55
64
66
0
0
0
0
0
0
0
0
2
4
0
0
0
0
0
0
0
34
40
43
0
0
2
4
5
7
11
15
20
24
0
0
0
0
0
0
29
33
37
38
0
0
0
0
0
0
0
0
0
7
0
0
0
0
0
0
0
0
0
0
0
0
1
4
6
7
10
16
23
26
0
0
0
0
0
0
0
0
0
0
0
2
4
7
9
11
16
23
29
34
0
0
0
0
1
3
20
28
34
37
0
0
0
0
0
0
0
0
4
6
0
0
0
0
0
0
0
0
0
0
0
0
0
2
3
4
9
14
16
19
0
0
0
0
0
0
0
0
0
2
0
0
0
0
0
0
54
58
70
73
0
0
0
0
1
2
42
49
56
57
0
0
0
0
0
0
0
0
1
5
0
0
0
0
0
0
52
58
69
72
0
1
2
5
7
8
10
14
15
18
0
0
0
0
0
1
27
33
38
40
0
0
0
0
2
3
18
21
25
28
0
0
0
0
0
0
0
3
6
8
0
0
0
0
0
0
9
14
16
19
0
0
0
0
0
0
38
43
50
53
0
0
0
0
1
2
17
25
27
29
0
0
0
0
0
4
29
35
42
44
0
0
0
0
0
0
23
30
33
40
6
12
14
16
19
21
22
27
32
34
0
3
5
9
11
13
14
18
20
23
0
0
0
0
0
0
0
3
5
13
0
2
4
6
7
8
44
50
58
60
3
8
9
12
14
15
17
22
23
26
5
10
12
14
15
17
19
23
25
27
27
30
37
40
42
43
45
48
51
54
37
42
48
51
53
54
56
61
68
71
15
19
21
23
24
25
27
31
33
35
36
42
47
50
52
53
55
60
61
64
18
23
26
28
29
31
33
37
39
41
34
42
45
48
50
51
53
57
58
61
31
36
43
45
46
47
55
59
71
73
0
4
6
8
9
11
13
17
19
22
7
12
14
16
23
26
28
36
42
44
7
11
13
16
18
19
28
33
36
39
25
29
32
35
37
38
52
58
66
69
19
24
28
30
32
33
35
39
44
47
2
7
9
11
13
14
15
20
22
25
7
12
14
17
19
22
39
44
52
55
28
34
38
40
41
43
44
48
54
56
12
17
26
29
31
32
34
38
39
42
3
7
10
14
17
19
20
25
32
34
25
30
35
37
39
40
42
46
50
52
4
8
10
12
23
25
27
33
38
40
21
26
29
31
32
34
35
40
42
44
8
14
17
19
21
24
26
31
36
40
8
12
16
18
19
21
23
28
31
33
12
20
23
25
27
28
30
35
40
42
4
8
11
13
15
17
32
37
45
47
30
35
40
42
43
45
46
51
57
59
8
13
17
18
20
21
22
25
28
29
5
9
12
14
15
17
18
22
25
27
6
10
12
15
17
19
45
53
61
64
11
15
18
20
21
24
49
54
64
66
3
7
10
12
14
15
17
21
24
26
3
6
8
9
11
12
13
16
18
20
45
51
59
61
62
64
66
70
72
74
22
27
31
33
34
36
40
45
56
58
2
7
8
11
13
17
23
29
33
36
14
18
20
22
23
26
52
56
66
68
7
11
18
20
21
23
48
54
63
66
0
4
7
9
10
12
13
17
20
22
30
34
40
43
45
47
48
52
55
58
2
10
12
14
17
19
21
25
27
29
14
20
22
24
25
27
32
38
46
48
1
5
8
10
13
15
16
20
23
25
40
44
53
56
58
60
61
65
67
70
21
27
30
32
35
37
51
56
65
67
11
14
28
32
34
35
37
40
42
45
2
5
7
10
12
13
15
18
20
23
5
12
14
19
21
23
24
28
30
33
9
16
18
21
22
23
25
31
36
39
26
32
35
37
38
39
41
45
48
50
75
