time_cost:2716611ms
ontime_proportion:0.777778
max_delay:23
avg_delay:2.188889
avg_flowtime:27.377778
object function value:2134.814815
0
0
0
0
0
0
0
0
0
0
0
0
0
0
0
0
0
14
19
20
21
0
5
6
7
9
11
24
29
30
31
0
2
4
5
7
8
30
33
35
36
0
0
0
0
0
2
13
18
19
21
0
0
0
0
2
4
15
19
22
23
0
0
0
1
2
5
21
24
25
26
0
0
0
0
0
0
18
21
23
24
0
0
0
0
0
0
0
0
2
4
0
0
0
0
0
0
0
4
6
8
0
0
0
0
0
0
19
23
26
27
0
0
0
0
0
0
0
0
0
1
0
0
0
0
0
0
25
30
31
35
0
0
0
0
0
0
0
0
0
0
0
0
0
0
0
0
0
2
3
5
0
0
0
0
0
0
1
5
8
9
0
0
0
0
0
0
3
5
8
12
0
0
0
0
0
4
19
24
25
26
0
0
0
0
0
0
0
0
1
3
0
0
0
0
0
2
21
24
26
29
0
0
0
0
0
0
0
0
1
2
0
0
1
2
3
5
26
31
32
33
0
0
0
0
1
2
16
21
23
25
0
0
2
4
5
6
17
22
26
28
0
0
0
3
4
6
16
23
25
28
0
0
0
0
0
2
24
28
29
30
0
0
1
2
5
7
21
26
27
28
0
2
5
6
8
10
34
38
41
42
0
0
0
0
0
0
0
0
2
4
2
4
5
6
7
9
30
35
36
37
0
0
0
0
0
0
0
0
0
2
0
2
4
6
11
13
30
33
35
37
0
0
0
0
2
3
18
23
24
29
0
0
0
0
0
0
0
0
0
3
0
0
0
1
3
6
27
30
32
34
0
0
0
0
1
3
20
23
24
27
0
0
0
0
0
0
0
0
0
0
0
0
0
0
0
0
0
1
3
5
0
1
2
3
5
7
29
33
34
35
0
0
0
0
0
0
0
0
0
0
9
14
15
16
17
19
21
26
27
28
15
19
20
21
24
26
41
45
46
47
16
19
21
23
24
28
43
46
48
50
0
3
4
5
7
9
32
35
36
37
0
3
4
5
6
8
19
22
23
24
16
21
23
26
27
29
37
42
44
47
6
10
11
12
13
16
35
39
40
41
23
26
28
30
31
33
35
38
40
42
5
10
12
14
15
18
31
36
38
40
3
6
7
8
10
12
38
41
42
43
9
15
17
18
21
22
36
40
41
42
0
4
5
6
10
12
28
32
33
34
6
11
13
15
16
17
31
36
38
40
6
10
11
13
14
18
38
42
43
44
2
7
9
11
12
13
26
31
33
35
7
11
14
15
17
23
30
34
37
38
13
18
20
22
23
24
33
38
42
44
16
20
21
22
24
26
33
37
38
39
13
16
17
18
19
21
33
36
37
38
1
5
6
7
8
9
19
23
24
26
2
6
9
10
12
14
23
27
30
31
14
18
19
20
21
22
26
30
31
32
0
5
7
9
10
11
28
34
36
39
13
17
19
20
26
28
45
50
51
52
9
13
16
17
22
24
36
40
43
45
13
16
18
20
22
24
30
33
35
37
10
13
15
17
18
20
38
41
43
45
21
25
28
29
31
33
39
47
50
51
5
9
11
13
14
15
41
45
46
47
4
9
10
11
12
14
22
27
28
29
23
28
30
33
34
36
40
45
47
50
13
16
18
19
21
23
38
41
42
43
8
13
14
17
18
19
33
38
39
42
4
9
10
13
14
15
25
30
37
40
2
6
7
8
9
10
31
35
36
37
9
14
15
17
22
25
32
37
38
39
5
9
10
11
16
25
38
42
44
45
11
16
18
20
21
22
23
28
30
32
3
8
12
16
17
18
33
38
40
44
5
8
10
12
14
17
28
31
33
35
11
15
16
18
20
27
37
41
42
43
10
13
15
16
19
21
27
30
32
33
7
12
13
15
24
29
38
43
44
45
18
21
23
25
26
28
35
38
40
43
24
28
29
30
32
34
41
45
46
47
12
16
17
18
19
20
28
32
33
34
8
14
17
19
20
21
40
46
48
50
10
16
18
20
25
27
42
48
50
52
22
25
27
28
30
31
45
48
50
51
2
7
11
14
15
17
36
41
43
46
53
