time_cost:1861502ms
ontime_proportion:0.666667
max_delay:34
avg_delay:4.411111
avg_flowtime:32.744444
object function value:3424.814815
0
0
0
0
2
3
5
14
21
23
25
0
0
0
3
5
6
16
22
23
26
0
0
0
0
0
0
0
4
10
16
0
0
0
0
0
0
0
0
1
4
0
0
0
3
4
6
15
21
25
27
0
0
0
0
0
0
0
2
4
7
0
0
0
1
3
4
15
20
22
23
0
0
0
0
0
0
8
13
17
21
0
0
0
0
0
0
0
3
23
26
0
1
4
6
7
9
22
30
34
36
0
0
0
0
0
0
0
0
3
6
0
0
0
0
0
2
25
32
35
37
0
1
4
6
7
8
15
21
23
25
0
0
0
0
1
3
7
11
13
15
0
0
1
3
5
9
21
28
31
33
0
0
0
1
2
7
28
33
39
41
0
0
0
0
1
3
20
28
32
34
0
0
0
0
0
2
18
25
28
30
0
0
0
0
6
15
43
49
59
62
0
0
3
5
6
10
32
37
46
48
1
4
6
8
9
11
18
24
29
31
0
0
0
0
4
5
22
27
31
35
0
0
0
0
0
0
9
14
16
20
0
0
0
0
0
0
0
1
3
21
0
0
0
0
0
0
0
0
1
6
0
0
0
0
0
0
0
0
0
0
0
0
0
0
0
0
0
3
5
7
0
0
0
0
0
0
0
2
17
23
0
0
0
0
0
0
27
34
38
41
0
0
0
0
0
0
0
0
2
4
0
0
0
0
0
0
0
2
6
7
0
0
0
0
0
1
22
27
31
37
0
0
0
0
0
0
0
0
0
0
0
0
0
2
6
7
22
29
34
39
0
0
0
0
0
0
16
20
23
26
0
0
0
0
0
0
16
23
26
28
0
0
0
0
5
12
42
48
57
59
0
0
0
0
0
1
15
20
22
23
0
0
0
0
0
0
0
0
0
0
0
0
1
3
4
8
30
35
41
44
8
12
15
18
20
26
43
48
57
60
18
22
26
28
29
31
32
37
43
45
4
8
15
17
18
19
22
29
33
35
2
5
7
10
12
13
27
33
38
41
4
8
11
13
14
18
39
48
55
57
11
16
18
20
21
22
26
32
37
39
8
11
13
16
18
28
33
40
45
48
30
35
41
43
44
46
48
52
60
62
0
4
6
15
17
18
24
31
34
40
5
10
13
17
19
21
32
40
45
48
2
6
9
11
12
14
29
37
43
45
10
14
16
18
19
20
34
41
48
50
11
15
20
22
25
27
39
44
54
56
2
5
7
8
10
11
18
24
27
28
20
28
30
33
35
36
38
43
50
53
6
13
14
17
19
20
24
32
36
39
3
7
8
17
20
28
45
50
59
62
7
11
13
15
16
17
26
31
36
38
11
16
19
21
23
24
26
33
39
44
11
16
20
22
23
25
34
41
48
51
12
18
20
21
23
24
25
28
30
31
0
12
15
19
20
22
28
36
41
43
19
26
28
31
33
34
36
39
45
48
13
18
23
26
28
29
36
40
48
51
8
14
17
19
22
24
29
34
41
43
5
10
12
13
15
16
19
26
28
29
23
30
34
37
39
40
42
47
51
55
24
31
35
38
40
41
43
46
52
55
10
14
17
19
20
22
27
34
39
41
0
4
6
8
9
11
28
35
41
43
12
19
21
24
26
28
33
40
46
48
3
8
10
12
18
21
35
44
50
52
16
23
25
28
30
31
33
37
38
41
8
12
14
15
17
18
20
26
28
29
15
22
26
29
30
32
37
42
50
52
5
9
11
19
27
30
34
42
48
51
11
17
20
23
25
26
29
36
41
44
19
25
28
30
31
32
34
38
43
45
7
13
18
20
21
23
39
45
55
57
11
16
19
21
26
30
33
41
48
50
3
7
8
11
13
14
30
37
43
46
22
29
31
35
37
38
41
45
56
59
2
6
8
10
11
12
25
32
37
39
3
7
11
13
15
16
18
23
26
28
19
26
29
32
34
35
37
42
45
50
14
18
21
23
24
25
38
43
53
55
15
19
28
33
35
36
38
43
48
51
12
18
21
23
25
26
30
38
44
46
4
8
10
12
13
15
23
30
33
35
6
10
12
14
15
19
31
38
43
46
64
