time_cost:2889198ms
ontime_proportion:0.755556
max_delay:24
avg_delay:3.533333
avg_flowtime:26.655556
object function value:2332.962963
0
0
0
0
0
0
0
29
32
34
35
0
0
0
1
4
6
40
45
47
48
0
6
9
11
12
14
34
48
51
53
0
2
5
7
8
9
16
23
27
29
0
0
0
0
0
0
28
32
35
36
0
0
0
0
0
0
20
25
26
28
0
0
0
0
0
0
39
43
46
47
0
0
0
0
0
0
0
1
4
9
0
0
0
0
0
0
0
2
4
5
0
0
0
0
0
0
0
0
0
0
0
0
0
3
7
10
35
42
44
48
0
0
0
0
0
0
0
0
3
6
0
0
0
0
0
0
0
0
2
3
0
0
0
0
0
0
0
0
1
3
0
1
4
5
6
7
12
19
22
23
0
0
0
0
0
0
0
0
0
0
0
0
0
0
0
0
0
3
6
7
0
0
0
0
1
2
31
38
39
41
0
0
0
0
0
0
5
11
13
16
0
0
0
0
0
0
32
44
45
46
0
0
0
0
2
4
13
17
24
27
0
0
0
0
0
0
0
0
0
1
0
2
3
5
6
8
14
19
21
23
0
0
0
0
0
1
14
19
20
22
0
0
0
0
0
0
0
0
0
0
0
0
0
0
0
0
0
0
0
3
0
0
1
2
3
4
17
20
21
22
0
0
1
2
4
5
36
41
42
43
0
0
0
0
0
0
0
0
0
5
0
1
3
6
22
24
37
44
47
50
0
0
0
0
0
0
0
0
0
0
0
0
0
0
0
1
18
25
26
27
0
0
0
0
1
5
32
37
38
40
0
0
0
0
0
0
0
0
0
0
0
0
0
0
2
4
11
17
20
25
0
0
0
2
3
4
30
39
44
46
0
0
0
0
0
0
0
0
1
8
0
0
0
0
0
1
34
49
52
53
0
0
0
0
0
0
0
0
0
0
0
0
0
0
0
1
10
15
20
21
4
8
11
14
16
17
27
35
38
42
12
20
23
24
25
26
27
35
38
39
31
36
39
40
41
42
43
49
52
53
19
26
29
30
31
32
33
42
46
47
18
22
25
28
29
30
33
38
41
45
7
11
15
18
19
20
35
39
42
46
0
5
6
7
8
10
11
16
19
20
0
3
5
6
8
9
34
38
40
41
12
15
17
18
20
22
24
28
32
33
31
35
38
40
41
42
44
48
51
53
1
13
17
20
22
24
33
46
49
52
11
14
15
16
18
19
32
36
37
38
11
16
19
20
21
22
24
29
33
34
23
26
29
32
34
36
39
44
48
51
1
6
7
9
10
12
16
20
21
23
1
5
6
8
9
11
26
30
32
34
20
23
24
25
26
27
28
31
32
33
21
26
29
31
32
33
35
41
44
46
10
14
15
17
18
20
23
29
30
33
1
6
7
8
10
12
27
32
34
35
26
31
33
36
38
40
41
47
49
52
9
13
14
15
17
18
21
25
26
27
3
8
11
12
14
15
16
21
24
25
9
14
18
20
21
23
27
34
40
42
5
10
13
14
15
16
17
22
25
26
8
15
16
18
19
21
24
30
31
34
4
14
18
21
23
25
36
42
45
53
14
18
21
24
26
28
30
38
41
44
1
4
6
7
9
10
14
17
19
20
23
29
32
35
36
37
38
45
48
51
0
4
7
8
12
13
31
41
43
44
8
13
17
19
20
22
25
34
36
38
3
8
11
12
13
14
15
20
23
24
5
10
11
12
13
15
16
21
23
24
24
31
34
37
39
41
42
45
48
51
8
12
13
15
16
18
25
29
30
32
12
17
20
23
24
25
26
31
34
37
23
26
29
32
34
36
37
40
43
46
3
7
8
10
11
13
30
34
35
38
29
33
36
39
40
41
42
46
50
53
20
25
28
31
32
33
34
38
41
44
5
9
10
12
13
15
17
24
27
29
5
11
14
17
18
19
29
35
38
41
3
8
10
13
15
17
18
23
25
30
2
5
7
8
10
12
13
16
20
22
6
11
14
15
16
17
20
25
28
29
9
14
17
18
19
20
22
33
36
37
16
21
24
26
28
29
38
48
51
52
22
28
31
34
35
36
37
43
46
49
8
11
12
13
15
16
21
24
25
26
55
