time_cost:2754151ms
ontime_proportion:0.677778
max_delay:33
avg_delay:5.311111
avg_flowtime:31.200000
object function value:3262.222222
0
0
0
0
0
0
0
0
0
0
1
0
0
0
0
0
0
42
50
52
54
0
0
0
0
0
0
0
0
0
0
0
0
0
0
0
0
0
0
1
2
0
0
0
0
0
0
0
0
1
5
0
0
0
0
0
0
44
50
54
57
0
0
0
0
0
0
0
0
3
5
0
4
6
7
11
13
44
52
54
55
0
0
0
0
0
0
26
33
36
37
0
0
0
0
0
0
0
0
1
4
0
0
0
0
0
0
0
0
2
3
0
4
7
10
12
13
22
30
33
37
0
0
0
0
5
10
40
44
51
54
0
2
4
5
6
8
14
23
25
28
0
0
0
0
0
0
0
2
4
10
0
0
0
0
0
1
27
32
35
36
0
0
0
0
1
2
30
38
41
44
0
0
0
0
0
0
0
0
0
0
0
0
0
0
0
0
0
0
2
3
8
11
14
15
16
18
19
24
27
28
0
5
7
9
10
11
13
19
29
31
0
0
0
0
0
0
42
47
50
51
0
0
0
0
1
4
33
40
42
43
0
1
4
5
7
9
18
23
26
27
0
0
0
1
2
3
25
33
35
36
0
0
0
1
3
5
10
14
15
18
0
0
0
3
5
7
14
18
20
23
0
0
0
0
0
2
49
58
61
62
0
1
4
5
6
8
19
24
28
29
0
0
0
0
3
6
35
42
44
45
0
0
0
0
0
0
0
0
0
0
0
0
0
0
0
0
33
37
41
44
0
0
0
0
0
2
17
21
28
32
0
0
0
0
0
0
0
0
0
2
0
0
0
0
0
0
13
20
22
23
0
0
0
0
0
0
0
0
0
1
0
0
0
0
0
1
50
58
61
62
0
0
0
0
0
0
0
0
0
0
0
0
0
0
0
0
0
0
0
3
0
0
0
0
14
16
47
55
58
59
3
6
8
9
11
12
18
22
24
25
10
13
16
19
20
22
27
31
36
39
25
29
31
34
35
37
39
42
45
48
9
19
22
27
29
30
47
55
58
61
0
17
22
25
27
28
31
38
42
45
12
17
22
24
25
26
28
34
39
41
22
29
31
32
33
35
37
44
46
47
5
10
13
16
18
19
20
26
31
34
5
9
13
14
17
19
29
38
41
42
3
8
10
11
15
17
21
28
30
31
1
4
6
7
8
9
23
27
30
32
15
19
21
22
26
27
33
38
40
41
4
8
9
11
12
14
18
22
24
26
17
21
23
24
25
26
32
37
39
40
9
13
25
27
28
30
34
41
46
48
8
14
16
18
19
21
25
31
34
36
21
26
27
29
30
32
38
44
47
49
2
7
10
13
15
16
28
35
38
42
0
11
13
16
18
20
31
36
38
42
8
15
20
22
23
24
26
32
34
36
8
16
19
20
23
25
28
39
42
43
12
19
21
25
27
29
46
51
54
57
10
14
18
21
23
25
28
33
36
39
4
9
12
13
14
16
18
24
27
28
12
15
17
20
21
23
31
35
40
43
15
21
27
30
32
33
34
40
44
47
12
31
34
37
39
40
41
46
49
52
1
10
18
21
23
24
33
41
44
47
3
8
10
11
12
14
17
24
26
27
2
6
11
14
18
20
32
42
44
47
25
35
38
39
40
42
46
54
57
58
14
17
19
20
22
23
27
31
33
34
13
18
21
22
24
26
29
36
39
40
11
14
16
19
21
23
25
29
32
35
0
5
7
8
9
11
38
45
47
49
9
12
14
15
16
17
24
27
29
30
13
22
24
25
26
28
30
35
37
38
7
13
16
19
21
22
23
29
32
35
0
3
5
8
9
11
13
16
19
23
4
8
9
12
13
15
28
34
36
38
0
4
7
8
9
12
40
47
50
51
7
12
14
16
17
19
23
29
31
33
16
20
23
26
28
30
34
41
43
47
22
27
29
32
34
36
43
49
51
54
5
15
20
21
24
26
35
52
55
56
6
9
11
18
19
21
49
57
59
62
4
7
9
12
13
15
18
22
25
28
6
10
11
13
16
18
21
27
28
30
18
25
27
29
30
31
35
45
47
49
20
27
30
34
35
37
46
53
56
58
63
