time_cost:3073223ms
ontime_proportion:0.711111
max_delay:26
avg_delay:4.211111
avg_flowtime:31.122222
object function value:2926.296296
0
0
0
0
0
0
2
9
21
24
26
0
0
0
0
0
0
0
0
0
0
0
0
0
0
0
0
0
0
3
5
0
0
0
0
0
0
16
26
30
32
0
0
0
0
0
0
0
0
2
4
0
0
0
0
1
3
27
32
38
40
0
0
0
0
2
3
5
8
11
15
0
0
1
2
4
5
34
38
48
49
0
0
0
0
2
5
34
42
45
49
0
0
0
0
1
2
6
11
14
17
0
0
0
0
1
2
13
19
21
25
0
0
0
3
5
6
32
37
45
49
0
0
0
0
0
0
0
0
0
0
0
0
0
0
0
0
0
0
1
3
0
0
0
0
0
3
22
32
34
38
0
0
0
0
2
3
5
9
12
17
0
0
0
0
0
0
37
40
50
53
0
0
0
0
0
0
8
13
16
21
0
0
0
0
0
0
0
0
0
3
0
4
6
8
10
13
37
44
47
49
14
19
21
23
24
26
28
32
35
37
0
2
5
7
8
10
11
15
18
20
0
0
0
0
0
0
0
0
0
0
0
0
0
0
0
0
0
0
0
2
0
0
2
4
5
7
23
27
36
40
0
0
0
0
0
0
12
18
24
27
0
2
4
6
7
11
18
25
28
30
0
0
0
0
0
0
36
43
48
50
0
2
5
7
9
10
12
16
19
21
0
0
2
9
11
12
33
40
44
45
0
0
0
0
0
5
31
37
44
47
0
0
0
0
0
0
2
17
19
23
0
0
1
4
6
7
29
34
39
42
0
0
0
0
0
0
1
7
11
13
0
0
0
0
0
0
0
0
0
5
0
3
6
8
9
11
12
16
19
23
0
0
0
0
0
0
40
43
53
55
0
0
0
0
0
0
0
0
0
1
0
0
0
0
0
1
20
25
34
36
0
0
0
0
0
0
0
0
0
0
5
9
10
13
15
16
18
22
23
26
28
33
40
43
45
47
48
52
54
57
19
24
27
31
33
34
36
39
41
44
8
12
15
17
18
19
21
25
29
32
6
12
14
20
21
23
37
42
55
57
9
15
16
19
21
22
24
31
32
35
8
13
15
16
18
19
22
27
30
33
13
20
21
24
26
28
33
41
44
47
16
21
26
29
31
32
34
37
39
42
14
20
23
25
26
28
30
38
43
47
11
17
18
21
23
24
33
38
47
50
19
23
27
30
34
36
37
41
53
56
15
21
31
34
36
37
39
44
46
49
10
19
20
23
25
26
28
33
36
41
2
6
9
11
13
15
17
21
26
28
9
14
17
19
21
22
24
29
34
38
0
3
5
6
8
9
31
35
38
39
5
9
11
14
16
18
19
23
25
28
6
11
13
15
16
18
28
33
42
46
15
24
26
28
29
30
32
36
38
40
23
28
31
37
39
40
42
47
58
61
3
10
15
17
18
20
29
35
44
46
7
13
15
18
20
22
23
29
31
35
3
10
13
15
16
18
33
41
45
47
0
3
5
8
10
11
13
16
18
26
11
18
20
21
23
24
25
29
42
43
22
25
33
36
38
39
41
45
57
60
6
12
15
17
19
20
29
38
42
44
20
24
28
31
33
34
36
40
41
45
21
28
29
32
34
35
38
46
49
55
25
34
37
39
41
42
44
48
52
54
3
6
8
11
13
14
16
19
21
24
19
23
30
32
33
34
37
41
51
53
27
32
38
41
43
44
46
50
51
54
29
35
43
45
46
48
50
54
56
58
18
29
32
36
37
39
40
46
50
52
10
14
17
18
20
21
24
27
32
47
25
30
36
38
39
41
42
46
49
51
15
22
25
27
28
30
32
36
39
41
11
18
24
26
27
29
33
39
49
51
2
5
10
15
22
32
38
44
49
52
20
26
28
29
31
32
39
46
52
53
6
10
13
15
16
17
40
44
57
59
9
15
17
18
20
21
26
34
37
38
25
29
36
39
40
42
43
47
59
61
1
6
7
10
12
13
15
20
21
24
4
8
10
12
13
15
17
21
23
27
1
5
8
13
15
16
22
31
34
36
1
6
8
12
13
15
27
37
40
42
2
7
9
11
18
23
36
42
47
49
63
