time_cost:2947100ms
ontime_proportion:0.777778
max_delay:24
avg_delay:3.233333
avg_flowtime:27.566667
object function value:2141.111111
0
0
0
0
0
0
0
0
0
0
2
0
0
0
0
0
1
30
34
35
37
0
0
0
1
5
7
43
46
49
51
0
0
0
0
0
0
0
0
1
2
0
0
0
2
3
5
12
15
17
19
0
0
0
0
3
4
27
31
32
33
0
0
0
1
5
7
43
47
51
52
0
9
14
17
20
22
34
39
41
45
0
0
1
2
4
6
40
45
47
48
0
0
1
2
4
5
34
37
39
41
0
0
0
0
0
0
16
19
21
22
0
0
0
0
1
3
8
14
16
17
0
4
5
6
7
9
18
23
24
25
0
4
6
10
11
13
14
19
21
24
0
0
0
0
0
0
0
0
0
0
0
0
0
0
0
0
19
22
24
28
0
4
5
6
8
10
12
16
19
20
0
0
0
0
0
0
20
23
25
27
0
0
0
0
0
0
5
15
17
19
0
0
0
0
0
0
0
0
1
4
0
0
0
0
0
0
0
0
0
0
0
0
0
0
9
11
41
46
48
49
0
0
0
0
0
0
0
0
0
1
0
0
0
0
1
2
3
9
11
13
0
0
0
0
0
1
10
13
15
17
0
0
0
1
2
3
18
23
31
37
0
0
0
0
0
0
4
7
11
14
0
0
0
1
2
3
13
20
24
26
0
0
0
0
0
0
0
0
2
3
0
0
0
0
6
8
35
39
40
42
0
0
0
0
0
0
27
31
34
35
0
0
0
0
0
0
0
0
1
2
0
0
0
0
0
0
40
45
47
50
0
0
0
0
5
7
35
41
43
46
0
0
0
0
0
0
0
0
0
0
0
0
0
0
1
3
32
35
39
41
0
0
0
0
1
2
13
18
22
26
0
0
0
1
3
4
31
36
38
40
0
0
0
0
3
5
36
40
43
44
0
0
0
0
0
0
1
4
6
8
4
13
16
18
19
20
29
34
37
40
4
8
10
12
14
15
32
39
41
43
0
5
7
9
10
11
12
17
19
21
8
11
13
15
16
18
19
22
24
26
8
15
18
21
22
23
35
42
43
46
0
3
5
7
8
10
24
28
30
32
25
29
30
31
33
35
37
41
42
43
0
5
10
13
14
15
22
27
28
31
13
17
20
21
23
25
45
49
50
51
4
7
9
11
12
14
15
18
20
23
6
10
13
14
16
18
20
26
29
30
2
7
9
11
12
13
14
19
21
23
17
21
23
24
26
27
42
45
48
49
27
32
33
34
35
37
40
45
49
50
23
27
28
29
30
32
34
38
39
41
9
14
15
18
19
20
22
27
28
34
32
35
36
37
38
40
41
44
46
47
27
32
33
34
35
37
39
44
46
47
12
17
18
20
21
23
27
32
33
34
16
20
23
24
26
28
31
35
38
39
7
12
14
16
17
19
31
36
38
40
5
10
12
14
15
16
17
23
27
29
22
25
27
29
30
32
44
48
50
52
24
29
31
34
35
37
38
43
45
48
3
6
8
11
14
15
38
42
44
45
21
24
26
28
29
31
32
37
39
43
22
26
29
30
32
34
36
40
43
46
10
13
14
15
16
18
23
26
27
29
24
29
30
33
34
35
38
43
44
47
18
21
23
25
26
28
29
32
34
37
1
6
8
11
12
14
15
20
24
28
23
27
30
31
33
35
40
45
48
49
10
16
21
23
24
25
35
40
47
49
0
5
7
9
10
11
29
34
36
38
25
30
31
35
37
39
44
48
49
51
29
32
34
35
37
38
40
43
45
46
12
15
17
19
20
22
38
43
45
47
20
25
26
27
28
30
32
37
38
39
13
16
19
21
22
24
36
40
42
44
9
14
16
19
20
22
25
30
34
38
18
22
23
24
28
30
32
36
37
41
6
9
11
13
24
26
41
44
47
49
7
12
14
17
18
20
26
33
35
39
7
10
12
14
22
24
39
42
46
48
5
8
9
10
13
15
17
21
26
27
7
12
14
16
18
19
20
25
27
29
0
5
7
10
13
14
35
38
40
41
7
12
13
14
15
17
19
25
26
28
15
18
20
22
23
25
26
29
31
33
4
7
9
11
18
20
29
33
35
38
54
