time_cost:5686ms
ontime_proportion:0.577778
max_delay:37
avg_delay:4.422222
avg_flowtime:32.566667
object function value:4307.777778
0
0
0
0
0
0
1
14
19
21
25
0
2
3
4
7
9
22
25
26
27
2
4
6
8
9
11
13
16
19
21
0
0
1
2
4
6
30
34
35
36
0
0
0
0
0
0
0
0
2
3
0
0
0
0
0
0
0
1
4
7
0
0
0
0
0
0
0
0
0
0
0
0
0
0
0
0
34
40
43
46
0
0
1
4
5
7
27
32
34
37
0
0
0
0
0
2
21
26
27
28
0
3
4
6
8
10
24
27
28
29
0
0
0
2
7
9
34
37
38
39
0
0
0
4
10
11
25
30
32
34
0
0
0
0
0
0
34
42
45
48
0
3
6
10
12
14
16
23
26
31
0
2
3
5
7
8
22
26
28
29
0
0
0
0
2
4
31
35
36
37
0
0
0
0
0
0
0
0
0
1
0
0
0
0
0
1
14
18
19
20
0
0
0
0
0
0
0
0
0
0
0
0
0
0
0
0
0
0
0
2
0
0
0
0
0
0
0
0
0
2
0
0
0
2
3
5
13
18
20
23
0
0
0
0
0
0
29
31
33
34
0
0
2
4
5
7
13
16
18
20
0
0
0
0
0
0
0
0
0
0
0
0
0
0
0
1
27
30
32
33
0
0
0
0
0
0
0
2
5
6
0
0
0
0
0
0
0
0
0
0
0
0
0
0
0
1
39
44
45
48
0
0
2
3
5
7
10
17
20
26
0
0
0
0
2
4
26
30
33
34
0
0
0
0
0
0
9
11
12
13
0
0
0
0
0
0
24
29
31
34
0
0
0
0
1
4
26
31
33
35
0
0
0
0
1
3
25
28
30
32
0
0
2
5
6
8
24
42
48
51
0
1
3
5
8
10
41
44
46
48
0
0
0
0
0
0
18
21
23
25
0
0
0
0
0
0
0
0
0
0
13
16
17
19
20
22
23
26
27
28
10
13
16
17
24
25
30
33
35
40
9
14
17
19
20
21
43
48
50
52
5
9
10
12
14
16
18
22
23
26
9
14
16
18
19
20
42
47
49
51
13
18
20
22
23
24
44
49
52
54
18
23
24
25
26
28
36
41
42
43
3
6
8
10
11
13
20
23
27
30
17
20
22
23
25
26
27
33
35
36
22
26
27
28
29
30
39
43
44
45
0
5
7
10
12
14
43
48
51
54
10
15
18
20
21
22
48
53
55
57
8
13
15
18
19
21
48
53
54
57
9
13
15
16
22
24
30
34
35
36
5
11
12
16
17
19
44
50
51
55
2
7
9
12
13
15
16
21
23
26
6
10
11
12
16
18
21
25
26
29
12
17
19
21
22
23
47
52
54
56
2
7
9
12
16
18
41
46
57
60
5
11
13
16
20
23
49
54
56
59
15
19
20
21
23
25
32
36
37
38
14
19
21
23
31
34
51
56
60
62
10
16
18
20
22
36
54
59
63
65
24
27
28
29
30
32
38
41
42
43
4
9
11
14
24
27
54
59
62
65
23
27
28
29
30
32
39
43
44
45
18
23
24
25
26
30
37
42
43
44
3
8
15
18
20
21
27
32
34
37
4
8
11
12
14
16
30
34
37
38
15
21
26
28
32
35
53
56
59
61
1
6
8
9
11
12
33
36
38
39
0
5
6
14
18
24
49
54
57
60
5
10
12
15
16
18
19
27
29
32
20
24
25
27
35
38
57
61
65
66
14
20
22
24
32
35
53
58
61
63
0
4
7
8
10
12
30
37
40
41
4
9
11
13
15
16
17
23
29
31
8
13
14
15
18
20
25
30
31
32
5
9
12
13
15
17
29
38
41
42
23
27
28
29
34
37
56
60
63
64
19
24
25
26
28
33
46
51
54
55
19
24
25
26
33
36
56
61
64
65
2
7
9
11
13
14
35
38
40
44
10
14
18
19
25
27
32
35
38
41
10
14
18
19
21
23
28
32
33
34
19
22
24
25
28
29
36
40
42
43
7
11
16
18
22
26
31
34
36
40
7
12
14
17
18
27
52
57
60
63
0
5
7
10
18
20
26
35
37
41
0
6
13
18
24
26
31
36
37
40
67
