time_cost:2974041ms
ontime_proportion:0.700000
max_delay:28
avg_delay:3.511111
avg_flowtime:32.266667
object function value:3075.555556
0
0
0
2
4
5
7
16
22
25
28
0
0
0
0
0
0
5
10
13
21
0
0
0
0
0
0
0
0
1
3
0
0
0
0
0
0
0
2
4
6
0
0
0
0
2
5
29
35
39
42
0
0
0
0
0
0
0
2
3
8
0
3
6
8
9
11
25
32
37
39
0
0
0
0
0
0
9
15
19
21
0
0
1
2
4
5
15
20
23
24
0
0
0
0
0
0
9
13
16
18
0
0
0
0
0
0
0
0
2
6
0
0
0
0
0
0
0
2
20
23
0
0
0
0
0
2
12
17
21
24
0
0
0
0
0
0
0
0
3
6
0
0
0
0
1
2
14
19
23
26
0
0
0
0
0
0
0
0
3
6
0
0
0
1
3
5
25
33
35
38
0
0
0
1
3
4
18
22
26
28
0
0
0
3
8
10
31
37
42
46
0
0
0
0
0
1
13
22
24
26
0
0
0
0
0
0
18
24
27
29
0
0
0
0
0
0
0
0
0
0
0
0
0
0
0
0
16
21
35
37
0
0
0
0
1
3
27
34
37
45
0
0
0
0
2
3
17
23
27
29
0
0
0
0
0
0
0
0
2
4
0
0
0
1
3
4
23
27
32
34
0
0
0
0
0
0
0
0
0
1
0
0
0
0
4
6
20
25
29
33
0
0
0
0
6
8
21
27
31
34
0
0
0
0
0
0
0
0
0
0
0
0
0
8
10
11
32
37
43
48
0
4
6
8
9
15
28
35
39
41
0
0
0
0
8
9
23
29
34
36
0
0
0
0
0
0
0
0
0
3
0
0
0
0
0
2
24
30
34
36
0
0
0
3
5
7
14
19
24
27
0
0
0
5
7
8
24
29
34
37
0
0
0
0
0
0
28
33
36
41
0
0
0
0
0
0
0
1
4
5
4
9
10
17
19
20
30
38
42
45
17
21
28
31
33
34
36
39
45
48
2
7
8
11
13
14
16
21
22
25
21
29
33
35
37
38
43
50
57
59
0
4
6
9
11
13
28
34
38
41
2
7
10
13
15
16
27
34
40
47
1
5
7
10
11
12
25
32
36
38
12
18
22
24
26
27
33
38
46
48
15
21
24
27
29
30
32
40
44
47
5
10
12
15
17
18
33
39
45
48
11
16
19
21
22
23
29
37
41
43
7
12
15
17
19
20
22
26
30
34
1
5
7
13
27
29
41
49
56
59
10
15
17
19
20
22
29
36
41
43
21
26
29
32
34
35
37
41
48
51
21
27
30
39
41
42
44
48
54
57
2
7
9
13
18
27
40
49
53
56
1
8
10
12
13
14
27
33
38
40
24
29
31
34
36
37
39
43
49
53
17
22
26
28
29
31
35
41
46
49
1
4
6
7
9
10
14
19
21
26
6
12
16
19
21
22
25
32
36
43
4
10
13
15
18
19
38
44
51
53
4
8
10
12
13
14
16
20
22
24
9
13
17
19
21
24
31
37
43
45
8
13
15
19
20
21
28
35
39
41
19
25
32
34
35
37
39
43
45
47
8
12
15
19
23
26
35
42
51
53
17
24
27
30
32
33
45
50
56
59
8
14
17
19
21
23
37
41
49
51
8
12
14
15
17
18
37
44
48
50
9
15
17
20
25
29
40
46
52
54
21
27
32
34
36
37
39
43
49
51
12
17
19
22
24
25
37
44
48
51
6
11
13
16
18
20
35
45
51
54
10
15
18
20
22
25
32
40
47
49
3
8
11
15
16
18
36
41
47
49
6
10
12
15
17
18
24
30
34
37
24
30
35
37
39
40
42
46
51
53
3
6
8
11
13
14
21
27
31
32
7
10
12
13
15
16
20
24
27
29
2
6
8
10
11
12
17
23
26
28
13
18
23
26
28
29
33
41
48
51
12
17
21
23
24
27
35
45
51
53
5
9
12
14
15
17
31
38
44
47
11
17
19
21
22
24
29
35
40
42
11
17
19
22
24
25
32
37
41
44
20
25
28
30
31
32
34
38
42
44
0
3
5
6
8
9
26
32
34
35
20
25
28
31
33
35
41
47
53
56
61
