time_cost:2450396ms
ontime_proportion:0.700000
max_delay:33
avg_delay:4.277778
avg_flowtime:29.344444
object function value:2978.148148
0
0
0
0
0
1
2
39
46
49
52
0
1
3
6
22
24
42
53
55
58
0
0
0
0
0
1
13
16
17
18
0
0
0
0
0
0
0
0
0
3
0
0
0
0
2
4
28
32
34
37
0
0
0
0
0
0
0
0
2
3
0
0
0
0
0
0
32
38
39
40
0
0
0
0
1
2
24
29
32
34
0
0
0
3
4
5
11
18
21
23
0
0
0
2
4
6
9
14
17
20
0
0
0
0
1
2
24
29
31
32
0
1
2
4
6
7
23
26
27
29
0
0
0
0
0
0
0
0
0
0
0
0
0
0
0
1
16
21
23
24
0
0
0
0
0
0
20
23
24
25
0
0
0
0
0
0
37
44
47
48
4
6
12
16
29
31
44
56
59
62
0
3
5
6
8
9
20
24
27
31
0
0
1
4
5
6
17
20
21
22
0
0
0
0
0
0
0
0
0
1
0
0
1
2
3
5
6
11
12
13
0
0
0
0
0
0
0
0
1
4
0
0
0
0
0
1
9
12
15
17
0
3
8
11
13
15
18
24
26
32
0
0
0
0
0
0
0
2
3
5
0
2
5
8
11
13
17
20
23
26
0
0
0
0
0
0
0
0
0
0
0
0
1
2
4
5
14
18
20
21
0
0
0
0
1
2
13
17
20
22
0
0
0
0
0
0
0
0
0
0
0
0
0
0
0
0
36
41
44
47
0
0
0
0
0
0
28
34
37
39
0
1
2
3
5
7
23
28
29
30
0
0
0
0
0
0
30
34
36
37
0
0
0
0
0
0
0
0
0
2
0
0
0
0
0
1
34
41
43
46
0
0
0
0
2
4
36
42
45
48
0
0
0
0
0
0
0
0
0
1
0
0
3
5
6
7
19
23
26
28
0
0
0
0
0
0
0
55
58
61
23
29
32
33
34
35
36
41
44
45
6
10
11
12
18
19
33
38
39
40
32
37
38
40
41
42
43
48
49
50
4
10
11
13
14
16
20
25
26
28
17
22
23
25
26
28
30
34
39
41
9
13
14
16
17
19
21
25
26
28
0
6
11
14
21
22
34
41
44
46
12
17
18
19
22
24
35
42
43
44
8
14
15
16
18
20
23
29
30
31
24
29
32
35
37
39
40
46
52
57
5
8
9
10
11
12
31
40
41
42
20
26
29
31
32
33
35
39
42
44
3
7
8
10
15
19
24
29
30
32
1
5
8
11
14
15
31
35
38
42
30
35
37
38
40
42
43
46
48
49
10
19
22
23
27
29
31
38
41
42
26
33
37
39
42
44
46
55
56
58
15
18
20
21
23
25
27
36
38
39
10
14
15
17
21
23
28
34
35
39
19
23
24
26
27
29
34
40
41
43
5
10
13
14
15
16
18
26
29
30
30
36
39
41
42
43
45
49
52
54
1
5
8
9
16
18
23
26
28
29
11
14
16
17
19
21
28
34
36
37
2
5
8
11
13
15
17
20
23
27
15
30
33
34
35
36
41
52
55
56
6
9
13
16
18
20
34
39
42
45
9
15
18
19
20
21
25
32
35
36
9
14
17
19
22
23
40
51
54
56
8
13
14
16
19
21
26
33
34
35
5
9
12
14
15
16
25
30
33
35
0
3
6
9
11
13
17
21
24
28
27
32
34
35
37
38
39
49
51
52
0
4
5
7
11
13
23
28
29
31
13
16
19
22
24
26
27
30
33
36
8
12
15
18
28
30
42
54
57
60
0
3
5
8
10
11
32
38
40
41
33
39
41
42
44
46
47
51
53
54
5
8
10
11
21
22
39
49
51
52
1
6
7
8
9
11
12
17
18
19
3
11
14
15
16
17
29
37
40
41
1
5
6
8
9
11
13
17
18
20
2
7
10
12
13
14
20
26
29
32
14
22
25
26
28
30
35
43
46
47
8
13
14
15
20
22
36
45
47
48
13
23
26
27
28
29
30
35
38
39
16
21
22
24
25
27
29
33
35
37
4
9
10
11
12
14
15
20
21
22
7
11
13
14
17
18
21
26
28
29
4
9
11
14
16
18
20
27
29
32
63
