time_cost:2012013ms
ontime_proportion:0.700000
max_delay:42
avg_delay:6.477778
avg_flowtime:33.433333
object function value:3114.444444
0
0
0
0
0
0
0
0
0
1
3
0
0
0
0
0
0
0
0
1
2
0
0
0
0
0
0
0
1
22
25
0
0
1
3
4
5
29
35
38
40
9
14
17
20
22
23
25
30
34
37
0
0
0
0
0
0
17
23
27
29
0
0
1
2
3
4
18
24
26
27
0
0
49
51
53
55
57
60
66
69
0
0
0
1
3
4
28
35
38
42
0
0
0
0
1
3
45
52
58
60
0
0
0
0
0
0
0
0
0
0
0
0
0
0
0
2
10
18
19
22
0
0
0
0
0
0
30
36
43
45
0
0
0
0
0
0
0
0
0
0
0
0
0
0
0
0
0
1
4
5
0
0
0
0
0
0
0
0
0
0
0
0
0
0
2
6
43
52
56
58
0
0
2
4
6
8
23
33
35
41
0
0
0
0
0
0
14
17
21
22
0
0
2
5
7
8
22
28
33
36
0
0
0
0
5
10
48
57
61
63
0
0
0
0
2
5
29
35
41
43
0
0
0
0
0
0
22
26
27
29
0
0
0
0
0
0
0
0
3
6
0
0
0
0
1
3
14
21
23
25
0
0
0
0
0
0
12
19
21
23
0
0
0
0
4
7
47
54
60
63
14
17
20
21
26
28
54
67
70
71
0
0
0
0
0
0
0
0
0
0
0
0
0
0
0
0
0
0
12
15
0
0
0
0
0
0
18
24
26
28
17
21
29
32
33
34
36
39
42
45
0
0
0
0
1
2
49
59
63
66
0
0
0
0
0
0
0
2
3
5
0
1
3
5
7
9
39
50
54
56
0
0
0
0
0
1
17
21
23
24
0
0
0
0
0
1
5
8
12
14
0
0
0
0
0
0
0
1
10
13
0
3
9
12
13
14
16
21
24
27
5
12
15
16
27
30
51
65
69
70
2
7
8
10
12
14
15
20
22
26
16
20
23
28
30
32
34
37
40
43
1
6
43
46
48
50
52
56
59
65
13
18
21
22
23
25
27
35
39
40
5
10
29
32
34
35
46
56
63
66
30
40
43
45
46
48
50
54
59
61
15
21
24
27
28
29
31
34
37
41
25
30
33
35
36
37
39
45
47
49
8
12
15
17
18
20
28
33
37
39
7
12
15
17
21
26
29
35
37
49
5
9
14
15
16
17
19
26
30
31
2
5
6
8
10
12
34
42
47
49
5
10
11
13
17
19
20
28
31
34
30
37
40
43
45
46
49
62
65
68
34
47
51
54
56
57
59
64
67
70
10
16
19
20
21
23
25
30
33
36
6
11
13
15
16
18
20
24
26
28
7
11
13
15
16
18
44
52
57
59
10
18
20
22
23
25
27
31
33
35
9
15
16
18
20
22
40
51
54
56
1
5
7
8
9
10
12
16
20
21
4
9
12
15
17
18
33
42
46
49
9
14
17
20
22
23
29
37
40
45
21
27
32
33
34
36
38
43
46
47
20
27
32
33
37
39
49
62
66
67
1
4
5
7
8
10
11
14
15
17
0
7
10
12
14
16
18
25
28
30
8
14
17
18
19
21
23
28
31
32
14
17
18
20
25
27
43
51
55
58
5
8
12
15
20
24
26
32
35
38
22
27
31
34
36
38
39
44
45
50
0
4
6
8
9
11
14
19
21
23
0
13
16
19
21
22
24
29
32
35
16
23
26
29
31
33
35
38
41
47
37
46
49
52
53
54
56
59
62
65
10
15
17
18
19
20
32
40
45
46
27
32
35
38
39
40
42
45
49
52
45
54
56
58
59
60
62
66
68
70
8
13
14
16
18
20
21
26
27
29
4
7
8
10
11
13
26
31
34
36
4
8
10
12
13
14
35
42
52
54
2
5
8
11
12
15
22
27
31
34
26
32
36
39
41
42
44
49
52
55
4
9
10
12
14
16
17
23
24
26
19
27
29
31
32
34
35
38
39
41
3
6
7
9
10
12
13
17
18
21
0
6
9
10
14
16
37
48
58
59
14
20
21
23
24
26
34
38
40
42
19
26
29
34
36
38
39
44
45
52
1
4
7
10
12
14
18
24
28
31
72
