time_cost:6929ms
ontime_proportion:0.566667
max_delay:29
avg_delay:5.322222
avg_flowtime:32.144444
object function value:4404.814815
0
0
0
0
0
0
0
0
0
0
0
0
0
0
0
0
1
28
37
40
41
0
0
0
3
5
6
18
25
28
31
0
0
0
0
0
0
0
0
0
1
0
0
0
0
0
0
21
28
31
34
0
0
0
0
0
0
0
0
0
1
0
0
0
0
0
0
0
0
2
5
0
0
0
0
0
0
0
0
0
0
0
0
0
1
3
5
21
27
36
39
0
0
0
0
0
0
0
0
0
0
0
0
0
0
0
1
24
34
36
39
0
0
0
0
0
0
35
40
43
44
0
0
0
0
0
0
28
35
38
39
0
0
0
0
0
2
22
26
27
30
0
0
0
0
0
0
33
42
46
49
0
0
0
0
0
1
26
30
31
33
0
0
0
0
0
0
0
0
1
4
0
0
0
0
0
0
0
0
1
3
0
0
0
0
1
2
24
29
31
32
0
0
0
0
0
0
23
29
31
33
0
0
0
0
0
0
0
0
0
0
0
0
1
2
3
4
24
28
30
31
0
0
0
0
0
0
0
0
0
0
0
0
0
0
0
0
21
24
26
32
0
2
4
6
7
8
23
28
30
32
0
2
4
5
6
10
42
51
53
54
0
0
0
0
0
0
0
0
0
0
0
0
0
0
0
0
0
0
0
0
0
0
0
0
0
0
22
26
28
31
0
0
0
1
3
5
22
27
31
34
0
3
5
6
7
8
27
31
33
34
0
0
0
0
0
0
0
0
3
7
13
20
23
24
25
27
32
39
42
43
0
0
0
0
0
0
0
0
2
5
0
3
5
6
7
8
25
31
34
35
0
0
0
0
0
0
0
0
0
0
0
0
0
0
0
0
31
37
40
41
0
0
0
3
5
10
30
35
36
39
0
0
0
0
0
0
0
0
0
0
0
0
0
0
1
3
31
35
44
47
18
21
23
24
25
26
28
31
33
35
3
8
11
15
17
18
19
31
34
38
1
4
6
9
11
13
19
23
25
28
8
13
16
19
20
22
32
40
43
45
6
11
13
14
15
17
27
33
35
36
13
19
21
23
29
31
32
42
43
45
9
15
17
18
19
21
23
30
32
33
9
15
18
19
20
22
27
34
37
38
1
6
9
12
14
15
17
26
32
35
11
20
23
24
25
27
28
36
39
40
14
18
19
21
22
24
28
33
34
37
5
15
18
19
21
23
34
42
45
46
6
11
13
14
17
19
26
33
35
36
6
13
15
18
21
25
36
43
45
48
20
26
28
29
30
31
39
45
47
48
1
4
6
9
10
12
39
46
51
55
9
14
17
19
26
28
37
47
49
51
6
13
15
16
23
25
31
40
42
43
8
13
15
18
24
25
37
47
49
51
15
20
23
24
25
27
31
38
41
42
3
8
11
14
23
25
34
43
46
47
14
18
20
21
22
23
25
28
30
31
10
16
21
23
27
28
39
48
50
52
19
25
27
28
35
36
45
52
54
55
14
20
21
24
31
33
36
44
45
47
11
18
20
21
27
29
40
49
51
52
17
23
24
26
33
35
44
53
54
56
14
19
21
25
33
35
39
47
48
50
15
19
22
23
31
33
42
52
55
57
11
16
18
19
28
30
42
50
52
53
2
6
14
17
19
21
30
36
39
44
15
21
24
25
27
29
32
39
42
43
10
17
19
21
23
24
35
45
49
51
4
9
12
15
17
18
20
36
39
42
1
6
9
12
14
15
18
30
33
37
16
23
26
27
29
32
42
49
52
53
4
8
9
12
14
23
36
43
44
51
1
9
12
16
18
19
26
33
36
40
18
24
26
27
35
37
46
54
56
57
5
10
13
16
18
19
26
32
35
39
0
5
8
17
19
20
34
44
47
53
6
11
18
21
33
35
40
48
50
53
9
16
19
20
27
29
35
43
47
48
16
22
25
26
31
33
46
54
57
58
3
6
8
11
15
17
32
41
43
46
8
14
16
17
29
31
36
46
49
50
6
12
16
19
35
37
40
48
50
53
17
23
26
28
31
33
36
45
48
49
1
6
9
14
16
17
21
37
41
48
13
18
20
22
33
35
45
55
57
58
59
