time_cost:1982196ms
ontime_proportion:0.755556
max_delay:32
avg_delay:4.022222
avg_flowtime:32.100000
object function value:2514.444444
0
0
3
6
8
9
11
37
43
53
55
0
0
0
0
0
0
0
0
0
0
0
0
0
0
0
0
3
9
11
14
0
0
0
1
2
4
9
14
18
20
0
0
0
0
0
0
0
0
2
5
0
0
0
0
0
0
0
2
5
7
0
6
7
10
12
13
21
26
38
41
0
0
0
0
0
0
0
0
4
8
0
0
0
0
0
0
0
2
3
6
0
5
10
12
13
15
27
31
41
44
0
0
0
0
1
3
12
17
22
25
0
0
0
0
0
0
0
0
0
0
0
0
0
0
2
3
43
48
57
60
0
0
0
0
0
2
31
39
46
48
0
0
0
0
0
0
17
22
25
27
0
0
2
3
5
6
12
16
19
26
0
0
0
0
3
5
28
32
40
42
0
0
0
0
0
0
0
0
0
1
0
0
2
5
7
8
21
25
32
38
0
0
0
0
0
0
0
0
0
1
0
0
2
7
9
10
32
36
43
45
0
0
0
0
0
0
0
0
0
0
0
0
0
0
0
0
0
2
4
7
0
0
0
2
3
5
14
20
24
26
0
0
0
0
0
0
0
0
0
2
0
0
0
0
0
1
14
18
21
24
0
0
0
0
0
1
6
11
13
17
0
0
0
0
0
1
13
16
19
20
0
0
0
0
0
0
0
0
0
6
0
0
0
0
0
0
31
35
43
45
0
0
0
0
0
0
0
0
2
4
0
0
0
0
2
3
24
28
35
40
9
13
16
22
24
26
27
32
41
44
0
0
0
0
0
0
0
0
0
0
0
0
0
0
0
0
26
30
36
38
0
0
0
0
1
2
23
30
34
37
0
2
7
9
10
12
17
22
27
29
0
0
0
0
0
0
1
4
6
7
0
0
0
0
0
0
26
32
36
39
0
7
9
11
12
14
24
29
35
37
5
9
12
14
15
18
33
38
48
50
13
18
22
26
28
30
33
41
47
51
17
23
28
30
31
33
34
38
41
43
19
24
26
29
31
32
37
42
49
52
5
11
14
16
18
20
38
43
52
54
5
9
12
14
15
19
33
37
46
48
9
16
20
23
25
26
28
33
35
38
16
20
26
28
30
31
33
37
44
46
21
26
33
36
38
39
41
46
52
57
2
5
7
10
14
15
25
30
37
40
4
8
14
17
22
25
32
38
45
47
7
11
14
16
17
19
20
25
29
31
8
13
14
17
19
20
22
27
32
36
2
6
8
9
11
12
16
20
23
24
0
4
6
9
13
15
34
40
46
49
19
24
27
29
30
34
39
48
55
57
0
6
11
14
16
17
29
34
43
48
25
28
33
36
38
39
41
44
50
55
13
18
23
25
26
27
35
41
48
50
17
23
28
30
31
33
34
39
44
46
12
16
24
26
28
29
31
35
39
42
15
20
26
29
31
32
34
41
46
49
8
13
17
19
22
23
29
35
42
50
20
24
29
32
34
35
40
46
54
57
19
25
29
32
34
35
37
46
52
55
3
7
10
13
15
16
26
31
37
40
7
15
20
24
26
28
44
49
57
60
9
14
19
22
24
28
39
44
52
56
5
9
12
14
16
17
36
43
50
53
11
15
19
22
24
36
40
50
58
61
11
17
20
23
25
26
28
33
38
41
5
12
14
17
19
20
28
34
40
43
21
25
30
33
35
37
39
44
51
54
4
14
17
19
20
22
24
28
33
35
20
26
29
32
34
35
38
46
54
57
9
12
16
19
21
24
29
34
45
54
24
30
36
38
39
41
42
47
50
52
3
7
9
11
12
13
29
33
41
43
10
16
19
21
23
26
37
42
49
51
4
8
9
13
15
16
30
34
43
46
10
14
16
20
22
23
27
32
38
41
16
22
25
27
28
30
35
42
48
50
0
5
8
10
11
13
15
19
23
26
0
3
5
6
8
9
14
18
22
26
13
19
23
25
26
28
36
41
50
52
17
21
25
28
32
34
40
46
55
58
7
10
14
15
17
18
23
28
32
33
4
8
10
11
13
14
17
22
25
34
21
28
31
35
39
41
42
46
55
58
8
12
15
18
20
21
23
27
30
33
63
