time_cost:7649ms
ontime_proportion:0.622222
max_delay:28
avg_delay:4.733333
avg_flowtime:35.822222
object function value:3971.851852
0
0
1
3
6
7
9
36
42
48
51
0
0
0
0
0
0
0
0
1
4
0
0
1
4
6
8
19
23
25
28
0
0
0
1
2
6
32
35
44
47
0
0
2
3
4
6
39
45
48
49
0
0
0
0
0
0
0
0
0
1
0
0
0
0
0
1
30
35
37
38
0
0
0
1
3
5
18
21
23
26
0
0
0
0
0
1
35
40
44
45
0
0
0
2
4
5
21
28
35
38
0
0
0
0
0
0
34
40
45
46
0
0
0
0
0
1
23
26
28
35
0
3
5
6
7
8
29
33
35
36
0
0
0
1
2
4
31
36
38
39
0
0
0
0
0
0
22
34
35
38
0
1
4
6
8
11
37
43
46
47
0
0
2
3
4
5
24
29
31
32
0
0
0
0
0
0
17
22
25
28
0
0
0
0
0
0
0
0
0
2
0
5
7
9
10
11
23
28
30
32
0
0
0
0
0
0
0
0
1
3
0
0
0
0
0
0
0
0
0
0
0
0
0
0
0
0
20
28
30
32
0
0
0
0
0
0
0
0
0
0
0
0
0
0
8
10
36
43
47
49
0
4
6
7
8
10
26
34
36
37
0
0
0
0
0
0
0
0
0
0
0
0
0
0
0
0
23
39
42
43
0
0
0
0
0
1
36
41
47
48
0
0
0
0
0
0
18
26
34
37
0
5
7
9
10
11
22
27
29
31
0
0
0
0
0
0
31
37
39
40
0
0
0
0
1
3
27
32
34
35
0
0
0
0
2
4
22
26
36
39
0
0
0
0
0
0
39
44
47
48
0
0
0
0
0
0
0
0
1
2
0
1
3
4
5
9
27
32
34
35
0
0
0
0
11
13
40
47
50
51
0
0
0
0
1
2
26
33
35
37
0
0
0
0
0
0
0
0
0
0
4
7
9
12
14
16
21
24
37
40
18
21
23
24
25
26
28
32
34
35
8
13
16
17
18
20
26
31
33
34
0
3
5
8
10
12
21
25
35
44
8
13
18
19
28
30
38
44
47
48
13
20
23
24
30
32
42
49
52
53
7
10
12
15
17
19
20
25
27
30
20
24
26
27
28
29
36
42
44
45
7
12
14
16
17
18
22
27
29
31
4
9
12
19
21
22
31
39
42
45
9
14
18
19
21
23
31
36
38
39
6
11
13
15
16
17
24
29
31
34
9
14
17
19
20
21
26
31
33
36
4
9
15
20
22
24
29
33
38
46
6
10
15
21
24
26
31
35
43
46
5
9
10
13
15
17
32
38
39
48
5
9
18
22
26
28
34
37
48
52
8
16
19
20
26
28
40
48
51
52
9
14
17
18
19
21
40
46
49
50
16
20
21
23
24
26
27
31
32
34
0
3
5
6
7
8
23
29
31
33
2
6
7
10
12
14
30
34
41
52
5
11
15
23
25
27
35
38
45
50
19
23
24
26
33
35
48
54
55
57
9
14
16
18
19
20
26
31
33
35
14
18
19
21
22
24
26
31
32
35
0
5
7
10
11
12
25
30
32
34
0
7
9
10
11
13
40
47
49
51
12
17
20
21
28
30
38
46
49
50
10
15
18
19
20
22
33
39
46
47
13
18
24
26
32
33
45
51
53
55
13
18
23
25
31
32
43
50
52
54
15
19
22
23
26
28
32
37
40
41
16
23
26
27
30
32
44
48
51
52
11
16
19
20
27
29
44
51
54
55
10
16
20
22
24
28
39
44
49
51
8
11
18
21
22
24
36
42
50
53
19
24
27
28
29
30
42
46
48
49
2
7
10
19
21
22
31
37
40
43
14
20
23
25
29
31
43
49
52
53
14
19
21
22
31
33
45
52
54
55
1
6
9
12
14
15
17
34
41
52
2
6
7
10
12
14
36
41
43
54
19
23
25
27
35
37
49
55
56
58
6
10
11
14
16
18
36
40
41
44
5
10
14
17
23
25
38
44
45
54
5
8
13
17
19
21
23
26
39
42
14
19
21
22
33
35
45
53
55
56
11
16
21
23
30
31
40
49
51
53
15
21
23
26
35
36
48
54
56
58
59
