time_cost:2402882ms
ontime_proportion:0.677778
max_delay:36
avg_delay:5.222222
avg_flowtime:31.522222
object function value:3272.962963
0
0
2
3
5
7
9
10
15
16
19
0
0
0
0
0
0
1
6
9
10
0
0
0
0
0
0
0
0
0
0
0
0
0
0
0
0
0
0
0
2
0
0
0
0
0
0
6
11
14
17
0
1
4
6
8
10
39
49
53
55
0
0
0
0
0
0
13
20
23
24
0
0
0
0
1
3
13
16
20
25
0
0
0
0
2
4
11
18
20
22
0
0
0
0
0
2
13
18
19
23
16
21
23
25
33
37
49
60
63
65
15
18
21
22
23
25
27
36
39
40
0
0
0
0
3
5
21
25
28
32
0
0
0
2
4
6
21
26
31
33
0
0
0
0
0
0
0
0
2
6
0
0
0
0
0
0
0
0
0
0
0
0
0
1
2
5
35
44
46
48
0
0
0
0
0
0
0
0
0
3
0
0
0
0
0
0
0
3
5
7
0
0
1
2
3
6
32
41
45
46
18
34
36
38
40
42
44
50
52
54
0
0
2
4
6
8
27
33
38
40
0
0
2
5
7
9
22
26
30
33
0
0
0
0
1
7
43
56
58
60
0
0
0
0
4
10
35
48
50
52
0
0
0
0
0
0
0
0
1
3
0
0
0
0
0
0
0
0
0
0
0
0
0
0
0
0
0
0
0
1
0
0
0
0
0
0
0
0
0
0
0
3
4
6
8
10
16
23
25
27
0
0
0
0
0
0
0
0
0
0
0
0
0
1
2
4
28
35
38
39
0
0
0
0
0
0
13
19
22
25
0
0
0
0
0
1
31
39
41
42
0
0
0
0
0
0
0
0
0
2
0
0
0
0
0
1
30
39
42
45
0
0
0
0
1
3
33
42
44
46
0
0
0
0
0
0
0
2
5
8
0
0
0
0
0
0
0
0
1
2
0
0
0
0
0
1
15
19
21
22
9
12
14
16
25
29
39
47
48
50
13
19
22
25
28
30
42
52
55
58
6
9
10
18
19
23
28
33
35
37
18
23
26
29
31
33
40
51
54
57
8
13
17
18
21
24
30
36
40
41
2
5
8
11
18
20
37
44
47
50
31
38
41
44
45
46
48
54
57
60
24
28
31
34
35
36
38
41
44
47
1
6
9
12
14
18
25
33
37
40
5
10
12
14
16
18
20
25
27
29
9
14
16
17
18
20
25
32
41
42
6
9
11
13
15
17
24
29
31
35
6
10
13
15
26
32
42
55
59
61
19
25
29
31
34
38
49
60
61
63
3
8
10
12
14
16
19
26
29
31
4
9
12
14
15
16
18
22
24
25
12
16
18
20
23
28
31
39
42
44
10
16
18
20
22
24
26
31
33
35
17
22
25
28
29
30
42
52
55
58
3
6
13
16
17
18
25
30
34
37
22
30
33
36
38
39
41
49
52
55
1
6
7
9
11
13
14
19
20
22
9
12
13
15
18
20
25
31
33
35
16
21
25
28
30
31
33
38
41
45
7
12
15
17
19
21
23
28
30
32
6
11
15
17
20
21
45
55
58
59
15
23
25
26
27
28
34
44
46
47
5
10
12
13
17
18
27
32
34
35
16
20
23
26
28
30
32
36
39
43
6
11
13
14
15
16
19
24
27
28
10
13
16
19
21
23
28
36
39
42
0
4
9
11
13
28
31
39
42
44
6
10
11
13
24
26
31
37
44
46
0
4
6
8
11
12
24
29
33
35
8
13
15
17
20
22
32
46
47
49
21
26
28
30
31
32
45
58
60
62
4
8
12
15
17
26
29
34
38
41
0
3
4
6
9
11
19
24
28
30
16
19
22
24
25
27
28
31
32
36
0
8
10
16
24
27
37
47
49
52
12
17
19
22
28
35
46
60
62
64
1
7
8
11
13
15
22
28
31
33
0
3
6
9
12
13
22
28
35
38
25
30
35
38
40
42
49
57
61
64
3
6
7
9
10
12
19
24
26
31
9
14
17
19
21
22
28
34
37
39
9
14
17
20
22
26
37
46
50
53
12
16
19
22
23
24
27
33
36
39
3
7
8
10
12
14
22
25
28
30
19
27
30
31
32
34
45
57
60
61
66
