time_cost:2138880ms
ontime_proportion:0.755556
max_delay:26
avg_delay:3.088889
avg_flowtime:26.966667
object function value:2343.333333
0
0
0
0
0
0
0
17
20
21
22
0
0
0
2
3
6
16
21
24
27
0
0
1
3
5
6
11
16
20
24
0
0
2
3
4
5
8
13
16
17
0
0
0
0
0
0
0
2
3
5
0
0
0
0
0
0
0
0
0
0
0
0
0
1
3
4
13
17
19
23
0
0
0
0
2
3
10
13
15
16
0
0
0
0
0
0
0
0
0
1
0
4
7
9
10
11
18
23
26
28
0
0
0
0
0
0
15
19
22
25
0
0
0
0
0
1
13
17
18
19
0
0
1
2
4
5
16
21
22
23
0
0
0
0
1
2
7
12
15
17
0
3
5
8
10
12
24
29
31
34
0
0
0
0
0
0
0
0
2
6
7
10
13
16
17
18
25
29
32
34
0
0
0
0
6
9
20
26
28
30
0
0
0
0
5
8
20
25
26
27
0
0
0
1
2
4
14
19
20
21
0
3
4
5
6
7
23
27
28
29
0
0
0
0
0
0
0
0
0
0
0
0
0
0
0
1
20
26
29
30
0
0
0
0
0
0
25
28
30
31
0
0
0
0
0
0
0
2
5
7
10
13
15
16
18
19
20
23
25
26
0
0
0
0
0
0
0
0
0
1
0
0
0
0
0
1
22
27
29
33
0
0
0
0
0
0
0
1
4
7
0
0
0
1
3
5
7
10
14
15
0
0
0
0
0
0
0
0
1
3
0
0
0
0
0
0
19
24
25
26
0
0
0
0
0
0
0
0
0
0
0
0
0
0
1
2
28
32
35
37
0
0
0
3
5
7
22
25
27
28
0
0
0
0
0
0
21
27
30
33
0
0
0
0
1
4
11
16
17
18
0
0
0
0
0
0
0
0
1
2
0
0
0
0
0
0
21
26
29
32
0
0
0
0
0
0
13
19
21
22
17
22
25
28
29
30
31
35
38
41
18
22
23
24
25
26
27
30
31
32
5
10
13
14
15
16
24
33
36
38
10
13
14
15
16
17
22
25
26
27
13
18
20
23
25
27
29
34
38
41
18
24
27
28
30
31
32
37
40
41
13
17
18
20
21
23
25
32
33
36
1
5
8
11
12
13
32
37
40
43
0
3
6
9
12
14
15
19
22
25
5
10
12
18
20
22
28
39
41
44
18
23
26
28
29
30
32
36
39
43
22
26
29
32
34
36
37
40
43
46
3
6
8
9
11
13
14
17
19
21
23
29
32
33
34
35
36
41
44
45
2
7
8
10
11
13
34
43
44
46
10
14
17
20
22
24
33
39
42
45
24
29
32
35
37
39
40
43
46
49
26
33
34
35
36
38
39
44
46
47
9
15
16
17
19
21
36
43
45
46
0
3
9
12
14
16
29
41
44
47
0
8
10
13
16
18
33
44
46
49
8
11
12
14
15
16
17
20
21
22
24
31
34
37
38
39
40
44
48
51
25
32
35
38
40
42
43
47
50
53
4
8
11
14
16
17
35
42
45
48
6
12
13
14
16
18
37
50
53
54
7
17
19
21
23
24
33
37
39
44
3
8
12
15
17
20
36
45
47
50
10
15
20
23
25
27
33
46
49
52
1
4
5
6
7
8
10
15
16
20
25
31
34
38
39
40
41
45
48
52
19
22
23
25
26
27
36
42
43
46
25
30
33
36
38
40
41
44
47
50
0
5
6
7
8
10
11
16
17
19
28
34
37
40
41
42
43
48
52
55
3
8
9
10
13
15
37
51
54
55
31
36
39
41
42
43
45
49
53
55
5
11
24
27
28
29
39
47
50
53
29
36
37
39
40
44
46
50
51
54
4
7
10
17
19
21
35
47
51
54
3
7
10
12
13
14
16
20
23
25
28
38
41
42
43
44
45
50
54
55
8
14
17
18
19
20
39
51
54
56
32
39
42
43
44
45
46
51
54
56
28
34
36
39
41
43
44
49
51
55
5
10
11
13
14
16
17
22
23
24
2
5
6
7
8
9
34
46
47
48
29
40
43
44
45
46
47
52
55
56
2
7
8
9
10
12
13
18
19
20
29
35
37
38
40
41
42
47
50
51
57
