time_cost:2861586ms
ontime_proportion:0.733333
max_delay:24
avg_delay:3.155556
avg_flowtime:32.022222
object function value:2734.074074
0
0
0
2
4
5
7
18
24
29
31
0
0
0
0
0
0
20
24
26
30
0
0
0
0
0
1
11
16
22
24
0
0
0
0
0
0
0
0
1
4
0
4
5
8
10
11
23
29
33
36
0
0
0
0
0
0
0
0
0
3
0
0
0
0
0
1
21
25
29
31
0
0
0
0
0
0
0
5
8
16
0
0
0
0
0
0
0
0
0
0
0
0
0
0
0
0
7
12
14
16
0
0
0
0
0
0
0
0
2
5
0
3
5
7
8
13
25
31
35
37
0
0
2
3
5
6
7
10
12
13
0
0
0
0
0
0
14
18
21
26
0
0
0
2
3
4
16
20
27
29
0
0
0
0
0
0
0
0
0
0
0
0
0
1
3
5
17
22
25
28
0
0
0
0
1
3
16
21
25
27
0
0
0
0
0
0
17
23
26
28
0
0
0
0
0
0
0
0
0
2
0
0
0
0
0
0
0
0
0
0
0
0
0
0
0
0
0
0
0
0
0
0
0
0
0
0
0
0
0
0
0
0
0
0
4
6
25
33
37
39
0
0
0
0
1
2
21
25
30
33
0
2
3
6
8
9
29
33
38
43
0
2
4
6
7
13
30
35
38
40
0
0
3
6
8
11
29
33
41
44
0
0
0
0
0
3
22
27
32
35
0
0
0
0
0
0
0
0
0
0
0
0
0
0
0
0
0
2
5
8
0
0
0
0
0
2
30
37
40
42
0
0
0
0
0
0
20
24
27
30
0
0
0
0
2
3
13
16
18
25
23
27
29
32
34
36
37
41
44
51
0
0
1
4
6
8
32
37
41
44
0
0
0
0
0
0
0
1
9
12
0
0
0
0
0
8
26
33
36
39
0
0
0
0
0
0
0
0
0
2
0
4
6
8
9
11
13
18
23
28
5
9
10
14
16
17
27
34
35
38
3
8
9
12
15
17
25
32
36
42
12
17
23
26
28
29
35
40
46
49
27
35
39
41
42
44
45
50
52
54
11
15
17
20
21
31
39
44
51
53
0
3
6
7
9
10
13
16
19
20
15
20
22
23
25
26
27
30
32
33
16
20
24
26
27
29
32
36
41
43
17
21
25
28
30
35
43
47
56
58
3
8
12
14
15
17
20
26
29
31
2
6
19
20
22
23
24
29
33
34
13
17
19
22
24
26
36
41
48
51
21
28
31
33
36
38
42
47
53
55
20
26
31
33
35
36
38
42
47
54
5
9
11
14
17
19
31
37
41
44
13
18
22
24
26
27
29
33
39
41
8
11
14
17
19
20
39
45
49
52
4
9
11
13
14
16
24
30
34
38
10
16
19
22
24
25
35
39
44
47
8
13
14
17
19
21
40
46
51
54
0
5
7
9
11
15
32
39
42
44
8
13
17
19
21
22
34
39
44
46
4
10
15
17
19
27
39
45
51
55
9
13
17
19
20
23
37
43
50
52
18
25
27
29
30
32
39
46
51
53
9
21
33
36
38
40
42
46
54
58
9
13
16
18
20
21
39
43
49
53
24
29
31
33
34
36
37
42
47
49
2
6
9
11
13
19
35
40
46
48
0
4
8
10
11
13
26
31
36
38
15
20
22
25
27
28
30
35
38
44
5
9
12
14
16
17
30
34
41
43
9
14
17
19
20
24
35
43
47
49
12
17
19
22
24
25
27
32
35
40
3
7
10
12
14
15
25
29
33
35
6
12
13
20
22
31
40
45
52
55
4
11
13
15
16
22
38
43
49
51
0
4
7
9
11
12
33
37
43
45
17
22
23
27
29
33
41
46
53
56
13
18
20
24
28
30
33
38
44
49
17
23
26
31
33
34
42
47
55
58
12
18
20
22
23
27
41
48
53
55
5
10
13
16
17
19
34
41
49
51
20
24
28
30
31
33
34
38
45
48
1
5
6
10
12
14
33
37
43
46
2
7
8
11
13
15
29
36
38
41
8
12
15
17
18
20
22
26
30
32
17
22
24
25
27
28
29
32
34
35
10
14
16
21
23
24
37
40
47
50
23
31
33
35
36
37
42
48
54
56
60
