time_cost:2368585ms
ontime_proportion:0.855556
max_delay:19
avg_delay:1.000000
avg_flowtime:26.255556
object function value:1319.629630
0
0
0
0
1
2
3
13
17
18
19
0
0
0
0
0
0
0
1
3
4
0
0
0
0
0
0
0
0
0
0
0
0
0
0
0
0
13
17
20
21
0
0
0
0
0
0
0
2
4
6
0
0
0
0
0
0
0
0
0
0
0
0
0
0
0
0
0
0
0
7
0
0
0
0
0
0
17
21
22
23
0
0
1
2
4
5
18
22
24
25
0
0
0
1
2
3
15
19
20
21
0
0
0
0
0
0
0
0
3
4
0
0
0
0
0
1
17
22
23
26
0
0
0
0
0
0
0
1
2
3
0
0
0
0
0
0
16
19
21
26
0
0
0
0
0
0
0
0
0
0
0
0
0
0
0
0
0
0
0
1
0
0
0
0
0
0
14
17
18
19
0
0
0
0
0
0
0
0
0
9
7
11
12
13
14
15
21
25
26
27
0
0
2
5
6
8
20
25
27
30
0
0
0
0
0
0
19
23
25
27
5
9
10
11
12
15
17
22
24
25
0
0
0
1
2
4
19
23
25
27
0
0
0
0
0
0
20
24
26
27
0
0
0
0
0
1
16
21
23
26
0
3
4
5
6
8
20
26
27
28
0
1
3
4
6
7
22
25
27
28
0
0
0
0
0
0
0
0
0
0
0
1
2
3
4
5
22
27
28
31
7
10
11
12
14
15
21
26
27
28
0
0
0
0
5
6
25
28
30
31
0
0
0
0
0
0
23
27
30
31
0
0
0
0
0
1
26
31
33
35
0
0
0
0
0
1
25
30
31
34
0
0
0
0
0
0
0
0
0
0
0
0
0
0
3
5
22
26
27
30
0
0
0
0
0
0
0
0
1
3
0
0
1
2
7
9
25
29
33
34
0
0
0
0
0
0
0
0
0
0
0
0
0
0
0
0
0
0
0
0
1
6
7
8
9
11
28
33
35
36
0
5
7
11
12
14
24
30
32
35
6
10
11
12
14
17
25
30
31
32
19
24
25
28
29
30
32
37
38
41
16
21
23
25
26
27
29
34
36
38
12
16
17
18
20
22
29
33
34
36
12
15
17
18
20
21
25
28
30
31
19
23
26
27
29
31
33
37
40
41
3
8
10
12
13
14
15
20
22
24
10
15
17
20
21
23
32
37
39
42
5
12
14
20
21
23
29
34
36
39
13
17
20
21
23
25
28
32
35
36
2
7
9
13
14
15
30
35
36
39
16
20
23
24
26
28
31
35
39
43
25
28
29
30
31
33
34
38
39
40
1
5
8
9
11
13
15
23
26
29
10
13
15
16
18
19
28
32
34
35
9
13
14
15
16
17
29
33
34
38
6
11
13
16
17
19
31
36
39
42
0
4
5
6
8
10
32
36
37
40
21
25
28
29
31
33
36
40
43
44
10
15
17
20
21
23
34
39
41
44
12
17
19
20
22
24
33
39
41
42
1
4
6
7
9
10
34
39
41
44
4
9
11
14
15
18
35
40
42
45
24
29
30
33
34
35
37
43
44
47
22
27
28
29
30
32
35
41
44
45
27
31
32
33
35
37
40
44
45
46
28
32
33
34
36
38
40
45
46
47
25
28
30
31
33
34
36
41
43
46
9
12
13
14
15
18
37
41
42
43
8
12
15
16
18
20
37
42
45
46
1
5
8
9
11
13
15
19
22
23
1
5
8
12
16
19
37
43
47
49
27
32
34
37
38
40
41
46
48
51
1
4
5
6
7
9
10
13
14
15
0
5
6
9
10
11
13
18
19
22
5
10
12
14
15
17
40
45
47
49
11
16
17
18
19
21
37
42
45
46
4
7
12
16
17
19
37
41
43
45
2
6
7
8
10
12
39
43
44
45
8
14
16
20
23
25
39
44
46
50
4
8
10
13
15
17
40
44
46
47
31
34
36
38
39
41
42
46
48
50
11
16
19
22
25
26
39
44
45
48
10
14
15
21
23
25
41
46
47
48
33
37
38
39
40
41
43
47
48
51
5
8
10
12
19
21
36
39
41
43
5
10
14
17
19
24
40
47
48
51
7
12
13
14
23
26
43
48
50
51
52
