time_cost:2878958ms
ontime_proportion:0.800000
max_delay:23
avg_delay:2.122222
avg_flowtime:28.022222
object function value:1934.074074
0
0
0
0
0
0
0
0
0
1
2
0
0
0
0
0
0
14
17
19
21
0
0
0
0
0
0
1
4
5
10
0
0
0
0
2
4
17
21
22
23
0
0
0
0
0
0
0
3
6
8
0
0
0
0
0
0
12
17
19
22
0
0
0
0
0
1
35
38
42
44
0
0
0
0
1
3
19
22
23
24
0
0
0
0
0
1
13
18
22
25
0
0
0
0
1
3
17
22
23
24
0
0
0
1
2
4
20
23
24
25
0
0
0
0
0
1
10
16
21
24
0
0
0
0
0
0
0
0
2
4
0
4
6
9
10
12
18
23
25
28
0
0
0
0
0
0
0
0
0
1
0
0
0
0
0
0
0
0
1
2
0
0
0
0
0
0
14
19
23
25
0
0
0
0
1
2
15
20
24
26
0
0
0
0
0
0
0
0
0
2
0
2
3
6
7
8
12
17
18
22
0
0
0
0
0
0
0
0
0
0
0
0
0
2
4
5
27
31
33
34
0
0
1
3
4
5
40
45
47
49
0
0
0
0
0
0
0
0
0
0
0
0
0
0
0
0
23
26
28
29
0
0
0
2
3
6
24
29
31
34
0
0
3
4
6
8
23
27
30
31
0
0
0
0
2
5
43
48
50
52
0
0
0
0
0
0
0
0
0
4
0
3
5
7
8
10
28
31
34
38
0
0
2
5
8
10
22
30
32
35
0
0
0
0
0
0
21
25
26
27
0
3
4
5
8
10
27
32
33
34
0
1
2
3
4
6
27
30
31
32
0
0
0
0
0
0
0
0
0
0
0
0
0
0
0
0
0
0
0
0
0
0
0
0
0
1
15
19
22
26
0
0
0
0
0
0
21
24
25
26
0
0
0
0
0
0
28
31
32
33
0
0
0
0
0
0
0
0
0
0
3
6
7
8
10
12
34
37
38
39
3
7
8
9
10
14
37
41
42
43
6
11
13
16
23
24
38
43
44
47
7
12
13
14
15
17
19
25
28
29
16
19
20
21
22
24
34
37
38
39
9
13
14
15
16
17
31
35
36
37
0
3
5
8
12
13
25
28
30
35
4
9
11
13
14
16
40
45
48
50
4
9
11
14
15
17
23
28
30
35
5
10
12
14
15
16
26
31
33
35
15
18
20
21
23
24
31
36
39
41
1
6
7
10
11
12
31
36
37
40
2
7
9
11
12
13
21
26
28
30
30
33
35
37
38
40
41
44
46
48
10
15
16
17
18
20
22
27
28
29
19
23
26
27
29
31
38
42
45
47
17
20
22
23
25
26
37
40
42
43
4
9
11
14
15
17
30
35
37
40
9
14
16
19
20
22
29
34
36
39
7
11
12
15
17
19
35
39
40
45
10
14
17
18
21
23
34
38
41
42
20
24
27
31
33
35
41
45
49
50
24
27
29
30
32
33
39
42
44
45
28
32
35
36
38
40
42
46
49
50
6
11
12
13
14
15
35
39
40
41
11
14
15
17
21
23
35
38
39
40
0
3
5
7
10
12
40
43
45
47
18
21
22
23
24
26
38
41
42
43
3
6
8
9
12
13
37
41
43
45
0
5
7
12
13
15
39
44
46
49
24
28
29
30
32
34
36
40
41
42
20
24
27
29
31
33
37
41
44
45
7
12
14
16
17
18
23
28
30
32
5
10
11
12
13
28
40
46
47
48
27
30
32
33
35
36
37
40
42
43
9
13
14
15
17
18
33
37
38
39
6
10
11
12
13
19
44
48
50
51
9
12
14
17
26
30
41
44
46
47
12
16
17
18
20
22
26
30
31
33
17
22
25
28
29
30
40
47
48
51
16
20
21
22
24
26
36
40
41
42
13
17
18
19
20
21
32
36
37
38
11
16
17
18
19
21
30
35
36
37
3
7
9
10
12
14
28
32
33
35
0
5
6
7
8
10
29
34
35
36
10
15
16
17
18
20
24
29
30
31
14
18
21
22
24
26
31
35
39
40
18
23
25
28
29
31
32
38
40
44
0
5
7
10
26
28
42
46
47
48
4
11
13
16
17
19
32
37
39
42
53
