time_cost:3143838ms
ontime_proportion:0.655556
max_delay:36
avg_delay:6.866667
avg_flowtime:30.688889
object function value:3467.407407
0
0
0
2
5
7
10
30
42
45
48
0
0
0
0
0
1
25
30
33
36
0
0
0
0
0
0
0
0
0
0
0
0
0
1
3
4
42
49
54
57
0
0
1
3
4
5
9
16
18
20
0
0
0
0
1
2
27
35
37
40
0
5
12
14
15
16
23
28
31
33
0
0
0
0
0
0
0
0
3
7
0
0
0
0
1
3
18
25
27
29
0
0
0
0
0
0
0
0
0
2
0
0
0
0
0
0
0
0
0
0
4
10
12
15
16
18
20
25
27
29
0
0
1
4
6
7
28
37
39
42
0
0
0
1
3
5
16
23
25
30
0
0
0
0
0
3
38
45
51
54
29
36
39
42
44
45
47
52
57
60
0
0
0
0
0
0
0
0
3
12
0
0
0
0
2
6
30
39
44
47
0
0
0
0
0
0
0
0
0
0
0
1
3
6
10
18
40
47
53
55
0
3
5
7
8
11
13
17
19
21
0
0
0
0
3
8
31
41
48
50
0
0
0
0
0
0
27
34
36
39
0
0
0
0
1
2
35
39
47
48
0
3
5
7
8
9
11
15
17
19
0
0
0
0
0
0
0
0
3
6
0
0
0
0
0
0
7
12
14
16
0
0
0
0
0
0
0
2
57
60
0
0
0
0
0
0
4
10
13
16
0
0
0
0
0
0
42
49
61
63
0
0
1
3
4
5
20
28
31
33
0
0
0
0
0
0
0
0
60
63
0
0
0
0
0
0
0
0
0
0
0
0
0
0
0
0
0
0
0
3
0
0
0
0
0
0
21
34
37
39
0
0
0
0
0
0
0
0
60
63
27
32
37
39
40
41
43
47
49
51
0
0
0
0
0
0
0
0
0
7
0
2
4
6
7
9
11
23
25
27
0
0
0
0
0
0
0
0
0
0
6
11
13
16
18
23
33
41
45
49
1
4
6
7
9
10
11
15
18
19
8
14
16
18
19
20
22
28
30
32
3
7
8
12
14
15
29
35
39
42
15
21
24
26
27
29
30
36
42
44
34
40
48
50
51
53
54
59
63
65
23
32
34
36
37
38
40
44
46
49
4
7
9
10
12
13
14
18
20
21
26
32
36
37
39
40
41
44
48
49
0
4
6
8
9
13
15
19
21
23
19
27
29
32
34
35
37
40
42
46
3
7
10
12
13
15
16
20
23
25
6
12
16
19
20
21
23
30
32
34
1
6
9
11
12
14
15
21
24
27
28
34
39
41
42
44
45
49
55
57
4
8
10
12
13
14
16
20
22
24
8
14
16
17
21
23
31
40
45
46
3
8
10
13
15
17
18
24
28
33
32
37
41
44
46
47
49
52
54
57
26
34
37
39
40
42
43
47
50
52
33
39
44
47
49
50
52
57
58
62
24
30
33
35
36
37
39
43
50
52
17
26
28
31
33
35
36
40
45
51
2
8
10
13
18
20
27
36
39
42
17
21
26
28
29
31
38
44
51
53
7
12
16
18
20
21
23
31
35
37
11
18
23
26
28
29
31
39
42
45
4
9
12
14
16
17
19
30
33
36
38
42
49
51
52
54
56
60
63
65
10
13
16
20
22
25
35
42
48
49
19
26
28
30
31
33
35
39
42
44
11
18
22
25
27
28
30
38
42
45
2
6
8
10
11
13
15
19
21
23
0
4
7
9
11
12
14
18
21
23
0
5
7
9
10
11
14
19
21
23
9
17
19
22
24
25
27
34
36
39
1
4
6
9
11
12
13
16
18
19
12
24
26
27
29
30
32
42
48
49
7
11
14
16
18
19
21
25
32
34
5
9
11
14
16
18
19
23
25
28
24
33
34
37
39
40
42
46
47
50
5
11
14
16
17
19
20
27
30
32
24
32
35
37
39
40
42
46
49
51
9
14
17
19
20
22
23
29
32
34
10
17
20
22
23
25
28
37
40
42
0
6
8
10
12
15
16
21
23
24
7
10
14
17
19
20
22
25
27
30
11
16
18
20
21
23
25
30
34
36
8
14
17
18
20
22
32
37
44
45
19
27
30
32
33
35
38
46
52
56
66
