time_cost:2739129ms
ontime_proportion:0.744444
max_delay:27
avg_delay:3.833333
avg_flowtime:27.122222
object function value:2459.629630
0
0
0
0
0
0
0
0
0
0
1
0
0
0
3
5
7
8
11
14
17
0
0
0
0
0
0
14
35
38
41
0
0
0
0
0
0
0
0
0
1
0
0
0
0
0
2
27
30
36
39
0
0
3
5
6
9
30
37
40
42
0
0
0
0
0
0
0
0
0
0
0
0
0
0
0
0
37
46
48
49
0
0
0
0
0
1
10
15
22
28
0
0
0
2
3
5
31
37
38
41
0
0
0
0
0
0
0
0
1
3
0
0
1
2
3
5
8
13
14
16
0
0
2
4
5
6
33
42
45
47
0
0
0
0
0
0
0
0
0
2
16
20
21
22
23
24
25
29
30
32
0
0
0
3
4
5
40
50
53
56
0
0
0
0
0
0
34
42
44
45
0
0
0
0
0
0
0
2
3
4
0
3
6
11
13
15
16
19
22
26
0
20
23
25
26
27
29
33
36
38
0
0
0
0
0
1
6
9
16
24
0
0
0
0
0
1
32
38
41
46
0
0
0
0
0
0
3
6
7
8
0
0
0
0
0
0
0
0
0
2
0
0
0
0
0
0
0
0
0
0
0
0
0
0
0
0
12
23
26
29
0
0
0
0
0
0
4
9
13
16
0
0
0
0
0
0
0
0
3
9
0
0
0
0
0
2
21
26
29
31
0
3
10
13
17
19
37
48
51
54
0
1
3
4
6
7
37
46
48
50
0
3
4
5
6
8
12
18
19
20
0
0
0
0
1
2
19
25
28
29
0
0
0
0
0
0
0
0
0
0
0
0
0
0
0
0
0
0
0
0
0
0
0
0
2
3
28
35
41
42
10
13
14
15
16
17
36
44
45
47
0
0
0
0
0
0
0
0
0
0
0
0
0
0
0
0
0
0
6
9
0
17
20
21
22
23
25
31
34
35
12
18
19
20
21
23
29
38
40
41
17
22
25
26
27
28
32
41
44
45
28
36
38
39
41
43
44
47
49
50
25
30
33
35
36
37
39
44
47
49
1
4
6
7
9
10
11
14
16
17
23
29
31
34
36
38
39
44
46
49
16
28
30
31
33
34
35
40
42
43
15
18
20
21
23
25
33
38
40
43
27
34
37
40
41
42
43
47
50
53
9
13
14
15
16
17
18
21
22
23
22
26
29
32
33
34
35
39
42
46
19
31
34
35
36
37
38
45
48
49
18
23
25
26
28
30
40
49
51
52
1
4
5
6
7
8
24
27
29
30
3
7
8
10
11
13
15
20
21
23
21
24
27
30
32
34
43
51
54
57
2
8
9
10
11
13
14
19
20
21
7
11
12
14
15
17
26
31
33
35
26
29
30
31
32
33
34
38
39
40
7
14
15
16
17
19
20
27
28
30
6
9
10
11
12
13
34
40
41
42
7
12
15
18
20
21
24
32
35
36
1
6
9
10
11
12
13
18
21
22
0
5
8
9
10
11
37
45
49
50
1
6
9
16
18
20
21
24
27
32
7
10
15
18
30
32
42
51
54
57
7
12
15
16
17
19
30
39
42
43
4
7
8
9
10
11
43
54
57
58
19
25
26
27
28
30
31
36
37
38
3
6
7
8
9
10
22
26
27
28
12
16
17
19
20
22
24
30
31
34
4
9
11
14
16
18
19
24
26
29
17
21
23
24
26
28
29
33
35
36
5
8
9
10
11
12
13
17
19
20
12
16
18
19
21
22
24
27
29
33
2
7
9
12
14
16
17
22
24
27
28
34
35
36
37
38
39
42
43
44
11
17
18
19
20
22
31
38
39
40
13
17
20
22
23
24
28
32
35
37
16
21
23
24
26
28
36
42
44
45
24
28
31
33
34
35
37
41
44
46
33
39
42
45
46
47
48
53
56
59
28
35
36
37
38
40
41
46
47
48
6
14
19
22
24
25
36
43
46
49
9
15
16
17
18
20
21
31
32
33
3
8
10
12
13
15
19
23
24
26
5
9
12
19
23
25
35
44
46
47
17
20
23
26
28
30
31
35
38
41
8
15
18
21
22
23
24
28
31
34
1
4
5
6
7
8
9
12
13
14
60
