time_cost:1836054ms
ontime_proportion:0.711111
max_delay:31
avg_delay:5.422222
avg_flowtime:31.977778
object function value:2954.814815
0
0
0
0
0
2
4
35
48
50
53
0
0
0
0
0
0
0
0
0
3
0
0
0
1
2
3
14
18
20
23
0
0
0
2
3
4
13
19
26
29
0
0
1
3
5
7
33
39
41
45
0
5
8
11
13
15
31
36
39
42
0
0
0
2
4
6
31
40
43
46
0
0
0
0
0
0
0
0
0
0
21
26
29
32
33
35
37
45
48
50
0
3
4
8
9
11
33
43
51
53
0
0
3
6
11
13
33
42
45
48
0
0
0
0
0
0
0
0
2
5
0
3
5
6
8
10
17
21
24
25
0
0
0
0
1
3
9
14
23
25
0
0
0
0
0
0
0
0
0
8
0
0
0
0
0
0
39
47
50
53
0
0
0
0
0
0
13
16
17
20
0
0
0
0
0
0
40
51
54
55
0
0
0
0
0
0
15
20
21
25
0
0
0
0
0
2
24
32
35
38
0
0
0
0
0
2
17
23
25
26
0
0
0
0
0
0
0
0
2
5
0
0
1
3
4
6
23
28
36
38
0
0
0
0
6
9
40
48
50
51
0
0
0
0
0
0
19
26
27
29
0
0
0
0
0
1
11
17
20
22
0
5
6
7
8
10
20
25
26
27
0
0
0
0
0
0
18
23
26
29
0
0
0
0
0
0
41
54
57
60
0
0
0
0
5
6
33
39
42
44
0
0
0
0
0
0
0
0
0
0
0
0
0
0
0
0
0
6
8
10
0
0
0
1
2
4
11
15
19
21
0
0
0
0
0
0
0
0
0
1
0
0
0
0
4
6
25
29
31
32
0
0
0
0
1
2
28
34
37
39
0
0
0
0
0
0
2
9
11
12
0
0
0
0
6
8
36
45
48
50
0
0
0
0
3
5
13
18
19
20
0
0
0
0
0
0
0
4
7
11
4
8
9
11
12
14
17
23
24
26
20
26
29
31
32
33
35
41
44
46
7
13
15
18
20
22
31
40
45
48
8
14
17
19
20
22
24
35
36
41
0
4
6
7
9
10
35
46
49
50
21
27
30
33
35
37
38
43
47
50
8
12
14
15
17
19
20
24
26
27
8
12
15
18
20
22
25
30
33
36
12
25
27
30
32
34
40
50
53
56
5
9
10
11
12
13
14
18
19
20
4
15
18
19
22
23
32
38
41
42
17
28
31
33
34
35
37
43
46
48
1
6
9
10
12
13
27
32
34
35
3
8
11
12
13
14
16
22
25
26
15
19
22
24
25
26
30
35
38
40
28
36
38
39
41
43
44
49
53
54
23
30
33
34
36
37
41
55
58
59
9
14
17
20
23
25
36
44
45
47
21
27
31
33
34
38
41
56
57
59
0
3
6
9
14
16
28
35
41
44
5
11
14
18
21
23
28
37
42
48
16
21
22
24
25
27
29
35
36
39
14
19
21
22
24
26
27
33
35
36
10
14
16
17
28
30
37
47
50
51
8
11
14
17
19
21
25
31
34
41
7
11
14
17
18
19
20
24
28
31
4
7
10
12
16
18
34
46
48
49
0
3
4
5
6
7
32
42
44
45
0
4
7
9
10
11
13
18
21
23
20
27
29
31
32
34
36
44
45
47
7
10
13
16
30
32
40
52
55
59
11
16
24
27
29
31
38
48
51
55
5
8
11
14
16
18
19
22
25
30
30
38
41
42
44
46
47
54
56
57
7
10
12
13
15
16
30
38
40
47
24
29
32
34
35
36
38
44
47
49
2
9
11
15
22
24
33
45
48
52
2
7
8
9
10
12
28
34
35
37
22
28
31
32
33
34
35
41
44
46
11
15
18
21
23
25
26
29
33
36
4
9
11
14
16
18
20
25
27
35
12
19
22
26
27
28
31
40
43
46
17
22
23
24
25
26
27
31
33
34
11
16
18
21
23
25
26
33
36
39
4
7
9
10
13
14
17
22
24
34
28
37
40
43
45
47
48
51
54
57
10
15
18
21
22
23
24
34
38
41
16
21
23
24
26
28
29
32
34
38
7
11
12
14
18
20
22
27
30
32
1
4
5
6
7
8
10
13
14
15
61
