time_cost:9337ms
ontime_proportion:0.700000
max_delay:23
avg_delay:4.088889
avg_flowtime:30.144444
object function value:3004.814815
0
0
0
0
0
0
0
0
0
0
0
0
0
0
0
0
1
45
49
50
51
0
0
0
2
3
5
35
39
42
44
0
0
0
0
0
0
0
0
1
2
0
0
0
2
3
5
20
23
25
27
0
0
0
0
7
8
43
47
48
49
0
0
0
4
6
8
35
39
44
45
0
6
8
11
12
14
21
26
28
31
0
0
1
2
3
5
33
39
40
41
0
0
1
2
5
6
43
46
48
49
0
0
0
0
0
0
44
48
50
51
0
0
0
0
5
7
41
46
47
48
0
4
5
6
7
9
24
29
30
32
0
7
15
21
22
24
26
31
33
36
0
0
0
0
0
0
0
0
0
0
0
0
0
0
0
0
26
29
31
33
8
12
13
14
19
21
36
42
45
46
0
0
0
0
0
0
38
41
43
45
0
0
0
0
0
0
34
37
40
42
0
0
0
0
0
0
0
0
1
4
0
0
0
0
0
0
0
0
0
0
0
0
0
0
5
7
33
36
38
40
0
0
0
0
0
0
0
0
0
1
0
0
0
1
2
3
38
43
45
47
0
0
0
0
0
1
21
24
26
27
0
0
0
1
2
3
28
33
34
37
0
0
0
0
0
0
41
44
46
48
0
0
0
1
2
3
15
20
22
24
0
0
0
0
0
0
0
0
2
3
0
0
0
0
0
2
19
22
24
26
0
0
0
0
0
0
10
14
17
18
0
0
0
0
0
0
0
0
1
2
0
0
0
0
0
0
10
15
16
19
0
0
0
0
0
2
33
38
40
43
0
0
0
0
0
0
0
0
0
0
0
0
0
0
1
3
19
23
25
27
0
0
0
0
1
2
17
22
24
26
0
0
0
0
3
4
38
43
46
48
0
0
0
2
4
6
31
36
39
40
0
0
0
0
0
0
28
31
33
35
4
9
11
14
17
19
33
38
40
42
2
8
10
11
14
15
34
37
39
40
0
5
7
9
10
11
12
17
19
21
33
36
38
40
41
43
44
48
50
52
5
10
11
14
15
16
21
29
30
33
0
3
5
7
8
10
23
27
29
31
12
16
17
18
20
22
24
28
29
30
16
23
24
27
28
29
35
40
41
44
7
11
14
15
16
17
26
31
33
34
7
11
14
16
19
21
37
40
42
44
21
25
28
29
31
33
40
46
49
50
14
19
21
23
24
25
26
31
38
40
18
21
23
24
26
27
29
32
34
36
4
9
10
11
12
14
16
21
22
23
14
18
19
20
21
22
24
28
29
30
15
20
21
24
25
26
28
33
34
37
32
35
37
38
39
41
42
45
46
47
23
29
30
31
32
34
40
45
46
47
9
16
17
18
22
24
36
41
42
43
2
6
9
10
12
14
29
34
37
39
5
13
15
17
18
19
23
29
31
34
6
11
13
15
16
17
18
27
31
33
9
12
15
17
18
20
30
33
35
38
11
16
18
22
24
26
40
45
47
50
3
6
8
9
11
12
31
35
37
38
9
13
19
21
22
24
31
34
37
41
6
10
13
14
16
18
20
24
27
33
11
14
15
17
18
20
21
24
25
26
10
15
16
19
20
21
28
33
34
37
6
9
11
13
14
16
22
25
27
29
14
19
21
24
25
27
30
35
37
40
22
26
30
31
33
35
37
41
45
46
5
10
13
15
16
18
29
34
36
38
10
15
18
20
21
23
33
38
40
43
9
13
14
15
17
19
22
28
29
30
0
3
5
6
8
9
39
42
45
46
4
7
9
11
12
14
18
21
23
25
10
15
16
17
27
29
41
47
48
49
30
33
35
37
38
40
41
44
47
49
3
8
10
13
14
16
25
30
42
45
2
6
7
8
10
12
39
43
44
48
1
4
6
8
9
11
12
16
25
27
4
9
11
14
26
28
38
43
45
48
1
4
6
8
9
11
18
21
23
25
4
7
9
10
21
23
38
41
44
45
0
5
7
10
11
12
13
18
21
23
20
25
27
28
30
31
43
46
48
50
15
21
24
25
26
28
34
40
41
42
15
18
20
23
24
26
27
30
32
34
15
18
20
22
23
25
26
29
31
33
53
