time_cost:5475ms
ontime_proportion:0.677778
max_delay:32
avg_delay:4.911111
avg_flowtime:31.333333
object function value:3266.666667
0
0
0
0
0
0
0
0
0
0
0
0
0
0
0
0
0
0
0
2
4
0
0
0
1
2
4
33
41
43
49
0
0
0
0
0
0
16
17
19
20
0
0
0
0
0
0
33
36
40
42
0
0
0
1
2
4
16
20
21
23
0
1
4
5
6
8
23
28
31
33
0
0
0
2
3
5
9
13
14
16
0
0
0
3
4
6
19
24
27
28
0
0
0
1
2
4
8
12
15
17
0
0
0
1
4
6
33
43
45
46
0
0
0
0
0
0
15
26
29
32
0
0
0
0
0
2
33
37
42
44
0
0
0
0
0
2
24
32
35
37
0
0
0
0
0
1
29
40
43
44
0
0
0
0
0
0
0
0
0
0
0
0
0
0
0
0
34
41
48
49
0
0
0
0
0
3
42
48
51
54
0
0
0
0
0
0
0
0
0
0
0
0
0
0
0
0
0
1
3
6
0
0
0
0
0
0
0
0
1
4
0
0
0
0
0
0
10
15
21
24
0
0
0
0
0
0
47
55
57
59
0
0
0
0
1
2
32
37
39
40
0
0
0
0
0
0
3
6
12
15
0
0
0
0
0
0
4
21
28
31
0
0
0
0
0
0
0
2
5
6
0
3
5
8
9
11
13
16
18
21
0
0
0
0
5
7
22
25
46
49
0
0
0
0
0
0
7
13
16
17
0
0
0
0
0
0
31
35
40
43
0
0
0
0
8
10
44
52
56
57
0
0
0
0
2
5
45
54
57
60
0
0
2
5
7
9
31
35
37
40
0
0
1
3
4
5
15
26
32
34
0
0
0
0
0
0
0
0
1
3
0
3
5
8
9
11
13
16
18
21
0
0
0
0
0
0
20
29
34
40
0
0
0
0
0
0
0
0
0
0
0
0
0
0
0
0
0
0
1
2
4
10
13
16
20
21
24
35
38
46
25
30
32
34
35
36
37
42
44
46
0
5
16
18
21
24
29
40
41
48
22
27
28
31
33
35
37
41
43
46
0
4
5
10
12
14
16
20
22
26
21
26
28
29
30
32
34
39
41
42
14
18
19
21
27
29
42
50
54
56
8
12
13
15
19
21
31
35
36
38
0
6
8
9
10
12
14
19
23
24
16
19
21
24
25
27
41
46
49
52
8
11
13
14
19
20
30
33
35
39
0
5
8
9
20
22
28
38
40
41
4
7
9
16
18
20
21
24
26
29
4
9
11
14
15
17
19
24
27
28
12
38
41
42
43
45
46
51
56
57
13
17
30
33
34
37
39
50
53
56
9
13
15
16
17
19
22
31
35
36
26
43
46
47
48
50
51
56
59
60
3
6
8
11
12
14
16
21
27
30
27
32
35
38
40
41
42
47
50
53
39
44
47
48
49
51
52
57
60
61
5
9
12
13
17
19
26
43
49
50
4
8
9
12
17
19
27
31
32
37
5
9
15
17
23
25
35
42
43
45
5
13
15
16
28
30
45
53
56
57
5
9
10
14
16
18
20
28
30
35
9
14
17
18
29
31
48
57
60
61
0
6
34
40
42
43
44
50
53
56
0
4
5
16
22
24
35
39
45
48
6
10
13
14
18
21
24
34
37
38
2
5
7
10
12
14
19
22
24
27
0
5
8
10
14
16
24
33
34
36
12
16
17
19
20
22
24
28
29
31
5
8
12
13
14
16
19
26
32
33
9
12
14
15
16
17
19
22
24
25
18
21
23
24
25
26
28
31
33
34
9
18
21
24
26
27
28
33
36
42
4
10
12
14
15
16
17
23
25
27
22
27
29
30
31
33
35
40
42
43
11
14
16
19
21
23
30
33
38
41
9
17
19
21
22
23
24
31
33
35
5
8
10
13
15
17
20
24
26
29
19
28
31
32
33
35
36
41
44
50
12
18
21
22
23
24
26
29
33
34
14
21
24
25
26
28
29
37
40
42
12
19
24
27
29
31
33
39
41
44
10
15
18
19
26
28
40
48
52
53
14
23
26
27
28
30
31
36
39
40
1
4
9
12
13
15
39
46
48
51
1
5
6
9
11
13
15
19
20
25
62
