time_cost:6483ms
ontime_proportion:0.611111
max_delay:31
avg_delay:4.255556
avg_flowtime:33.077778
object function value:3991.481481
0
0
0
0
0
0
0
30
39
42
43
0
0
0
0
0
0
0
0
0
0
0
0
0
3
5
7
9
16
18
21
0
3
5
6
8
9
29
35
37
38
0
0
0
0
0
0
0
0
0
3
0
0
0
0
0
0
1
2
4
5
0
0
3
6
9
10
17
25
26
32
0
0
3
6
8
10
25
31
34
37
0
0
0
0
0
0
4
19
22
24
0
0
0
0
0
0
0
0
0
4
0
0
0
0
0
0
17
24
25
28
0
1
6
8
10
11
35
42
45
47
0
0
0
0
0
0
38
45
48
50
0
0
0
0
0
0
0
2
4
8
0
0
0
3
5
7
9
16
18
21
0
0
0
0
0
0
0
1
2
3
0
0
0
0
0
1
23
30
31
32
0
0
0
0
0
0
0
0
3
4
0
0
1
2
4
5
14
21
23
24
0
0
0
0
2
3
27
33
35
36
0
0
0
0
0
0
0
0
0
0
0
2
4
7
9
11
23
29
31
34
0
0
0
0
0
0
14
29
31
33
0
0
0
0
0
0
23
28
29
30
0
0
0
0
0
1
22
29
30
32
0
0
0
0
0
0
0
1
4
7
0
0
0
2
3
4
39
47
50
52
0
0
0
0
0
0
12
18
21
24
0
1
2
4
9
11
26
32
34
36
0
4
5
6
7
9
15
26
27
28
0
0
0
0
2
4
14
26
31
34
0
0
1
5
6
7
29
40
43
46
0
0
0
0
0
0
0
4
26
28
0
0
0
0
1
2
35
41
42
43
0
0
0
0
1
2
17
27
30
31
0
0
0
0
0
1
28
34
37
40
0
0
0
0
2
4
12
16
27
30
0
0
0
0
0
0
0
0
0
0
0
0
0
0
7
9
14
18
20
21
0
0
0
0
0
0
0
0
0
0
0
4
7
9
11
12
38
46
49
51
10
18
21
23
24
25
40
48
51
53
21
28
29
30
31
32
37
43
44
45
2
6
9
12
13
14
28
33
40
43
11
20
23
26
27
28
40
51
54
55
1
4
7
10
12
14
26
31
34
37
11
15
16
17
18
19
20
25
26
27
8
15
17
18
20
22
30
37
39
40
0
5
7
10
12
14
24
31
33
40
3
8
10
13
15
17
25
31
36
39
5
10
12
15
17
19
24
29
31
34
4
9
11
14
19
21
24
33
35
38
0
7
9
10
12
13
14
20
22
24
22
28
29
30
31
32
37
43
44
45
2
5
7
8
10
12
15
22
24
25
20
25
27
28
30
31
32
36
38
42
10
17
20
22
23
24
42
51
54
56
21
27
28
29
30
31
35
42
43
44
5
9
12
16
17
18
19
26
32
35
19
26
28
30
32
33
34
37
39
40
8
12
14
15
17
18
19
22
24
26
4
9
12
15
16
17
33
44
47
50
12
21
24
25
29
34
51
61
64
65
8
15
18
20
21
22
44
52
55
57
18
24
25
28
33
35
46
55
56
57
6
12
15
18
19
20
43
54
57
60
4
8
9
12
14
16
27
35
37
39
9
14
16
17
19
20
21
24
26
38
2
9
13
17
18
19
45
57
60
63
8
13
15
16
18
19
20
23
25
28
18
23
25
26
28
30
32
38
40
41
16
21
23
24
26
28
32
39
41
42
2
7
9
12
14
16
35
44
46
49
17
25
26
27
33
35
47
56
57
58
16
26
27
31
35
37
49
60
61
62
10
15
18
21
22
23
45
55
58
60
7
12
15
19
20
21
49
58
61
64
0
4
5
7
15
22
29
36
38
40
2
11
15
16
20
21
22
30
33
34
16
20
24
27
35
37
52
61
63
65
11
23
26
27
28
29
40
49
52
53
3
6
8
9
13
15
23
30
32
36
5
8
11
14
21
23
26
33
37
42
11
15
16
18
21
22
23
29
30
32
6
11
14
16
23
25
29
35
39
42
14
19
20
22
23
26
48
57
58
61
7
14
15
16
22
24
26
34
36
39
22
27
28
30
32
33
42
50
51
52
14
18
22
24
25
29
45
54
55
57
6
12
18
21
22
27
49
58
62
65
66
