time_cost:2087932ms
ontime_proportion:0.766667
max_delay:32
avg_delay:3.522222
avg_flowtime:28.111111
object function value:2270.370370
0
0
0
0
0
1
3
4
11
13
15
0
0
0
0
0
0
0
0
0
1
0
0
2
5
7
9
11
14
17
20
0
0
0
0
0
0
0
0
1
2
0
0
0
1
2
3
5
9
11
12
0
0
2
4
5
6
8
12
14
17
0
0
0
0
0
0
0
0
0
1
0
0
2
5
6
7
9
12
15
18
0
3
6
9
10
11
14
18
22
25
0
0
0
2
4
6
8
13
15
19
0
0
0
0
0
0
12
18
20
22
0
0
0
0
2
4
12
18
21
23
0
0
0
0
0
0
0
4
8
10
0
0
0
0
0
2
11
15
16
18
0
1
3
5
6
7
9
16
18
20
0
0
0
0
0
1
12
21
24
25
0
0
0
0
0
0
6
8
16
19
0
0
0
0
0
0
0
1
5
8
0
0
1
4
6
8
13
18
21
24
0
4
7
8
9
11
13
20
23
24
0
0
0
0
3
5
14
21
25
26
0
0
0
0
0
0
0
3
10
11
0
0
0
0
0
0
0
2
4
6
0
0
0
0
0
2
13
18
23
26
0
2
5
8
9
10
17
22
25
28
0
2
3
5
6
8
17
24
25
27
0
0
0
0
4
9
17
25
27
29
0
0
0
0
0
0
16
23
34
35
0
0
0
0
0
0
0
0
0
0
0
0
0
0
0
0
16
21
24
27
0
0
0
0
0
1
2
6
8
10
0
3
4
6
7
9
16
23
24
26
0
0
0
0
0
0
0
0
0
0
0
0
0
0
0
0
1
6
10
12
0
0
0
0
0
0
0
0
0
0
0
0
0
0
3
5
14
22
27
29
0
0
0
0
3
5
17
24
28
30
0
0
0
0
1
4
14
21
26
28
0
0
0
0
0
0
0
0
1
3
0
0
0
0
0
0
17
24
26
28
2
5
6
9
10
12
19
26
32
34
4
11
13
15
16
18
20
25
28
30
9
15
18
21
23
24
26
31
34
39
8
13
16
17
18
20
22
27
37
40
13
20
22
24
25
26
28
32
35
38
17
29
30
32
34
36
37
42
44
46
12
17
20
23
25
26
28
33
43
46
4
12
15
16
17
19
21
27
30
31
17
26
29
32
34
36
38
41
45
48
5
10
12
14
15
16
18
24
26
28
4
10
12
14
15
16
29
39
48
50
9
15
18
21
23
25
27
30
33
36
23
34
36
38
39
40
42
46
50
52
20
27
30
33
36
38
40
43
46
49
1
5
8
10
11
12
32
47
49
51
9
16
18
19
20
21
23
30
32
33
20
30
33
36
38
40
42
45
48
51
21
30
32
34
36
38
40
49
52
54
3
6
7
9
11
13
31
38
39
42
4
8
10
11
12
13
33
48
51
52
19
26
28
30
32
34
36
42
44
50
20
28
30
31
32
33
35
39
41
42
24
36
38
40
42
44
46
51
53
55
5
9
11
13
14
19
33
48
51
53
8
12
14
15
16
17
34
50
52
53
22
34
37
40
42
44
46
50
53
56
30
40
42
44
45
46
48
53
55
57
5
11
13
14
17
21
35
52
54
55
9
16
21
23
25
27
32
44
46
48
19
26
29
32
33
35
37
41
44
47
27
37
40
43
45
48
50
53
56
59
0
3
8
11
13
20
29
36
39
44
24
33
35
37
38
39
41
46
48
50
21
29
32
35
36
37
39
42
45
52
22
32
33
35
37
39
40
47
48
50
0
6
9
10
11
13
32
44
49
50
24
33
36
37
39
41
43
48
51
52
26
35
38
39
40
42
44
49
52
53
27
35
37
42
44
46
48
53
55
57
7
14
19
21
22
24
32
45
47
49
30
41
44
45
47
50
52
57
60
61
30
39
42
43
46
48
50
55
58
59
28
37
39
41
42
44
46
51
53
55
27
39
42
43
44
46
48
54
57
58
23
36
39
42
44
46
48
54
57
60
24
32
35
38
41
43
45
48
51
59
4
9
12
13
14
16
34
52
55
56
31
44
47
48
49
51
53
58
61
62
2
7
10
15
17
18
32
51
54
57
25
38
41
44
46
48
50
55
58
61
63
