time_cost:2057089ms
ontime_proportion:0.688889
max_delay:27
avg_delay:4.244444
avg_flowtime:30.111111
object function value:3114.814815
0
0
0
0
0
0
0
11
14
15
16
0
0
0
2
6
8
27
34
37
39
0
0
1
3
5
6
23
28
31
34
0
0
2
3
4
5
8
13
16
17
0
0
0
0
0
0
0
2
3
4
0
0
0
0
0
0
0
0
0
0
0
0
0
1
3
4
18
22
25
28
0
0
0
0
3
4
14
17
19
20
0
0
0
0
0
0
0
0
0
3
0
4
7
9
10
11
38
45
49
51
0
0
0
0
0
0
5
8
11
14
0
0
0
0
0
1
15
18
19
21
0
0
1
2
4
5
21
25
26
27
0
0
0
0
3
4
18
28
31
33
0
3
5
8
10
12
31
41
43
46
0
0
0
0
0
0
0
0
2
8
0
6
9
11
12
13
29
34
38
40
0
0
0
0
4
6
22
26
27
29
0
0
0
0
1
3
10
15
16
18
0
0
0
1
2
4
16
21
24
25
2
5
6
7
8
9
27
31
33
36
0
0
0
0
0
0
0
0
0
0
0
0
0
0
0
1
11
21
24
25
0
0
0
0
0
0
28
32
34
35
0
0
0
0
0
0
0
2
5
6
5
8
10
12
14
15
35
43
45
48
0
0
0
0
0
0
0
0
0
3
0
0
0
0
0
1
19
24
26
28
0
0
0
0
0
0
0
1
4
7
0
0
0
1
6
8
26
31
33
35
0
0
0
0
0
0
0
0
1
5
0
0
0
0
0
0
16
22
23
24
0
0
0
0
0
0
0
0
0
0
0
0
0
0
1
2
35
43
46
48
0
0
0
0
4
6
26
30
33
34
0
0
0
0
0
0
30
37
40
44
0
0
0
0
1
3
11
16
17
18
0
0
0
0
0
0
0
0
1
2
0
0
0
0
0
0
27
33
36
39
0
0
0
0
0
0
20
23
25
26
22
27
30
33
34
35
36
40
43
46
8
11
12
13
14
15
16
19
20
21
25
31
34
35
36
37
38
47
50
51
3
6
7
8
9
10
25
29
32
34
6
14
16
19
21
23
24
30
33
36
0
21
24
25
26
27
29
36
39
40
0
4
5
7
8
10
15
19
20
22
12
19
22
25
26
27
33
40
46
49
2
5
8
13
15
17
31
39
42
45
5
10
12
16
18
20
30
40
43
46
14
18
21
23
24
25
31
42
45
47
13
18
21
24
26
28
29
33
36
42
4
7
10
15
20
22
34
46
48
49
7
12
15
16
17
18
40
51
55
56
3
8
9
10
11
13
15
20
21
22
21
25
28
31
33
35
36
40
43
46
16
20
23
26
28
30
31
37
40
43
0
5
6
7
8
10
21
27
30
31
4
9
11
12
13
15
26
32
34
35
0
3
6
9
11
13
33
42
46
50
0
5
17
20
22
24
35
50
52
55
9
12
13
14
15
16
23
28
31
32
10
16
19
22
23
24
34
45
49
52
28
34
37
40
42
44
45
48
51
54
0
32
35
38
39
40
41
48
51
54
6
11
13
14
15
17
26
33
34
35
32
39
41
42
44
45
46
51
53
56
10
16
18
21
23
25
37
46
48
51
1
6
8
11
20
22
34
45
49
52
12
15
16
17
18
19
24
27
28
29
12
16
20
23
24
25
42
51
54
57
20
24
25
26
27
28
31
36
37
38
12
15
18
23
28
30
42
48
51
54
4
9
10
11
16
18
42
54
55
56
24
30
33
36
37
38
39
43
46
50
5
10
11
12
13
15
17
23
26
27
8
13
16
18
19
20
29
35
38
40
16
24
27
30
31
32
33
37
40
43
21
26
27
29
30
32
34
38
39
41
15
20
23
26
28
30
37
48
52
56
23
28
31
33
35
36
38
45
49
51
19
25
28
29
30
31
35
51
54
55
5
10
13
14
15
16
39
48
51
52
30
37
40
41
42
43
44
51
54
55
16
27
29
32
34
36
37
43
46
49
8
13
14
15
16
18
24
29
32
33
13
16
17
18
19
20
22
26
27
28
18
23
26
27
30
31
40
52
55
57
3
8
9
10
11
13
19
24
25
26
9
12
14
15
18
19
42
53
55
56
58
