time_cost:2532780ms
ontime_proportion:0.833333
max_delay:21
avg_delay:2.277778
avg_flowtime:25.355556
object function value:1511.851852
0
0
0
0
0
0
0
0
0
0
1
0
0
1
3
4
5
13
18
21
23
0
0
1
2
3
4
11
17
18
19
0
0
0
0
0
0
0
0
2
6
0
0
0
0
0
0
0
0
0
1
0
0
0
0
1
2
30
38
41
42
0
2
29
32
34
36
37
42
45
48
0
0
0
0
0
0
0
3
5
6
0
0
0
0
0
0
0
0
4
7
0
0
0
0
0
0
0
0
0
1
0
0
0
0
0
0
15
22
25
28
0
0
0
0
0
0
0
0
0
0
0
0
0
0
0
0
0
3
9
11
0
0
0
3
5
7
12
19
22
27
0
0
0
0
0
0
36
45
48
49
0
0
0
0
0
0
0
2
4
6
0
0
0
0
0
0
0
2
3
4
0
0
0
0
0
2
33
41
44
45
0
0
0
0
0
0
11
16
19
22
0
0
0
0
0
0
17
26
29
32
0
0
0
0
0
0
0
0
1
3
0
5
11
12
23
24
32
44
47
48
8
12
15
16
17
18
19
24
27
28
0
0
0
2
3
4
21
30
33
36
0
0
0
0
0
0
0
0
3
4
0
1
3
4
6
7
14
18
20
22
0
0
1
4
6
8
9
13
16
21
0
0
0
0
0
0
0
0
0
0
0
0
0
0
0
0
0
0
0
0
0
0
0
0
0
1
32
38
41
44
0
0
0
0
0
0
0
0
0
0
0
0
0
0
0
0
29
36
39
40
0
0
0
0
0
1
11
16
19
20
0
0
0
0
0
0
0
0
0
0
0
0
0
0
0
1
23
28
30
31
0
0
0
0
0
0
1
2
19
23
0
0
0
0
0
0
0
0
0
0
0
0
0
0
1
3
18
25
26
27
0
0
0
0
0
0
0
0
0
0
0
1
4
6
7
8
30
38
41
43
6
11
13
16
18
20
23
32
35
41
16
22
25
27
28
29
33
43
46
48
3
9
12
15
16
17
24
30
38
41
2
5
6
7
8
9
31
36
38
39
4
8
11
14
15
16
17
21
24
27
24
32
34
37
39
41
42
47
49
52
14
25
27
32
34
36
37
42
44
47
10
15
18
19
20
21
31
39
43
44
27
34
37
39
40
41
43
47
50
52
28
36
37
38
39
41
42
47
48
50
12
19
22
25
27
29
30
33
42
45
0
4
7
11
12
13
23
30
33
36
29
39
40
42
43
45
47
51
52
54
5
8
10
11
13
15
16
19
21
22
24
31
33
34
36
38
39
42
45
46
1
6
8
11
13
15
16
21
23
26
2
7
8
9
10
12
27
36
37
39
15
28
31
32
33
34
35
40
45
47
24
29
32
35
37
39
40
44
47
50
13
17
19
21
22
24
33
41
42
44
8
13
15
18
20
22
23
28
30
34
31
39
40
42
44
46
48
52
54
56
10
15
18
20
24
26
34
44
47
51
1
7
8
9
12
14
20
27
28
29
21
27
30
33
35
37
38
41
44
47
7
12
15
18
19
20
26
33
36
39
8
14
16
17
19
20
21
24
26
27
11
16
18
19
22
23
28
37
38
40
0
4
7
10
11
12
13
17
20
23
3
6
7
8
9
10
11
14
15
16
10
15
17
18
20
22
23
26
32
33
8
12
14
15
17
19
20
23
25
26
21
27
29
30
32
33
34
37
39
40
8
15
17
20
22
24
25
30
32
35
4
8
11
13
14
15
17
21
24
26
6
11
14
15
16
17
18
25
28
29
5
8
9
10
12
13
15
20
21
24
4
8
9
11
15
17
19
29
33
35
3
8
10
13
15
18
28
37
42
45
24
33
36
37
38
39
40
45
48
49
26
34
36
39
41
43
44
49
51
54
33
40
42
43
45
47
48
53
54
55
0
4
5
7
8
10
34
44
47
49
27
36
39
42
43
44
45
49
52
55
17
20
27
30
32
34
35
41
44
47
6
10
11
13
14
16
20
26
27
30
7
11
12
13
18
19
31
37
39
40
2
6
7
9
10
12
14
18
19
21
25
33
36
37
38
39
40
45
49
52
6
10
13
16
17
18
19
23
26
29
57
