time_cost:6429ms
ontime_proportion:0.577778
max_delay:28
avg_delay:5.044444
avg_flowtime:35.066667
object function value:4391.111111
0
0
0
2
4
5
7
22
27
30
34
0
0
0
0
0
5
27
35
37
40
0
0
0
0
0
1
18
22
28
32
0
0
0
0
0
0
0
0
1
6
0
5
7
10
12
16
30
36
37
40
0
0
0
0
0
0
0
0
3
6
0
0
0
0
0
1
21
26
33
35
0
0
0
0
0
0
0
5
10
12
0
0
0
0
0
0
0
0
0
0
0
0
0
0
0
0
21
26
29
31
0
0
0
0
0
0
0
2
5
8
0
3
5
7
8
10
18
22
27
29
0
0
2
3
5
6
21
26
32
33
0
0
0
0
0
0
22
28
31
33
0
0
0
2
3
4
18
24
26
28
0
0
0
0
0
0
0
0
0
0
0
0
0
1
2
6
27
36
39
41
0
0
0
0
4
7
30
37
40
42
0
0
0
0
0
0
20
24
30
32
0
0
0
0
0
0
0
0
0
2
0
0
0
0
0
0
0
0
0
0
0
0
0
0
0
0
0
0
0
0
0
0
0
0
0
0
0
0
0
0
0
0
0
0
1
3
23
29
32
35
0
0
0
0
1
3
27
33
41
44
0
1
2
5
7
8
33
40
44
47
0
2
4
6
7
9
19
24
28
30
0
0
2
5
7
10
35
40
45
48
0
0
0
0
0
1
23
27
36
38
0
0
0
0
0
0
0
0
0
0
0
0
0
0
0
0
0
2
6
9
0
0
0
0
0
2
22
28
30
32
0
0
0
0
0
0
31
38
42
45
0
0
0
0
2
11
33
39
42
45
0
3
5
8
10
12
30
39
41
44
0
0
1
5
7
8
31
37
40
43
0
0
0
0
0
0
0
1
44
50
0
0
0
0
0
0
22
26
32
34
0
0
0
0
0
0
0
0
0
4
0
4
6
10
11
16
36
42
48
50
5
13
20
23
25
26
34
42
47
50
3
8
9
12
14
18
37
42
48
51
14
18
19
22
24
25
34
41
45
52
9
14
16
18
20
22
35
43
50
52
11
15
18
20
21
23
25
29
32
36
0
3
5
6
8
9
22
25
31
32
8
11
14
15
17
18
19
23
27
28
8
12
17
19
20
22
24
28
31
33
12
17
20
22
23
25
27
31
34
36
6
11
13
15
22
24
38
45
52
54
18
21
25
26
28
29
30
34
36
37
2
6
11
14
16
18
36
42
47
50
6
12
18
20
21
23
34
43
50
53
2
6
9
11
13
14
26
30
33
35
5
9
11
14
18
20
31
40
43
46
1
5
8
13
15
16
23
30
39
41
11
16
21
24
26
27
34
41
46
49
13
18
22
24
25
27
28
33
35
37
14
18
22
27
29
30
37
44
49
54
3
8
10
13
15
16
34
41
44
49
15
19
24
26
27
30
40
46
52
55
5
9
12
15
17
18
26
31
34
37
4
8
11
17
19
20
27
33
36
42
17
21
29
31
32
34
35
39
42
44
9
15
17
19
23
25
38
47
54
56
6
12
14
17
29
33
39
43
51
54
2
6
9
11
13
14
26
32
35
39
10
15
20
22
23
25
26
31
33
35
2
6
9
11
13
14
24
35
38
40
13
17
22
24
25
27
29
33
35
38
6
11
14
17
19
20
39
44
50
56
5
9
12
19
22
28
30
34
37
39
9
13
15
21
25
28
38
45
52
54
7
12
15
18
20
21
37
42
47
56
3
9
13
21
28
31
33
37
40
42
8
13
17
20
29
32
39
45
50
58
15
19
24
26
27
29
31
35
37
39
9
14
19
21
27
30
32
37
40
45
12
17
21
24
34
36
43
48
55
60
15
19
24
27
32
35
42
46
54
57
16
21
24
27
31
35
42
47
53
58
11
16
19
21
29
32
41
48
54
56
13
19
23
26
27
32
40
47
54
57
19
23
27
29
30
34
40
44
53
55
18
22
27
30
34
37
44
48
57
60
10
15
16
22
30
33
42
49
56
59
19
23
29
31
35
39
44
49
58
60
16
20
26
29
31
35
43
50
56
57
17
20
26
29
35
38
44
47
56
59
14
18
25
29
31
33
43
49
56
58
62
