time_cost:3228443ms
ontime_proportion:0.633333
max_delay:32
avg_delay:5.388889
avg_flowtime:32.933333
object function value:3764.444444
0
0
0
1
4
6
7
17
22
24
27
0
0
1
3
4
6
29
33
36
38
0
0
0
0
0
0
0
0
0
0
0
0
0
0
0
2
13
17
21
23
0
0
0
0
0
0
13
15
21
23
0
0
0
0
2
5
19
25
30
33
0
0
0
0
0
0
0
0
0
0
0
0
0
0
0
0
0
0
2
4
0
0
0
0
0
0
22
26
33
38
0
0
0
0
0
0
0
1
4
6
0
0
0
0
0
0
0
0
0
1
0
0
0
0
0
0
0
0
0
0
0
0
0
0
0
0
0
0
1
7
0
0
0
1
3
4
13
17
22
23
0
0
1
3
4
6
18
23
28
30
0
0
0
0
0
0
0
0
0
0
0
0
0
0
0
0
9
15
17
18
0
2
4
6
7
8
18
23
28
30
0
0
0
0
0
0
0
0
0
0
0
0
0
0
1
3
15
20
24
26
0
0
0
0
0
0
14
20
22
24
0
0
0
0
0
1
22
27
36
40
0
0
0
0
0
0
16
22
27
30
0
3
5
8
10
12
36
40
44
48
0
0
0
0
0
0
1
2
4
9
0
0
0
0
0
0
15
19
25
28
0
4
6
8
9
11
45
49
55
57
0
0
0
0
0
0
0
1
4
6
0
0
0
0
0
0
0
0
0
2
0
0
0
0
0
1
16
21
23
25
0
0
0
0
0
0
0
0
0
2
0
0
0
0
0
0
22
26
33
36
0
0
0
0
2
4
33
37
42
45
0
0
0
0
0
0
20
25
30
32
0
0
0
0
0
2
23
28
38
40
0
0
3
5
6
9
33
37
43
45
0
0
0
0
0
0
34
39
43
53
0
0
0
0
2
3
27
31
34
35
0
0
0
0
1
3
17
23
28
30
0
1
2
5
7
8
29
33
37
40
19
23
27
29
30
32
34
38
40
44
4
9
11
13
14
16
29
34
38
40
13
17
19
21
22
23
25
29
32
34
8
13
16
19
21
23
34
38
51
54
6
12
15
18
20
21
30
38
48
51
23
26
32
38
40
41
43
46
50
53
13
16
18
21
23
24
37
40
47
50
4
8
10
16
19
22
34
39
52
55
11
15
20
22
23
25
27
32
45
47
1
5
7
9
10
16
33
37
49
51
19
24
30
36
38
39
41
44
46
49
9
13
16
18
19
21
36
40
45
47
0
5
8
11
13
15
31
36
40
43
12
20
22
26
28
29
42
47
51
55
15
18
23
26
28
29
31
34
38
41
12
18
23
25
26
28
29
33
36
38
27
33
35
38
40
41
49
54
57
60
2
6
8
11
13
15
25
29
39
43
9
13
15
18
19
26
47
51
57
59
5
9
13
15
16
17
27
31
35
40
5
9
11
14
16
18
19
23
25
28
9
14
21
24
27
29
31
36
42
46
21
25
28
30
31
33
45
49
53
55
5
9
11
12
14
15
16
21
26
27
0
10
13
15
16
18
22
28
36
38
4
12
15
17
23
25
34
40
54
56
22
27
30
32
33
35
46
51
58
60
2
6
8
10
11
13
30
34
38
42
0
4
7
9
11
12
30
35
47
52
6
11
15
18
21
23
37
42
47
49
1
7
9
11
12
13
26
30
40
42
32
36
40
43
45
46
48
52
54
57
8
15
18
24
26
27
29
34
42
45
18
25
30
33
35
36
38
42
49
52
11
18
20
22
25
27
45
50
56
58
5
11
12
16
18
19
21
27
33
36
0
4
6
8
9
10
14
21
26
28
0
4
7
9
14
20
43
47
54
56
4
8
11
13
15
16
26
31
43
45
8
13
17
19
20
22
24
31
34
36
9
15
18
20
23
26
40
45
49
53
16
19
21
22
24
25
26
29
31
35
11
16
19
21
22
23
26
30
41
43
3
11
14
16
17
19
40
48
59
61
4
11
12
15
18
19
38
43
48
51
17
22
25
28
30
31
40
45
51
54
0
6
9
11
12
14
22
27
29
32
10
13
17
20
25
26
35
39
51
54
23
28
32
34
36
37
39
43
46
50
8
11
13
16
18
20
26
36
45
48
62
