time_cost:7341ms
ontime_proportion:0.611111
max_delay:36
avg_delay:7.533333
avg_flowtime:29.066667
object function value:3857.777778
0
0
0
0
0
0
0
0
0
0
0
0
0
0
0
0
0
54
58
59
60
48
51
52
53
54
56
58
63
64
65
0
0
0
0
0
0
32
39
41
42
0
0
0
0
0
0
0
0
1
2
0
0
0
0
31
33
47
53
55
58
0
0
0
1
3
5
16
20
23
25
0
0
2
3
34
37
55
59
60
61
0
0
0
0
0
1
11
17
18
19
0
0
0
0
0
0
37
40
45
46
0
0
0
0
23
27
44
47
48
49
0
0
0
1
5
7
28
34
37
38
0
0
0
0
0
0
36
40
43
44
0
0
1
2
3
5
19
25
27
28
0
3
5
8
9
11
34
39
42
47
0
0
0
0
1
2
24
28
29
30
0
0
0
0
0
0
0
2
3
4
0
1
2
5
7
9
25
29
30
31
0
0
0
0
0
0
0
0
2
5
0
0
0
3
4
6
16
22
24
27
0
0
0
0
0
1
20
29
31
36
0
0
0
0
2
9
41
45
46
47
0
0
0
0
0
2
14
20
21
22
0
0
0
0
0
0
0
0
0
0
0
0
0
0
0
0
0
0
0
0
0
0
0
0
0
0
0
1
3
7
0
0
0
0
0
0
0
0
0
0
0
0
0
0
5
7
40
45
46
49
0
0
0
0
0
0
0
0
0
0
0
0
0
0
0
0
0
0
0
3
0
0
0
0
0
0
0
2
5
6
0
0
0
0
7
12
43
47
48
49
0
0
0
0
0
0
0
0
0
1
0
0
0
0
0
0
0
0
1
2
0
0
0
0
0
0
0
0
3
6
13
18
20
23
32
34
49
54
56
59
0
0
0
1
26
30
47
52
53
54
0
0
0
0
26
28
48
52
55
56
0
0
2
6
33
35
52
57
58
62
0
0
0
0
0
0
0
1
2
3
38
41
43
44
46
47
48
51
53
54
4
8
9
10
11
12
14
18
19
20
10
13
14
15
16
18
24
29
30
33
46
49
51
52
54
55
56
59
61
62
37
41
44
45
47
49
51
55
58
59
18
23
25
27
28
29
32
37
39
41
5
11
12
14
22
24
38
43
45
48
0
3
4
5
6
8
35
39
42
43
10
14
15
16
20
22
24
28
29
30
13
18
20
23
24
26
27
32
34
37
0
5
7
10
11
13
27
32
34
37
1
4
6
8
13
15
45
48
50
52
43
48
50
52
53
54
55
60
62
64
12
17
18
19
34
36
52
56
57
60
12
16
17
18
23
26
28
32
33
35
4
8
10
14
15
16
18
22
23
24
7
12
14
17
18
20
32
37
40
43
12
16
17
18
19
20
23
27
28
29
5
10
12
14
15
16
22
27
29
31
16
19
20
21
23
28
29
32
34
35
4
7
8
9
10
12
16
19
20
21
12
16
17
18
22
26
28
32
33
35
1
4
6
7
9
10
21
24
28
33
3
8
10
13
16
18
24
29
31
34
6
10
11
12
20
22
40
44
45
46
32
35
37
38
40
41
45
50
52
56
10
14
17
19
21
23
29
34
37
38
20
23
25
27
28
30
31
36
38
40
7
12
13
14
16
19
21
26
27
30
1
6
8
11
12
14
15
20
24
27
0
5
6
7
8
10
27
34
36
37
3
9
11
13
14
16
17
20
22
24
1
4
6
9
11
12
13
16
18
19
10
15
17
19
29
34
52
57
59
61
19
25
26
29
30
31
33
38
39
42
8
13
14
15
21
24
26
31
32
33
2
7
9
12
13
15
16
21
23
26
15
20
22
24
25
26
27
32
34
36
8
12
13
14
18
21
39
43
44
45
10
13
15
16
19
22
23
26
28
29
8
13
15
17
20
25
41
46
48
50
4
8
11
12
14
16
18
22
25
26
6
10
13
15
18
20
22
26
29
34
6
10
12
13
16
17
19
23
27
28
7
11
14
15
20
23
26
30
31
32
11
14
16
18
21
25
26
30
32
34
2
6
9
10
12
14
23
27
30
31
2
7
11
16
17
18
20
25
26
29
8
11
14
15
18
21
25
28
30
31
20
25
27
28
30
32
51
55
56
57
66
