time_cost:2558498ms
ontime_proportion:0.844444
max_delay:31
avg_delay:1.966667
avg_flowtime:27.011111
object function value:1455.925926
0
0
11
14
15
16
17
19
25
28
30
0
0
0
0
0
0
0
0
1
2
0
0
0
0
0
0
0
0
0
2
0
0
0
0
0
0
0
0
0
0
0
0
0
0
0
0
0
0
0
1
0
0
0
0
0
0
0
0
0
0
0
0
0
0
0
0
0
0
0
1
0
0
2
4
5
6
8
13
16
18
0
0
0
0
0
2
15
18
21
24
0
0
0
0
0
0
0
0
5
8
0
0
0
0
0
1
14
23
24
25
0
0
0
0
0
1
7
17
19
22
0
0
0
0
0
0
0
0
1
2
0
0
0
0
0
0
0
0
0
4
0
0
0
0
0
0
0
0
0
0
0
0
2
5
7
9
20
28
30
33
0
0
0
0
2
3
21
27
30
32
0
0
0
0
0
0
0
2
5
10
0
0
0
0
2
3
23
28
31
34
0
0
0
0
0
0
0
0
0
0
0
0
0
1
2
3
11
16
18
23
0
0
3
5
6
7
24
30
33
35
0
0
0
1
3
4
7
12
14
19
0
0
0
0
0
0
0
0
0
2
0
0
0
0
1
2
11
19
22
24
0
0
0
0
0
0
0
0
0
0
0
0
0
0
0
0
10
17
20
22
0
0
0
0
0
0
0
0
0
7
0
0
0
0
0
2
17
21
23
26
0
0
0
0
0
0
25
30
32
33
0
0
0
0
0
0
9
14
19
22
0
0
0
0
0
0
25
33
35
36
0
0
0
0
0
0
0
14
17
20
0
0
0
0
0
0
0
1
2
4
0
3
4
5
6
8
20
27
28
29
0
0
0
0
0
0
12
17
20
23
0
0
0
0
0
0
0
1
3
4
0
2
5
6
7
8
15
23
26
27
0
0
0
0
0
0
0
1
2
3
0
0
0
0
0
0
28
35
37
39
6
11
14
16
17
18
19
24
27
31
5
9
10
12
13
15
27
34
36
38
12
20
23
25
26
27
29
33
36
38
14
22
23
24
25
26
27
33
35
36
2
5
7
8
10
12
20
28
31
39
6
12
13
14
15
17
24
34
36
37
3
7
10
13
14
15
16
20
23
26
16
25
27
30
32
34
35
40
42
45
15
23
26
27
28
29
30
36
39
40
1
6
7
8
9
11
34
44
45
46
9
22
25
26
27
28
29
35
38
40
5
10
12
15
17
19
25
36
38
41
3
6
8
9
12
14
24
34
36
38
16
23
26
29
30
31
32
36
39
42
1
4
6
7
9
11
25
35
37
38
14
19
22
23
24
25
32
44
47
48
3
8
10
13
15
17
18
23
25
28
7
10
13
14
17
18
28
35
38
39
8
12
15
17
18
19
31
41
44
46
14
18
20
21
23
24
35
42
44
45
9
14
16
19
21
23
35
45
47
50
25
31
34
37
39
41
42
45
48
51
5
8
9
10
11
12
13
16
17
18
3
9
12
14
15
16
28
38
41
43
2
6
9
12
13
14
27
37
40
43
14
17
18
21
22
23
37
47
48
49
25
32
35
38
39
40
41
48
51
54
12
16
19
22
23
24
36
47
50
53
17
26
29
31
32
33
35
39
43
45
24
30
31
32
34
36
37
40
42
43
1
6
7
8
9
11
40
51
52
53
10
15
18
19
20
21
39
50
53
54
16
26
28
31
33
35
36
41
43
47
3
6
9
12
14
16
17
20
23
28
0
3
5
6
8
9
10
14
16
17
23
32
33
34
35
37
38
45
46
47
20
26
27
28
29
31
40
54
55
56
28
38
41
44
45
46
47
52
55
58
31
39
42
44
45
46
48
53
56
58
6
10
13
17
18
19
40
50
53
56
20
27
30
32
33
34
36
41
44
47
21
31
34
36
37
38
40
44
47
49
2
7
8
9
11
13
45
57
58
59
10
37
40
41
42
43
44
55
58
59
0
3
5
6
8
9
38
48
50
53
20
29
32
35
36
37
38
42
45
48
32
42
45
47
48
49
51
55
58
60
6
9
12
13
17
18
44
53
54
55
21
30
33
36
37
38
39
43
46
49
6
10
12
13
19
20
45
56
57
58
61
