time_cost:5284ms
ontime_proportion:0.500000
max_delay:40
avg_delay:7.011111
avg_flowtime:32.311111
object function value:5077.037037
0
0
0
0
0
0
0
0
0
0
3
0
0
0
0
1
3
36
42
43
47
10
16
19
20
22
24
34
40
45
46
0
0
1
3
4
6
38
43
45
47
0
0
0
0
0
1
36
43
46
47
0
0
0
1
2
4
23
29
31
32
0
1
3
5
6
7
29
35
38
43
0
0
0
0
0
0
29
37
39
41
0
0
0
0
0
0
0
0
0
0
0
3
5
7
8
9
24
30
33
35
0
0
0
0
0
0
0
0
0
0
0
2
4
5
6
7
28
33
35
36
0
0
0
0
0
0
0
0
0
0
0
0
0
0
0
1
27
32
35
36
0
0
0
0
0
0
0
0
0
2
0
0
0
0
0
0
0
0
1
4
0
0
0
0
0
0
0
0
0
1
0
0
0
0
0
0
0
0
0
4
0
0
0
1
9
10
47
56
59
62
0
0
0
0
0
0
0
0
1
2
0
0
0
0
0
0
33
36
39
40
0
0
0
0
7
9
44
51
53
56
0
0
0
0
0
0
23
29
32
35
0
0
0
0
0
0
0
1
5
10
17
24
26
28
31
34
55
64
67
69
0
0
0
0
0
0
14
19
22
25
0
0
0
0
0
0
0
7
10
14
9
13
16
17
18
20
21
26
29
30
0
0
0
0
0
0
32
38
41
42
0
1
3
6
7
9
29
32
34
37
9
16
18
20
21
22
24
29
31
33
0
0
0
0
0
0
0
0
0
0
0
0
0
0
5
7
43
49
56
57
0
0
0
0
3
5
40
44
50
53
0
0
0
0
0
0
0
4
6
8
0
0
0
0
0
0
0
0
2
5
0
3
5
7
8
10
47
54
57
58
0
0
0
0
0
2
21
25
28
31
0
0
1
2
3
4
15
27
30
31
0
0
2
5
33
35
50
57
59
63
23
28
30
31
32
34
47
53
57
58
31
38
40
42
43
44
45
50
52
54
6
11
13
14
15
16
18
21
23
25
14
25
28
29
30
32
34
39
41
42
7
13
16
17
21
23
28
32
35
36
9
12
14
15
16
18
20
25
27
28
14
18
20
23
31
33
48
55
58
61
15
46
49
50
51
53
54
59
62
63
2
7
10
13
15
16
17
22
25
28
23
26
28
29
30
32
44
49
52
53
13
18
19
22
26
28
32
36
37
40
2
5
7
12
34
36
53
62
64
67
9
14
16
17
18
20
22
27
29
30
0
10
13
16
18
19
21
26
29
32
40
46
49
52
54
55
56
62
65
68
11
17
18
20
22
24
25
29
31
33
12
16
18
21
22
24
26
31
33
36
28
36
38
40
41
42
50
60
62
64
1
6
9
12
14
15
16
21
24
27
9
15
17
19
23
24
26
34
36
41
1
5
8
9
10
12
13
17
20
24
2
6
9
11
12
14
42
49
50
52
7
11
13
16
29
31
41
52
54
58
39
46
49
50
51
53
54
59
62
63
0
3
5
6
7
8
15
20
23
24
6
9
14
17
20
22
26
30
32
35
15
20
22
23
26
27
51
62
64
65
0
4
5
8
10
12
28
35
36
39
46
53
56
57
58
60
61
65
68
69
4
11
14
15
24
26
31
35
38
39
13
18
20
21
26
28
32
38
40
41
40
45
46
48
49
51
52
56
57
59
10
19
22
25
27
28
29
35
38
41
16
22
23
26
28
30
34
41
42
45
8
14
17
18
19
21
32
37
40
43
11
17
20
23
25
26
27
32
35
38
19
23
24
26
27
29
30
35
36
38
5
10
12
14
16
18
19
23
24
26
2
7
10
11
12
14
23
28
32
33
4
9
11
12
13
17
19
24
29
30
3
7
8
11
13
15
44
52
53
58
5
16
17
20
24
26
36
41
42
45
4
11
13
14
20
22
31
39
41
42
17
22
28
30
35
37
52
64
65
67
5
10
12
13
14
16
18
23
25
26
8
13
17
18
24
26
36
42
45
46
3
8
11
14
16
17
18
23
26
29
12
32
36
37
38
40
50
57
61
62
9
14
15
18
19
21
22
26
27
30
7
13
14
16
17
19
20
24
26
32
70
