time_cost:5268ms
ontime_proportion:0.700000
max_delay:29
avg_delay:4.322222
avg_flowtime:30.644444
object function value:3021.481481
0
0
0
0
0
0
1
51
55
56
57
0
0
0
1
4
6
17
20
21
22
3
5
12
15
24
26
31
36
38
41
0
2
4
7
8
10
14
19
21
24
0
0
0
0
0
0
0
0
0
0
0
0
1
2
7
9
34
38
39
40
0
0
0
0
0
0
0
0
0
1
0
0
0
0
0
0
0
0
0
0
0
0
0
0
1
2
47
52
53
56
0
0
0
0
0
0
0
0
1
2
0
0
0
1
4
5
19
22
24
25
0
0
0
0
0
0
0
0
0
1
0
0
0
0
0
1
32
37
39
42
0
0
0
0
3
4
16
21
23
25
0
0
1
2
4
6
40
44
47
48
0
4
6
9
10
12
30
35
39
42
0
0
0
0
0
0
19
24
26
29
0
0
0
0
0
0
49
53
55
56
0
0
0
0
0
1
23
26
28
29
0
0
0
0
0
0
0
0
0
0
0
1
7
10
18
20
26
29
31
33
0
2
3
4
5
7
27
33
36
37
0
0
0
0
0
0
31
34
36
37
0
0
0
0
0
0
0
0
0
0
0
0
2
5
6
8
13
18
20
23
0
0
0
0
0
1
8
13
15
17
15
20
23
24
29
36
47
51
54
55
0
0
0
0
2
4
12
15
16
18
0
0
0
2
3
5
24
31
35
37
0
0
0
3
6
8
47
52
54
57
0
0
0
0
0
0
0
0
1
4
0
0
0
0
0
0
22
26
28
34
12
17
18
21
22
23
25
31
32
35
0
1
8
10
23
25
29
32
34
36
28
31
32
33
34
36
38
43
44
45
0
0
0
0
0
0
0
0
2
5
0
0
0
0
1
2
18
23
25
27
0
3
4
5
6
7
13
17
18
19
0
0
0
0
1
3
33
36
37
38
0
0
0
0
0
0
42
47
49
51
4
9
15
18
27
30
42
47
48
51
28
31
32
33
34
36
37
40
41
43
24
27
29
31
32
34
35
38
41
43
14
19
20
23
24
25
27
32
33
36
24
28
31
32
34
36
38
42
45
48
4
7
9
10
12
13
19
22
24
29
5
10
12
15
16
18
19
24
26
29
0
3
5
7
14
16
25
28
30
32
10
14
15
16
18
20
25
29
30
31
22
27
29
32
33
35
37
42
44
47
5
10
11
12
27
29
36
41
42
43
9
12
14
16
25
29
37
40
43
44
15
19
21
22
23
24
26
30
31
32
7
12
13
14
15
32
47
51
52
53
15
19
20
21
23
25
32
36
38
39
15
20
22
23
25
30
39
43
44
46
8
13
17
20
21
24
28
33
35
41
9
12
14
15
16
19
36
40
43
44
1
4
6
8
12
16
38
41
43
44
5
9
10
11
20
22
32
36
40
41
0
4
7
8
10
12
21
29
32
34
4
8
9
10
21
23
30
34
37
38
6
10
11
12
13
14
21
25
26
27
0
4
5
6
26
28
34
38
39
40
10
15
16
19
20
22
25
30
33
36
12
15
17
19
20
22
23
26
28
30
11
16
18
19
22
28
37
41
43
44
17
22
23
25
30
38
49
54
57
58
15
20
22
24
25
27
34
39
40
42
41
45
46
47
48
49
51
55
56
57
5
8
10
12
13
15
22
25
27
29
27
32
34
36
37
38
44
49
51
53
8
12
13
14
16
18
20
24
25
26
5
10
12
14
15
16
19
24
26
28
1
5
6
7
18
20
35
39
42
43
13
16
17
18
19
21
25
28
29
30
10
14
15
16
18
20
30
34
37
38
10
14
17
18
28
34
45
49
52
53
14
19
20
23
24
26
28
33
37
40
2
5
7
9
10
12
19
22
24
26
7
11
12
13
14
15
17
21
23
26
34
37
38
39
40
42
44
48
49
50
11
15
16
17
27
32
43
47
48
49
3
7
10
11
13
17
33
37
42
43
4
8
9
10
11
12
24
28
29
30
0
6
8
11
13
27
39
44
45
48
1
6
7
8
9
13
29
35
36
37
0
6
7
10
12
14
30
35
36
39
8
13
14
15
16
18
20
25
26
27
3
9
12
16
28
30
36
41
42
48
59
