time_cost:2087073ms
ontime_proportion:0.777778
max_delay:30
avg_delay:2.644444
avg_flowtime:29.222222
object function value:2196.296296
0
0
0
3
4
5
7
9
16
19
21
0
0
0
0
0
0
0
0
0
3
0
0
0
0
0
0
15
21
25
28
0
0
0
1
2
4
9
15
18
19
0
0
0
0
2
4
12
18
19
21
0
0
0
0
0
0
0
0
0
0
0
0
0
0
0
1
12
19
22
25
0
0
0
0
0
0
0
0
0
2
0
0
0
0
0
1
5
11
13
17
0
0
0
1
3
5
20
25
28
30
0
0
0
5
7
8
11
19
22
28
0
0
0
0
0
13
22
31
33
36
0
0
0
0
0
0
5
13
15
16
0
0
0
0
0
1
17
21
22
24
0
0
0
0
0
0
0
0
0
0
0
0
0
0
0
0
0
0
0
1
0
0
0
0
1
3
14
22
25
26
0
0
0
0
0
0
0
3
5
7
0
0
0
0
0
0
8
15
17
19
0
0
1
6
8
10
14
22
25
29
0
2
5
6
7
9
21
27
30
31
0
0
0
0
0
0
9
12
15
18
0
0
0
0
1
3
28
34
37
38
0
3
5
7
8
12
16
24
26
28
0
0
3
6
7
9
12
21
24
27
0
0
0
0
0
0
0
1
3
7
0
0
0
0
0
0
0
0
0
0
6
13
16
17
18
20
25
32
36
39
0
0
0
0
0
0
0
4
9
18
0
0
2
4
6
8
14
19
21
24
0
0
0
2
4
6
30
35
37
40
0
11
14
15
16
18
26
35
38
39
0
0
0
0
0
0
0
0
0
0
0
0
0
0
4
6
17
26
27
30
0
0
0
0
0
0
8
14
16
18
0
0
0
0
0
0
0
0
1
3
0
0
0
0
3
5
19
26
29
32
0
0
0
0
0
0
7
14
15
18
0
0
0
0
0
0
17
24
27
29
0
0
0
0
6
15
24
34
37
40
2
24
27
30
31
32
34
37
40
43
20
27
30
32
33
35
37
41
43
45
20
27
29
31
32
34
36
40
42
44
2
8
11
15
17
19
22
31
34
38
19
25
28
31
32
33
35
39
42
45
22
27
30
33
35
37
39
42
45
48
19
24
27
30
32
33
35
40
44
47
5
8
11
14
15
16
27
37
40
43
11
15
17
19
20
22
30
38
39
41
5
8
11
13
14
16
17
20
21
23
25
32
34
36
38
40
42
47
49
51
1
6
7
12
14
16
17
22
23
25
1
6
7
9
11
13
33
39
47
49
2
6
8
10
11
17
29
42
44
46
14
18
23
26
28
30
32
36
41
45
11
16
20
22
24
26
37
45
48
50
9
14
16
18
19
21
33
43
47
50
24
31
32
34
36
38
40
45
50
52
2
7
10
11
21
23
38
45
51
52
22
29
31
33
34
35
37
44
46
48
27
31
34
37
39
41
43
46
49
53
29
42
44
45
46
47
49
53
55
56
1
5
7
9
10
11
13
17
19
21
24
33
35
36
37
39
41
45
48
49
0
3
6
8
9
15
28
38
39
42
6
11
14
17
18
20
29
39
45
48
2
7
10
11
12
14
16
21
24
25
20
30
31
33
34
36
37
40
42
44
1
5
7
9
10
11
13
17
19
21
21
29
32
35
36
37
39
42
45
51
2
7
8
10
12
14
15
20
21
26
5
10
12
14
22
24
42
49
52
54
26
34
35
37
40
42
43
49
52
55
8
11
12
14
16
18
24
30
33
37
23
32
34
36
38
40
42
46
48
52
25
34
36
38
39
41
43
47
49
51
9
23
25
27
29
31
41
49
54
57
20
28
31
34
36
38
40
44
48
51
3
8
17
20
22
23
30
47
50
53
23
29
37
40
42
43
45
50
54
57
29
35
38
40
42
44
46
51
54
56
26
36
39
42
43
44
46
50
53
56
2
5
10
13
14
21
31
49
52
59
34
43
46
47
48
49
51
55
58
59
7
12
14
16
18
19
30
36
40
42
9
18
20
22
23
24
31
48
51
53
11
16
18
20
24
27
46
52
57
59
33
39
44
46
47
48
50
54
56
59
7
11
13
15
23
25
46
51
56
58
6
9
10
12
16
18
40
48
52
54
60
