time_cost:2975009ms
ontime_proportion:0.800000
max_delay:23
avg_delay:2.688889
avg_flowtime:25.422222
object function value:1847.407407
0
0
0
0
0
0
0
0
2
4
5
0
0
0
0
0
0
0
0
0
3
0
0
1
2
4
6
20
24
26
27
0
0
0
0
0
6
43
47
49
50
0
0
0
0
0
2
31
36
38
41
0
0
0
0
0
0
0
0
0
0
0
2
3
6
7
8
33
38
39
42
0
0
0
0
2
4
13
19
21
24
0
0
0
0
0
0
0
0
0
1
10
12
13
14
18
20
41
45
46
47
0
0
0
0
0
0
0
0
1
4
0
0
0
0
5
9
45
48
50
51
0
0
3
4
6
8
14
20
23
26
0
0
1
2
4
5
10
16
18
20
0
0
0
0
0
0
40
46
47
52
0
0
0
0
0
0
0
0
0
2
0
0
0
0
0
0
0
5
19
22
0
0
0
0
0
0
0
0
1
4
0
0
0
0
0
0
0
2
4
7
0
0
0
0
0
2
5
10
11
12
0
0
0
0
0
0
41
45
46
49
0
0
0
0
0
0
0
0
2
3
0
0
0
0
0
0
0
0
0
7
0
0
0
0
3
4
36
40
41
43
0
0
0
0
1
3
7
11
12
13
0
0
0
0
0
0
0
1
2
3
0
0
0
0
0
1
31
35
36
37
0
0
0
0
0
0
1
4
5
6
0
0
0
0
0
0
10
14
17
20
0
0
0
0
0
0
0
0
0
0
0
1
3
5
6
8
38
41
43
46
0
0
0
0
0
1
24
27
29
32
0
0
0
0
1
2
4
9
10
13
25
29
31
32
34
36
38
41
43
44
0
0
0
1
2
4
26
31
32
33
0
0
0
0
1
3
28
31
33
35
0
0
0
1
3
5
14
18
21
24
0
0
0
0
0
0
0
0
0
0
0
4
5
6
7
8
18
23
24
27
0
0
0
0
0
0
0
0
0
1
5
10
12
15
16
18
21
26
30
34
7
16
18
20
22
24
36
41
43
46
31
34
35
36
37
39
40
43
44
45
17
21
22
23
25
27
29
33
34
35
2
5
7
8
10
11
12
15
17
18
22
25
27
28
30
31
35
38
40
41
0
5
6
7
8
12
45
50
51
52
27
31
34
35
37
39
41
45
48
49
3
6
7
8
15
17
28
32
33
34
2
5
7
8
10
11
18
21
23
25
5
10
14
16
18
23
27
32
36
37
0
3
6
8
11
13
34
37
39
42
26
31
33
35
36
37
45
50
52
54
14
18
19
20
22
24
47
51
52
53
20
24
25
26
27
28
31
35
36
37
12
17
22
24
25
27
32
37
41
43
10
13
15
16
18
19
22
25
27
28
14
19
20
23
24
25
29
34
35
38
9
14
15
18
19
20
22
27
28
31
19
22
24
26
27
29
34
37
39
41
5
9
10
11
13
15
34
39
40
41
0
5
7
9
10
11
27
35
37
39
9
14
16
19
20
22
26
31
33
37
24
28
29
30
32
34
37
41
42
43
3
7
10
11
13
15
17
21
24
28
5
10
12
15
16
18
19
24
26
30
2
7
9
11
12
13
14
19
21
23
9
12
13
14
15
17
19
23
24
25
17
20
22
23
24
26
31
34
35
37
2
6
9
10
12
14
16
20
23
24
18
23
24
25
26
28
31
36
37
38
12
15
16
17
22
25
36
39
41
42
0
5
6
9
10
11
13
18
19
22
22
27
29
32
33
35
36
42
44
49
23
28
29
30
31
33
35
40
41
42
28
33
35
37
39
41
45
49
51
53
12
17
18
19
20
22
24
29
30
32
18
22
25
26
28
30
32
36
39
40
27
30
32
33
35
36
45
48
50
51
10
14
15
16
17
18
23
27
28
29
6
11
12
13
14
16
18
24
25
28
21
26
28
30
31
32
34
39
41
43
4
9
10
13
14
16
31
36
37
38
0
3
5
7
8
10
11
15
17
19
7
12
13
14
17
19
21
26
27
31
3
7
8
9
11
13
15
19
20
21
9
13
16
17
19
21
30
34
37
38
6
10
11
12
20
22
48
52
53
54
25
28
30
33
34
36
37
40
42
44
13
17
20
21
23
25
41
46
49
51
55
