time_cost:2439491ms
ontime_proportion:0.766667
max_delay:28
avg_delay:3.677778
avg_flowtime:30.722222
object function value:2357.407407
0
0
0
0
2
4
6
21
29
31
47
0
0
0
0
0
0
0
0
0
0
0
2
4
7
9
11
14
18
22
25
0
0
0
0
0
0
0
0
0
0
0
0
0
0
0
2
13
18
21
23
0
0
0
0
0
0
0
0
0
0
0
0
0
0
2
4
31
35
40
43
0
0
0
0
0
0
0
0
0
1
0
0
0
0
0
0
0
1
3
17
0
0
0
0
0
0
0
0
0
0
0
0
0
0
0
0
0
2
3
6
0
0
1
2
3
5
12
18
20
21
0
0
0
1
6
8
32
39
41
44
0
0
0
0
0
2
16
22
24
25
0
0
0
0
0
2
19
25
28
29
0
0
0
0
2
4
32
38
42
45
0
0
0
0
0
0
0
0
2
5
0
0
0
0
0
0
0
0
0
2
0
0
0
0
0
0
0
0
0
0
0
0
0
0
0
0
0
0
0
0
0
0
0
0
0
0
11
14
21
24
0
0
0
0
0
0
0
0
0
1
0
0
0
0
0
0
25
30
32
37
0
0
2
5
7
9
36
41
46
49
0
0
0
0
0
0
17
20
24
25
2
14
18
21
22
26
32
37
41
45
0
0
0
0
2
3
33
40
44
47
0
0
0
0
0
0
20
25
26
29
0
0
0
0
0
0
0
0
1
4
0
0
0
0
0
0
0
3
6
9
0
3
16
21
23
25
31
38
39
42
0
2
5
6
7
9
18
22
25
26
0
0
0
0
0
0
0
0
1
2
0
0
0
0
0
0
26
32
36
38
0
4
16
19
21
23
25
29
32
36
0
0
0
0
0
0
0
1
4
5
0
0
3
4
5
7
20
25
28
29
0
0
0
0
4
6
27
33
36
38
0
0
0
0
0
2
22
28
33
36
0
0
0
0
0
0
29
33
38
41
0
4
7
8
9
11
18
23
26
27
6
10
11
19
25
27
35
43
47
50
8
12
14
18
20
28
39
44
51
55
8
14
17
18
19
21
24
30
34
35
3
9
11
12
13
15
19
24
26
30
9
12
21
24
27
29
36
42
47
50
4
9
12
13
14
16
20
26
30
31
16
20
29
35
37
39
40
46
53
56
0
4
5
8
10
23
37
43
48
51
10
15
17
22
29
31
39
44
50
53
7
12
16
19
21
22
31
37
43
46
12
17
24
26
27
29
30
34
36
38
5
8
10
11
12
13
22
26
28
29
16
20
23
24
25
27
28
32
35
38
1
6
9
10
11
13
23
32
35
36
4
7
9
12
15
17
28
35
38
41
22
30
38
41
43
44
45
50
53
56
6
10
13
14
15
18
41
46
56
57
4
7
9
11
13
17
28
35
39
40
10
15
19
21
24
25
32
37
41
44
22
28
30
33
35
37
38
42
48
52
17
23
27
30
31
33
35
40
42
45
0
4
5
7
8
10
34
42
45
47
12
26
28
30
31
32
35
41
46
48
2
6
7
9
10
12
18
24
26
28
0
5
7
9
13
14
29
36
39
43
13
16
19
22
25
27
35
41
45
48
15
18
21
28
30
32
34
40
45
48
4
7
9
10
14
16
29
36
38
39
7
11
13
16
18
20
22
28
35
41
11
17
20
23
25
26
27
32
35
38
1
5
6
9
11
13
25
30
33
39
17
20
27
31
33
35
37
43
49
52
13
17
20
21
23
25
28
35
38
39
12
16
17
20
22
24
26
30
36
39
13
20
25
28
30
31
38
45
53
56
3
9
11
13
14
15
17
22
24
26
16
20
22
26
28
30
33
39
43
46
3
8
10
11
12
14
28
34
37
39
9
13
15
17
26
28
40
45
52
54
0
5
8
13
17
19
36
44
51
54
5
11
12
15
17
19
24
28
29
32
5
9
10
13
15
17
38
44
50
53
10
15
19
20
21
23
24
29
32
37
8
13
15
17
18
19
20
26
30
32
19
24
29
33
35
37
38
44
50
54
15
23
25
27
28
30
37
43
48
50
8
12
13
16
18
20
24
29
32
35
8
13
15
16
19
21
32
38
41
42
7
10
12
13
16
22
34
39
44
46
58
