time_cost:2790298ms
ontime_proportion:0.711111
max_delay:35
avg_delay:4.700000
avg_flowtime:31.044444
object function value:2923.703704
0
0
0
0
0
0
1
6
14
18
22
0
2
3
4
5
7
21
24
25
27
0
2
4
6
7
9
21
24
26
28
0
0
1
2
4
6
24
28
29
30
0
0
0
0
0
0
0
0
2
4
0
0
0
0
0
0
0
1
2
5
0
0
0
0
0
0
0
0
0
0
0
0
0
0
0
0
12
17
21
24
0
0
1
4
6
8
45
51
53
56
0
0
0
0
0
0
12
16
17
21
0
3
4
5
6
8
19
22
23
25
0
0
0
2
3
5
38
41
42
44
0
0
0
2
3
4
11
16
18
20
0
0
0
0
0
0
19
24
25
28
0
3
6
7
9
11
19
23
26
27
5
7
8
9
10
11
17
21
22
23
0
0
0
0
2
4
41
45
46
47
0
0
0
0
0
0
0
0
0
1
0
0
0
0
0
2
15
19
20
22
0
0
0
0
0
0
0
0
0
0
0
0
0
0
0
0
0
0
0
1
0
0
0
0
0
0
0
0
0
3
0
0
0
3
4
6
21
28
31
34
0
0
0
0
0
0
0
2
5
6
0
0
2
5
23
25
30
33
37
39
0
0
0
0
0
0
0
0
0
0
0
0
0
0
0
1
27
30
32
33
0
0
0
0
0
0
1
2
4
5
0
0
0
0
0
0
0
0
0
0
0
0
0
0
0
1
35
40
42
45
0
0
2
3
14
16
29
33
37
42
0
0
0
0
5
7
40
44
47
48
0
0
0
0
0
0
0
2
3
4
0
0
0
0
0
0
22
27
29
33
0
0
0
0
1
2
13
18
20
22
0
0
0
0
1
3
19
22
24
26
0
0
5
8
9
11
37
42
44
47
0
1
3
5
28
31
54
57
59
61
0
0
0
0
0
0
16
19
21
26
0
0
0
0
0
0
0
0
0
0
6
9
10
11
12
14
16
20
21
22
3
6
8
9
11
13
18
21
23
24
7
12
14
16
17
18
23
28
30
32
11
15
16
17
20
25
29
34
36
37
5
10
12
14
15
16
36
41
47
50
18
23
26
28
29
30
40
48
50
53
21
26
27
29
30
32
52
57
58
59
2
5
7
10
16
18
27
30
34
36
9
12
15
16
18
19
49
53
56
57
12
16
17
18
19
20
41
45
46
47
9
14
16
19
20
22
26
32
34
37
20
25
28
30
31
32
52
57
59
61
10
15
19
22
23
24
35
40
42
45
12
16
17
19
21
23
25
29
30
33
5
11
18
21
24
33
55
60
61
64
3
8
11
16
17
19
27
32
34
37
9
13
14
15
25
27
32
36
39
42
16
21
23
25
26
27
30
38
40
43
4
9
11
14
15
17
40
46
48
52
5
10
12
15
18
20
30
35
39
42
33
37
38
39
41
43
57
61
62
63
0
6
8
10
11
12
45
52
56
58
15
22
24
26
27
28
50
55
57
59
10
13
14
15
16
18
28
31
32
33
28
33
35
38
39
41
54
59
61
64
20
24
25
26
30
34
57
61
63
64
17
22
23
24
27
29
42
47
48
49
12
17
18
21
22
23
27
32
35
38
24
29
32
33
35
37
50
54
57
58
33
36
39
41
42
44
55
58
60
62
2
5
7
8
10
11
47
50
52
53
2
7
8
12
13
14
45
50
51
54
7
12
14
17
18
20
22
27
29
32
5
9
10
11
12
16
50
54
55
56
10
15
17
19
20
21
28
33
37
41
0
6
9
10
12
14
45
49
52
53
7
14
16
18
19
20
24
29
32
34
4
9
10
11
12
14
16
21
22
23
15
19
22
23
25
27
31
35
38
39
1
5
6
7
8
9
34
38
39
40
13
18
20
21
22
24
35
40
41
42
0
5
6
7
8
12
50
55
56
57
14
17
19
20
22
23
44
47
49
50
8
11
13
14
20
21
32
35
38
41
0
4
5
6
8
9
23
27
28
29
17
20
22
23
25
26
31
34
36
37
9
12
14
16
23
26
31
35
38
40
25
30
33
36
37
38
47
52
53
57
2
7
9
12
14
16
22
27
29
32
1
6
11
15
16
17
26
31
32
35
65
