time_cost:1912885ms
ontime_proportion:0.700000
max_delay:35
avg_delay:6.577778
avg_flowtime:32.311111
object function value:3077.037037
0
0
0
0
2
4
6
33
40
50
52
0
0
0
3
5
6
30
34
43
46
0
0
0
0
0
0
35
41
50
53
0
0
0
0
0
0
0
0
7
10
0
0
0
1
2
4
6
11
14
16
0
0
0
0
0
0
0
3
10
12
0
0
0
1
8
11
43
48
61
62
0
0
0
0
0
0
42
47
58
61
0
0
0
0
0
0
0
2
4
7
0
1
3
5
6
8
9
14
19
21
0
0
0
0
0
0
0
0
2
5
0
0
0
0
0
2
6
11
13
15
0
1
5
7
8
9
11
16
18
20
0
0
0
0
7
9
43
48
62
64
0
0
1
4
5
6
31
39
47
49
0
0
0
1
2
4
34
40
51
53
0
0
0
0
1
3
15
24
27
29
0
0
0
0
2
4
26
31
44
46
0
0
0
2
4
9
36
42
53
56
0
0
2
4
5
7
23
28
37
40
0
2
4
6
7
9
12
16
20
22
0
0
0
0
1
2
5
10
13
16
0
0
0
0
0
0
17
22
25
26
0
0
0
0
0
0
0
1
9
15
0
0
0
0
0
0
0
0
3
7
0
0
0
0
0
0
0
0
0
0
0
0
0
0
0
0
0
3
5
7
0
0
0
0
0
0
31
38
47
50
0
0
0
0
0
0
5
12
15
21
0
0
0
0
0
0
0
0
0
3
0
0
0
0
0
0
0
2
4
5
0
0
0
0
0
1
28
36
42
45
0
0
0
0
0
0
0
0
0
0
0
0
0
0
3
4
25
33
38
41
0
0
0
0
0
0
21
24
31
34
0
0
0
0
0
0
27
33
40
42
0
0
0
0
1
2
26
30
41
43
0
0
0
0
0
1
10
13
18
19
0
0
0
0
0
0
0
0
0
0
0
0
1
3
4
5
24
29
39
41
17
21
28
31
33
34
37
42
53
56
11
15
22
24
25
27
28
32
37
39
15
19
27
31
32
33
35
39
49
51
23
26
34
37
39
40
42
45
51
54
13
18
26
28
29
31
33
37
39
41
2
6
9
11
12
14
22
27
34
36
10
14
16
19
21
23
25
29
34
37
30
36
46
48
49
51
53
57
59
61
8
13
17
22
24
25
27
31
32
35
8
13
19
22
24
25
27
32
34
37
2
8
11
14
15
17
18
22
26
28
4
8
13
15
16
17
41
46
57
59
13
17
25
27
28
30
31
35
39
41
4
9
12
13
17
18
26
32
37
39
8
12
17
20
22
23
26
30
41
44
10
16
20
23
25
26
28
34
41
48
6
11
14
17
19
20
23
28
36
39
22
26
32
34
35
36
38
42
48
50
2
6
9
11
13
15
17
21
24
26
4
9
11
13
14
16
17
22
24
28
20
24
29
30
32
37
39
44
56
57
10
20
23
25
26
28
29
36
39
41
32
38
46
49
51
52
54
57
59
62
1
4
6
9
11
12
14
17
21
29
21
27
32
34
35
37
38
42
45
47
10
14
19
29
31
32
33
40
49
50
14
20
26
29
31
32
34
39
41
44
8
11
16
24
26
27
30
35
46
51
7
14
16
18
19
21
23
27
32
34
16
20
30
32
33
35
41
46
57
59
20
26
30
32
33
37
39
43
45
47
5
12
15
17
18
20
21
31
37
39
6
11
13
19
21
22
24
28
29
32
1
4
7
11
13
14
15
18
20
25
4
8
11
13
16
18
19
24
32
35
13
18
23
26
28
30
31
35
37
41
19
25
29
32
34
35
37
41
42
46
0
6
12
14
15
16
18
22
24
26
1
5
8
10
12
14
39
43
56
58
4
8
12
14
15
17
23
30
35
37
12
16
22
25
27
28
39
43
54
58
1
5
6
9
11
12
19
23
29
33
2
6
10
12
14
15
29
37
47
49
10
14
20
22
24
25
27
33
44
46
16
24
26
32
34
35
37
42
44
48
32
40
49
51
52
53
55
59
61
63
22
29
34
39
41
42
44
47
49
53
1
5
8
10
12
13
15
19
22
24
0
4
6
8
9
11
13
17
21
24
19
25
28
30
31
32
34
38
40
42
65
