time_cost:3060800ms
ontime_proportion:0.755556
max_delay:29
avg_delay:3.855556
avg_flowtime:30.033333
object function value:2445.555556
0
0
0
0
0
0
0
0
0
0
0
0
0
0
0
0
0
0
0
0
0
0
0
0
0
0
0
0
0
0
7
0
0
0
2
5
7
34
40
44
46
0
0
1
4
6
8
26
34
35
39
0
0
0
1
2
4
20
25
27
31
0
2
4
7
8
10
29
34
39
42
0
0
0
0
0
0
9
17
21
24
0
0
0
0
0
0
0
4
18
21
0
0
0
0
0
0
31
41
43
46
0
4
7
8
9
11
26
35
38
39
0
0
0
0
0
0
0
2
4
12
0
0
0
0
0
2
9
15
20
22
0
0
1
3
4
5
36
42
50
52
0
0
0
0
0
0
2
7
14
17
0
0
0
0
0
0
0
1
3
5
0
0
1
2
3
4
28
37
39
41
0
0
0
0
2
5
39
51
54
57
0
0
0
0
0
0
33
45
47
50
0
0
0
1
2
3
14
20
23
25
0
0
2
3
4
6
10
15
18
19
0
0
0
0
0
1
19
23
24
26
0
0
5
9
27
29
41
53
55
58
0
0
0
0
0
0
29
43
46
47
0
0
0
0
0
0
13
20
22
23
0
0
0
0
0
0
0
0
0
0
0
0
0
0
1
2
9
14
16
23
0
0
0
0
0
0
0
0
0
0
0
0
0
0
0
0
0
0
0
2
0
0
0
0
0
0
32
39
44
47
0
0
0
0
0
0
0
0
1
4
0
0
0
0
0
2
33
44
46
49
0
0
0
0
0
0
16
22
25
26
0
0
0
0
0
0
0
1
8
11
0
3
5
6
7
8
33
43
45
46
0
0
0
0
0
0
21
24
26
27
0
0
0
0
0
0
0
0
0
3
0
0
0
0
1
3
37
42
52
54
0
0
0
0
0
0
0
0
2
5
0
0
0
0
0
0
0
0
0
0
26
32
34
37
38
40
42
45
47
50
2
5
7
10
12
14
15
18
20
23
16
24
27
30
34
36
39
50
52
55
0
5
8
12
14
15
22
32
35
40
18
28
30
31
32
33
35
38
41
42
4
10
13
16
18
19
20
25
29
32
21
31
33
34
35
37
40
53
57
58
15
22
24
27
29
31
32
35
47
50
3
13
17
19
20
21
23
35
37
40
14
20
22
23
24
25
27
33
35
36
10
13
15
18
21
24
30
36
39
42
9
14
16
18
19
20
36
48
52
54
8
13
18
20
21
23
29
40
41
43
12
16
19
20
25
27
38
50
53
54
4
9
11
12
13
15
17
22
26
27
8
14
17
18
19
21
23
28
31
32
3
8
12
14
15
17
31
38
42
44
21
26
29
30
31
33
34
38
41
44
1
4
6
9
11
13
23
30
32
37
13
19
23
26
28
29
30
37
40
43
4
11
13
14
17
19
21
26
28
29
9
12
14
17
19
21
33
42
44
47
9
13
14
16
17
19
30
37
42
45
1
5
10
12
24
26
34
41
45
48
0
3
5
8
18
20
33
37
42
45
12
16
18
21
22
24
26
30
32
35
16
27
30
31
32
34
35
40
43
44
0
3
5
8
10
12
18
22
26
30
6
11
14
15
16
18
21
27
30
31
5
9
10
13
14
16
17
21
23
25
7
10
12
13
14
15
17
20
23
24
6
9
11
14
23
25
36
41
47
51
5
9
10
13
15
17
19
23
24
27
8
14
17
18
23
26
36
48
51
52
11
16
18
19
20
22
26
33
37
38
23
31
33
36
37
39
41
44
46
49
13
17
23
26
27
29
31
35
38
41
13
18
20
24
25
27
36
46
49
52
29
35
38
39
40
42
44
49
51
52
25
32
38
41
43
45
47
52
54
57
3
6
8
9
10
13
23
26
28
29
17
28
31
32
33
35
36
47
50
53
0
6
9
10
11
13
29
39
42
43
13
18
20
22
23
24
25
30
32
34
26
33
35
38
39
41
43
46
50
53
28
32
36
39
40
42
44
47
49
52
5
10
13
20
22
23
24
29
32
35
1
6
8
10
11
12
18
24
26
28
3
8
11
14
16
17
18
24
27
30
2
7
9
11
12
13
14
19
21
24
59
