time_cost:2883462ms
ontime_proportion:0.733333
max_delay:28
avg_delay:4.877778
avg_flowtime:29.855556
object function value:2661.851852
0
0
0
0
0
0
1
15
22
25
27
0
0
0
2
4
5
27
33
36
39
0
0
1
4
7
10
12
17
20
27
0
0
1
4
6
7
9
16
17
21
0
0
2
4
6
9
11
17
20
28
0
0
0
0
0
4
31
37
43
45
0
0
0
0
0
0
0
0
1
5
0
0
0
0
1
3
29
38
40
43
0
0
0
0
0
0
0
0
0
2
0
0
37
40
42
43
45
50
52
55
0
0
3
7
8
10
28
34
39
41
0
0
0
0
0
0
0
0
0
0
0
0
0
0
0
0
2
10
13
16
0
0
0
0
1
2
6
11
13
17
0
0
0
2
3
5
8
15
17
19
0
0
0
0
0
2
29
34
40
43
0
0
0
0
0
0
32
42
45
48
0
0
0
0
0
0
0
0
0
0
0
0
0
0
0
0
0
3
6
8
0
0
0
0
1
5
35
44
49
51
0
0
0
0
0
0
0
0
0
0
0
0
2
4
5
7
20
29
32
34
0
0
0
0
0
0
0
0
0
3
0
0
0
0
0
3
26
32
36
41
0
0
0
0
0
0
0
0
0
0
0
0
0
0
0
1
8
12
15
18
0
0
0
1
3
5
33
40
45
48
0
0
0
0
0
0
13
19
23
25
0
0
0
0
2
4
28
36
39
42
0
1
4
5
7
8
9
14
19
20
0
2
3
6
8
9
37
41
50
53
0
0
0
0
0
0
0
0
0
0
0
0
0
0
0
0
0
0
0
3
0
0
0
0
0
6
35
45
51
53
0
0
0
0
0
0
0
3
5
7
9
15
17
20
22
24
37
42
50
55
0
0
0
0
0
0
0
1
4
6
0
0
0
0
0
0
32
43
47
49
0
1
4
6
8
11
26
33
35
37
0
0
0
0
0
0
0
3
5
16
5
11
14
17
20
22
30
39
43
46
27
36
38
40
41
43
45
49
55
57
4
8
11
14
16
17
25
31
35
37
19
27
31
33
34
36
39
49
54
56
25
32
34
37
39
40
42
46
47
50
20
25
28
31
33
34
36
41
43
46
15
25
28
30
31
33
34
39
41
43
0
5
6
9
11
23
39
48
53
56
8
15
17
19
20
23
39
43
53
55
18
24
27
29
30
33
38
46
50
52
1
6
8
9
11
12
16
26
31
35
0
3
5
6
8
9
10
13
16
19
11
16
18
20
21
22
24
31
33
36
12
19
20
23
25
26
29
35
39
42
1
9
12
14
15
17
31
40
46
48
4
7
9
12
14
15
17
20
22
25
2
6
9
11
13
14
16
20
23
25
4
8
10
13
15
17
18
22
24
30
19
27
30
32
33
35
36
41
45
47
0
4
7
9
11
12
14
18
22
26
15
22
26
28
30
31
33
37
43
45
12
23
26
29
31
33
34
38
40
44
4
8
10
12
13
15
17
21
23
25
11
17
20
22
24
25
29
36
42
44
8
13
16
18
20
21
23
27
30
32
27
33
38
40
41
43
45
49
53
55
4
7
9
12
14
15
17
20
23
26
1
5
8
10
12
13
23
29
33
38
13
21
25
27
28
29
31
35
37
39
4
10
11
14
16
17
19
24
25
30
7
13
16
18
19
21
22
26
30
33
10
16
18
20
21
22
24
28
31
33
13
23
25
26
28
29
30
33
35
36
5
9
12
13
15
16
17
20
22
23
0
4
6
9
11
13
14
18
20
23
20
31
33
35
36
38
39
44
48
50
24
32
34
36
37
39
40
45
48
50
12
17
19
22
24
27
35
40
50
53
24
29
32
33
35
36
37
40
42
43
1
25
27
28
30
31
32
35
37
38
15
23
28
30
31
32
34
38
43
45
5
9
12
14
15
19
35
43
48
50
7
12
14
16
17
18
20
25
29
31
0
5
6
15
17
18
32
37
44
48
4
11
13
16
18
20
21
25
27
30
27
34
36
38
39
41
43
47
50
52
19
29
32
34
36
38
39
48
52
54
25
30
33
36
38
40
41
45
47
50
24
30
32
33
35
36
38
42
46
49
6
13
15
17
18
20
21
27
29
37
58
