time_cost:3241823ms
ontime_proportion:0.688889
max_delay:40
avg_delay:5.888889
avg_flowtime:31.455556
object function value:3159.629630
0
0
0
0
0
0
0
0
2
5
7
0
0
1
2
4
5
9
13
15
20
0
0
0
0
3
10
42
48
65
68
18
23
27
30
32
34
37
43
56
59
0
0
0
0
0
0
0
0
0
0
0
0
0
2
5
7
41
47
63
65
0
0
0
0
0
0
34
39
47
50
0
0
0
0
0
0
0
0
0
4
0
1
3
4
6
7
20
25
33
34
0
0
0
0
0
0
31
35
42
45
0
0
0
0
0
0
0
0
2
4
29
33
42
45
47
49
50
54
62
65
0
0
0
0
0
2
13
17
24
27
0
3
5
6
8
9
10
15
19
22
0
8
12
15
19
21
32
37
43
46
0
2
4
6
7
8
23
28
32
34
0
0
1
3
4
6
12
22
25
27
0
0
1
8
10
11
31
36
39
42
0
0
0
1
2
3
9
13
16
18
0
0
0
0
0
0
0
0
0
2
0
0
0
0
0
0
0
0
1
2
0
0
0
0
0
0
0
0
0
0
0
0
0
0
0
0
36
40
48
51
0
5
7
9
10
12
13
18
20
23
0
0
0
0
0
0
0
0
0
2
0
0
0
0
0
0
0
0
0
0
0
0
0
0
0
0
11
16
19
22
0
0
0
0
0
0
0
0
0
0
0
0
0
0
1
2
21
26
30
37
0
0
0
0
0
0
0
0
0
0
0
0
2
5
7
9
28
33
39
42
0
0
0
0
2
3
35
39
50
53
0
0
0
0
0
0
0
0
0
2
0
0
0
1
2
4
32
36
45
47
0
0
0
0
0
0
0
1
2
5
0
0
0
0
0
0
27
34
38
41
0
0
0
0
0
2
38
45
58
60
5
11
14
16
17
19
29
34
41
43
0
0
0
0
0
1
26
32
37
39
0
0
0
0
0
0
0
1
4
6
23
30
34
36
37
38
40
44
46
48
5
9
12
14
15
17
23
29
35
37
8
13
17
19
20
22
23
29
34
36
27
32
34
37
39
40
42
47
48
51
23
27
29
32
34
35
39
43
51
54
19
23
27
29
30
31
40
45
54
56
19
23
27
29
30
32
36
42
51
53
2
6
9
11
13
14
16
20
23
25
3
7
10
13
15
16
18
22
25
27
8
11
14
17
19
20
35
43
55
58
10
15
18
20
21
23
24
30
34
36
1
6
8
10
11
13
14
19
21
23
34
38
47
50
52
54
56
59
65
68
9
14
17
21
22
23
25
29
32
36
12
17
24
26
27
29
30
35
37
39
2
7
9
11
12
14
15
20
22
24
6
10
13
16
18
19
21
25
30
35
4
8
10
12
14
15
17
21
23
25
10
15
19
21
23
25
27
32
36
38
11
16
19
22
24
26
35
41
53
56
4
8
10
13
14
15
17
21
23
25
0
4
7
9
11
12
14
18
25
29
0
5
6
9
11
12
14
19
20
25
13
17
25
27
29
30
32
36
40
42
25
31
34
37
39
40
42
47
60
63
2
7
11
14
16
17
19
24
27
30
6
10
20
21
23
24
39
42
53
54
22
28
32
35
37
39
40
44
49
52
8
13
15
17
18
20
22
28
32
34
32
37
47
50
52
53
55
58
61
64
21
27
30
33
35
37
38
42
44
47
27
32
39
42
44
45
47
52
55
58
10
16
17
22
24
25
27
33
36
39
20
25
29
33
35
36
38
41
45
48
32
37
46
49
51
52
54
57
64
67
3
9
11
13
14
16
35
40
53
55
7
10
12
15
17
18
32
35
42
45
7
11
14
17
19
23
40
46
59
62
5
12
15
17
25
27
36
44
53
55
0
5
7
10
12
14
15
20
22
24
5
10
11
18
20
21
32
37
44
47
28
33
37
40
42
43
45
48
50
53
17
23
26
29
31
33
39
45
58
61
20
25
28
30
32
33
35
39
42
44
10
15
16
19
21
22
24
28
31
34
20
25
29
31
33
34
36
40
44
48
27
32
39
42
44
45
47
51
52
56
25
30
36
39
41
43
44
48
50
54
6
13
17
19
22
24
29
34
42
44
1
5
9
12
13
15
16
20
23
25
70
