time_cost:10052ms
ontime_proportion:0.577778
max_delay:32
avg_delay:7.211111
avg_flowtime:33.144444
object function value:4327.037037
0
0
0
0
0
0
0
37
44
48
51
0
0
0
0
0
1
37
43
48
53
0
0
0
3
5
7
30
38
41
47
0
0
0
0
0
0
0
0
3
5
0
0
0
1
2
4
26
31
32
36
0
0
0
0
0
0
0
0
2
4
0
0
0
0
0
0
29
34
38
40
0
0
0
0
0
1
35
39
43
45
0
0
0
0
1
3
16
31
34
35
0
0
0
0
6
8
39
47
50
52
0
0
0
0
0
0
0
0
1
3
0
0
0
3
5
6
34
44
48
51
0
0
0
0
0
2
29
36
39
42
0
0
0
0
0
0
0
0
0
2
0
0
0
2
4
6
16
21
23
31
0
0
0
0
0
0
34
42
44
46
0
0
0
0
0
0
27
34
36
38
0
0
0
0
0
0
0
0
2
3
0
0
0
0
0
0
0
2
5
8
0
0
0
0
0
0
34
46
49
51
0
0
0
0
0
0
42
56
60
61
0
0
0
0
5
7
32
38
43
46
1
3
5
8
9
11
29
37
39
41
0
0
0
0
0
0
19
28
32
35
0
0
0
0
0
0
0
0
0
1
0
0
0
0
0
0
0
2
4
6
0
0
0
0
0
0
0
0
0
0
0
0
0
0
1
2
11
17
19
21
0
0
0
0
0
2
38
47
51
53
0
3
6
9
10
11
31
38
42
49
0
0
0
0
0
0
0
0
0
0
0
0
0
0
0
0
0
0
0
0
0
0
3
5
7
9
20
31
33
39
0
0
0
0
1
3
16
20
21
23
0
0
0
0
0
0
29
33
38
40
0
0
0
0
3
5
31
36
41
43
0
0
0
0
2
4
22
30
32
34
0
0
0
0
0
0
0
1
2
4
0
29
31
32
33
34
38
47
51
52
0
0
0
0
0
0
0
0
0
1
0
4
6
8
9
14
35
41
46
48
26
33
36
39
41
43
45
48
51
54
12
17
20
23
28
31
39
51
55
58
15
18
19
23
24
26
27
31
36
38
2
12
15
16
17
19
21
26
29
30
5
11
13
14
15
17
19
23
25
26
3
8
11
12
13
15
17
22
25
26
7
13
14
16
18
20
21
26
27
29
5
8
11
14
23
26
34
42
45
49
15
19
21
23
25
27
28
35
37
39
2
5
8
11
12
13
42
52
56
59
16
25
27
29
30
32
40
52
54
56
0
5
7
9
11
13
29
36
38
40
12
17
19
20
22
24
27
35
38
40
7
10
14
16
19
22
26
29
30
32
6
11
13
15
17
21
23
28
30
32
13
20
23
26
28
29
33
41
44
47
4
11
13
17
29
33
42
54
58
60
4
7
8
10
11
13
30
35
39
41
11
16
18
21
26
28
39
47
51
56
1
6
9
12
16
18
34
41
45
49
0
4
6
7
8
9
13
19
21
22
11
30
35
41
43
44
46
51
54
57
10
15
17
21
23
25
27
32
34
37
0
6
9
12
16
18
33
39
46
51
9
15
17
19
21
23
25
29
31
33
15
27
29
31
33
35
37
44
47
49
10
15
17
19
21
23
26
33
35
37
7
11
16
17
20
23
33
40
45
46
7
13
15
17
21
27
35
42
46
48
1
4
7
10
11
12
14
17
20
23
22
26
28
30
31
33
39
48
52
54
15
19
23
26
28
30
32
35
40
43
31
39
42
45
47
49
51
54
57
60
5
10
13
16
18
19
21
26
29
32
24
31
33
35
37
39
41
46
48
50
4
9
12
13
14
16
18
23
26
27
9
15
17
19
23
25
29
37
40
42
9
16
18
20
31
36
42
55
59
61
8
13
16
18
19
20
22
26
28
30
13
18
21
24
26
30
39
49
53
56
22
32
35
38
40
41
43
49
52
55
0
13
26
29
30
32
38
44
50
53
14
21
23
25
26
28
36
45
49
54
3
8
12
14
15
16
18
22
24
28
8
13
15
17
20
22
24
29
31
33
2
7
10
12
14
17
18
24
26
28
3
8
11
12
13
15
17
22
25
26
8
14
16
18
19
21
23
27
29
31
18
22
26
28
29
31
33
37
40
42
62
