time_cost:1949035ms
ontime_proportion:0.777778
max_delay:26
avg_delay:2.344444
avg_flowtime:29.988889
object function value:2221.851852
0
0
1
3
6
7
9
12
15
17
20
0
0
0
0
0
0
0
0
1
7
0
0
1
4
6
8
21
24
26
29
0
0
0
1
2
4
15
18
20
24
0
0
2
3
4
6
13
19
22
23
0
0
0
0
0
0
0
0
0
2
0
0
0
0
0
1
15
20
22
24
0
0
0
1
3
6
18
23
26
29
0
0
0
0
0
1
16
25
31
32
0
0
0
2
4
5
13
19
22
26
0
0
0
0
0
0
8
15
18
19
0
0
0
0
0
1
10
14
16
22
0
3
5
6
7
8
10
13
15
17
0
0
0
1
2
4
16
22
24
25
0
0
0
0
0
0
12
17
18
22
0
1
4
5
6
8
9
14
17
21
0
0
2
3
4
5
8
11
13
17
0
0
0
0
0
0
24
31
34
38
0
0
0
0
0
0
0
0
0
2
0
5
7
9
10
11
17
22
24
26
0
0
0
0
0
0
0
0
1
4
0
0
0
0
0
0
0
0
0
0
0
0
0
0
0
0
0
3
5
7
0
0
0
0
0
0
0
0
0
3
0
0
0
0
1
3
26
34
37
38
0
4
6
7
8
10
21
26
28
30
0
0
0
0
0
0
0
0
0
0
0
0
0
0
0
0
20
24
27
28
0
0
0
0
0
1
10
15
18
19
0
0
0
0
0
0
0
33
36
39
11
22
24
26
27
28
29
35
38
40
0
0
0
0
0
0
23
29
31
32
0
0
0
0
11
13
28
36
40
41
0
0
0
0
2
4
23
27
29
33
0
0
0
0
0
0
26
30
33
35
0
0
0
0
0
0
0
0
1
2
0
1
3
4
8
10
29
38
43
44
0
0
0
0
15
17
29
37
41
42
0
0
0
0
1
2
23
26
28
31
0
0
0
0
0
0
0
0
0
0
8
13
15
19
21
23
29
37
39
42
11
17
20
21
22
23
28
31
33
34
5
11
13
14
18
20
30
40
42
43
0
3
5
8
10
12
26
33
36
41
3
8
11
12
13
15
16
21
24
25
3
7
10
11
12
14
15
19
22
25
21
25
28
31
33
35
36
39
41
44
25
28
30
31
32
33
35
38
40
41
19
26
29
31
32
33
34
40
42
44
18
23
26
29
31
32
33
38
41
47
18
24
26
27
28
30
33
38
40
41
21
28
32
34
35
36
37
42
44
46
3
8
10
12
13
14
31
36
44
46
5
10
11
14
16
18
20
24
25
28
12
27
29
32
36
38
39
42
44
47
9
16
17
20
22
24
34
40
42
45
5
8
10
13
14
16
18
21
23
26
18
28
31
32
33
35
36
41
46
47
24
29
32
33
34
36
37
42
45
46
14
18
21
23
24
26
42
49
51
53
0
3
5
6
8
9
34
47
49
50
11
18
19
23
25
27
33
41
46
49
9
12
14
17
19
21
38
41
43
49
3
7
8
10
11
13
14
18
19
22
4
9
11
13
14
15
38
44
46
49
1
5
6
8
9
11
24
32
34
36
28
33
35
37
38
39
40
46
48
50
0
5
7
9
10
14
49
54
56
57
7
12
15
16
17
19
32
44
47
48
3
10
12
13
20
22
37
48
50
51
5
10
12
16
17
18
26
31
33
35
14
19
39
41
42
43
44
50
52
54
1
5
8
9
19
21
34
47
50
51
13
17
21
22
23
25
38
43
47
48
8
13
16
17
18
20
28
41
45
47
1
6
8
10
12
13
38
46
48
50
7
10
13
16
17
19
41
44
46
49
13
16
20
21
24
26
41
46
50
52
21
28
31
34
36
37
38
44
47
50
23
35
39
40
41
43
44
49
52
53
31
36
38
39
40
42
44
49
51
52
24
30
33
36
38
39
40
45
48
52
31
35
36
39
42
44
46
50
51
54
36
40
41
43
45
47
48
52
54
56
5
9
10
13
15
17
42
48
49
53
30
35
37
41
43
45
47
51
52
55
22
33
39
42
44
46
47
51
53
56
6
11
13
14
15
21
49
54
56
57
0
5
7
9
22
24
42
50
52
54
26
33
35
38
39
40
43
48
55
57
58
