time_cost:1713315ms
ontime_proportion:0.777778
max_delay:24
avg_delay:2.333333
avg_flowtime:29.877778
object function value:2218.148148
0
0
0
0
0
0
2
10
14
17
20
0
0
0
0
0
0
0
0
0
1
0
0
0
3
5
7
14
21
23
26
0
0
0
0
2
4
15
19
20
24
0
1
4
7
8
9
13
19
22
25
4
8
10
12
14
16
17
20
23
24
0
0
0
0
0
0
0
0
1
4
4
7
8
10
11
12
14
19
23
24
0
0
1
2
4
6
19
24
26
27
0
0
0
0
1
3
16
22
25
27
0
0
0
0
0
0
14
20
23
28
0
0
0
0
0
0
16
22
24
25
0
0
0
0
0
0
0
0
2
4
0
0
0
0
3
4
16
21
25
26
0
0
0
0
0
0
0
0
0
4
0
0
0
0
0
0
0
0
0
0
0
2
5
6
7
8
17
23
26
27
0
0
0
0
0
1
18
23
26
29
0
0
0
0
4
5
19
24
27
29
0
0
0
1
2
3
17
23
26
28
0
0
0
0
0
0
18
26
27
28
0
1
3
4
6
7
22
25
27
28
0
0
0
1
5
7
21
25
27
31
0
0
0
0
0
0
19
26
29
32
0
0
1
2
7
9
21
27
29
30
0
0
2
3
5
7
10
16
18
20
0
0
0
0
0
1
20
27
29
32
0
0
0
0
0
0
0
3
6
9
0
0
0
0
0
0
0
1
2
3
0
0
0
0
3
4
23
32
36
37
0
0
0
0
1
4
23
29
35
37
0
5
8
11
12
13
24
29
32
35
0
0
0
0
0
0
26
32
36
37
0
0
0
0
0
1
27
33
36
41
0
0
0
0
0
0
0
2
4
12
0
0
0
0
0
0
0
0
0
5
0
0
0
0
6
8
23
27
28
29
0
0
0
0
0
0
25
29
30
31
0
0
0
0
3
5
29
37
38
40
0
0
0
0
1
3
13
18
22
23
16
20
22
23
25
27
29
34
37
40
0
4
5
7
8
10
12
17
24
26
2
5
7
8
10
11
12
15
17
18
2
5
7
8
11
13
25
34
37
38
8
14
19
22
24
26
28
36
38
43
23
27
28
29
30
31
32
35
37
38
9
13
16
19
20
21
28
36
39
42
5
10
11
12
13
15
31
38
39
40
24
28
30
31
33
34
35
38
40
41
2
5
7
8
10
12
13
16
18
19
5
11
14
15
16
17
31
38
41
45
21
26
29
31
32
33
35
39
42
44
3
8
13
16
18
20
31
41
43
46
7
12
15
18
20
22
29
35
38
41
9
18
22
25
27
29
32
41
43
46
19
28
31
33
34
35
37
41
44
46
1
4
6
7
12
14
32
40
42
44
22
29
32
35
37
39
40
43
46
49
25
32
33
34
35
36
37
42
43
44
4
8
11
13
14
18
33
42
45
47
10
17
19
22
26
28
34
45
47
50
0
4
5
7
8
10
12
16
17
19
25
30
33
36
37
38
39
43
46
49
7
10
11
12
16
20
37
47
50
51
31
36
38
39
41
43
44
47
49
50
25
31
34
37
38
39
40
44
47
50
0
5
8
9
10
11
12
18
21
22
7
11
12
14
15
17
36
46
49
51
5
9
12
14
15
16
18
22
25
27
8
12
14
15
17
18
32
39
41
42
28
33
34
36
37
39
41
46
49
51
28
36
39
40
41
42
43
48
51
52
6
11
14
16
17
18
35
46
50
52
22
30
33
37
39
41
42
45
48
51
9
14
19
22
24
26
36
48
51
54
1
7
9
10
14
16
34
43
45
48
28
35
37
38
40
42
43
47
51
52
24
39
42
43
44
45
46
51
54
55
4
7
9
10
12
14
15
18
20
21
27
38
41
42
43
44
45
50
53
54
26
33
35
39
41
43
44
49
51
57
1
6
9
10
13
14
36
48
51
53
13
17
18
19
20
21
33
45
46
47
4
9
12
13
17
19
39
52
55
56
10
16
19
22
23
24
37
49
52
55
5
9
12
15
16
17
39
50
53
56
5
12
15
16
18
19
40
53
56
57
36
47
48
49
50
51
52
55
56
57
32
42
45
46
47
48
49
54
57
58
1
4
5
6
9
10
44
56
57
58
59
