time_cost:2640975ms
ontime_proportion:0.688889
max_delay:36
avg_delay:5.866667
avg_flowtime:26.744444
object function value:3002.592593
0
0
0
0
0
0
0
0
0
0
0
0
0
0
0
0
0
28
33
37
38
0
3
4
5
16
19
44
49
50
51
0
0
0
0
0
0
15
19
20
21
0
0
0
0
0
0
0
0
2
3
0
0
0
0
5
7
25
32
34
37
0
0
0
1
4
6
21
26
29
30
0
0
1
2
23
25
47
51
52
53
0
0
0
0
0
1
24
29
31
32
0
0
0
0
0
0
22
25
27
28
0
0
0
0
1
3
12
16
17
18
0
0
0
1
3
4
12
15
19
20
0
0
0
0
0
0
57
61
62
63
0
0
1
2
3
5
11
16
18
20
0
3
5
8
18
21
42
47
49
52
0
0
0
0
8
23
51
55
56
57
0
0
0
0
0
0
0
2
3
4
0
1
2
3
5
7
20
25
26
27
0
0
0
0
0
0
0
0
1
6
0
0
0
3
4
6
11
16
19
22
0
0
0
0
0
1
26
31
33
35
0
0
0
0
7
8
37
41
42
43
0
0
0
0
22
24
49
54
55
56
0
0
0
0
0
0
0
0
0
0
0
0
0
0
0
0
0
0
0
0
0
0
0
0
0
0
0
1
3
4
0
0
0
0
0
0
0
0
0
1
0
0
0
0
1
3
17
22
23
24
0
0
0
0
0
0
0
0
0
0
0
0
0
0
0
0
0
0
0
1
0
0
0
0
0
0
0
2
5
6
0
0
0
0
10
17
38
42
43
44
0
0
0
0
0
0
0
0
2
3
0
0
0
0
0
0
0
0
0
1
0
0
0
0
0
0
0
0
1
4
9
14
16
19
20
22
23
28
34
37
0
0
0
0
6
8
42
47
48
49
0
0
0
0
8
10
37
41
44
45
0
0
3
6
22
26
51
56
57
60
0
0
0
0
0
0
0
1
3
5
30
33
38
39
41
42
56
59
61
62
12
16
17
18
20
21
24
28
30
31
30
34
35
36
38
40
51
54
56
57
27
30
32
33
37
38
48
51
53
54
30
34
37
38
40
42
44
48
51
52
35
40
42
44
45
46
47
52
54
56
37
42
43
44
45
47
50
55
56
57
32
35
36
37
38
40
41
44
45
46
4
8
9
10
11
12
14
18
19
21
25
30
32
35
36
38
45
50
52
55
24
29
31
34
35
37
39
44
46
49
10
13
15
17
18
20
34
43
45
47
3
8
10
12
13
14
29
35
38
40
6
10
11
12
14
16
19
23
24
25
4
9
10
11
12
14
16
21
22
23
4
8
9
10
11
12
14
18
19
20
9
14
16
19
20
22
23
31
37
40
28
32
33
34
35
36
41
45
46
47
34
39
41
43
44
45
46
52
54
57
7
10
11
12
13
16
17
20
21
22
15
18
19
20
27
30
59
62
63
64
12
17
18
19
23
24
27
31
32
33
1
4
6
7
9
10
26
29
31
32
19
24
26
29
30
32
33
38
49
52
8
12
13
14
25
28
55
59
60
61
1
4
6
7
9
10
24
27
29
30
19
23
26
27
29
31
33
37
40
41
6
9
11
13
14
16
18
21
23
25
8
15
18
19
22
26
29
34
35
36
7
12
14
17
18
20
21
26
28
31
7
12
13
14
24
27
54
59
60
61
10
14
16
20
21
23
24
27
29
31
1
4
6
9
15
18
29
32
34
35
32
37
39
41
42
43
54
60
62
64
1
6
7
10
11
12
14
19
20
23
20
24
25
26
27
28
30
34
35
36
8
13
15
18
20
22
24
29
31
34
40
45
47
49
50
51
52
57
59
61
3
7
8
9
10
11
13
17
19
21
13
16
18
19
24
25
28
31
33
34
2
7
9
11
12
13
14
19
21
23
7
11
14
15
26
29
55
60
63
64
8
12
15
16
18
20
22
26
29
30
1
5
6
7
8
9
20
24
25
26
3
7
8
9
10
14
16
20
21
22
5
8
10
12
13
16
17
20
22
24
2
6
9
10
12
14
16
20
23
24
2
7
8
11
12
17
19
24
25
28
8
11
13
14
16
17
18
21
23
24
5
9
10
14
16
18
20
24
25
27
66
