time_cost:12110ms
ontime_proportion:0.744444
max_delay:27
avg_delay:3.800000
avg_flowtime:28.577778
object function value:2508.148148
0
0
0
0
0
0
0
0
0
0
2
0
0
1
3
4
5
31
40
43
45
0
0
1
3
4
6
32
40
41
44
0
0
0
0
0
0
0
0
2
3
0
0
0
0
0
0
0
0
0
1
0
0
0
0
1
2
6
11
14
15
0
2
5
8
10
12
22
28
31
35
0
0
0
0
0
0
24
30
33
37
0
0
0
0
0
0
0
0
6
9
0
0
0
0
0
0
0
0
0
1
0
0
0
0
0
0
30
38
41
44
0
0
0
0
0
0
0
0
0
0
0
0
0
0
0
0
31
37
40
42
0
0
3
6
12
14
37
47
50
53
0
0
0
0
0
0
41
50
53
54
0
0
0
0
0
0
0
2
4
6
0
0
0
0
0
0
15
22
23
25
0
0
0
0
0
2
32
42
44
45
0
0
0
0
0
0
36
43
46
47
0
0
0
0
0
0
30
37
40
43
0
0
0
0
0
0
0
0
1
3
0
5
8
9
10
11
12
17
20
22
18
27
30
31
32
33
34
39
42
43
0
0
0
2
3
4
24
33
36
39
0
0
0
0
0
0
0
0
2
3
0
1
3
4
6
7
37
46
49
51
0
0
1
4
6
8
18
25
28
31
0
0
0
0
0
0
0
0
0
0
0
0
0
0
0
0
0
0
0
0
0
0
0
0
0
1
19
26
29
32
0
0
0
0
0
0
0
0
0
0
0
0
0
0
0
0
21
24
26
27
0
0
0
0
0
1
25
36
39
40
0
0
0
0
0
0
0
0
0
0
0
0
0
0
0
1
20
25
27
28
0
0
0
0
0
0
0
2
4
7
0
0
0
0
0
0
0
0
0
0
0
0
0
0
1
3
39
50
54
55
0
0
0
0
0
0
0
0
0
0
0
1
4
6
7
8
16
20
23
26
10
15
17
20
22
24
25
32
34
37
6
11
15
17
18
19
28
36
39
42
15
19
22
25
26
27
35
44
47
50
7
13
14
15
16
17
28
40
41
42
17
27
30
33
34
35
36
40
43
46
10
17
19
22
24
26
27
34
37
42
3
8
10
15
17
19
20
25
27
31
5
11
14
17
19
21
33
43
46
47
3
7
10
12
13
14
16
20
23
25
5
10
11
14
15
17
21
29
32
33
5
10
13
16
18
20
21
24
27
30
0
4
11
14
17
18
35
45
48
51
9
14
15
18
20
22
37
46
47
49
5
8
10
13
15
17
18
22
25
27
4
9
11
12
14
16
17
20
22
23
8
14
16
19
23
25
34
44
46
49
7
12
13
14
21
23
33
43
45
46
1
6
9
10
11
12
20
28
31
32
8
14
23
26
28
30
34
41
44
48
2
6
7
9
11
13
39
48
50
52
11
17
19
22
24
26
27
32
35
39
24
34
35
37
38
42
44
49
52
54
30
39
40
41
42
44
45
50
51
52
27
36
37
38
39
41
42
47
48
50
1
10
13
16
18
20
23
30
33
36
11
15
21
24
25
26
27
31
34
37
8
13
15
18
20
21
22
25
27
33
8
11
12
13
14
15
19
23
25
28
23
33
36
39
40
41
42
46
49
52
3
6
7
8
9
10
11
17
18
20
5
8
10
11
13
15
16
19
21
22
10
13
15
18
20
22
34
43
46
47
10
16
19
20
23
24
25
31
33
34
0
8
10
13
15
17
18
23
25
28
23
31
34
36
37
38
40
44
47
49
15
22
25
26
27
28
29
35
38
39
6
10
12
13
14
15
38
50
53
54
13
18
19
21
22
24
26
30
33
36
13
18
20
23
28
30
37
48
50
55
29
37
40
41
42
43
44
49
52
53
7
14
16
19
21
23
24
30
32
35
13
19
20
21
26
28
32
42
43
44
0
4
5
7
8
10
12
16
17
20
1
5
8
11
12
13
14
19
30
34
21
27
30
33
35
37
38
41
44
47
0
4
5
7
8
10
20
27
28
30
4
7
8
9
10
12
13
16
17
18
12
18
21
23
24
26
32
41
42
44
16
21
24
25
26
27
28
34
38
39
25
34
37
40
41
42
43
47
50
53
57
