time_cost:1502140ms
ontime_proportion:0.788889
max_delay:31
avg_delay:2.655556
avg_flowtime:27.955556
object function value:2042.962963
0
0
0
1
4
6
7
9
12
15
21
0
1
4
6
7
9
10
14
17
19
0
0
1
4
6
8
9
13
18
21
0
0
1
3
4
6
8
12
14
16
0
0
0
0
0
0
0
0
0
1
0
0
0
0
0
0
12
21
26
28
0
0
0
0
0
0
0
0
0
0
0
3
4
7
9
10
12
17
19
22
0
0
0
0
0
0
0
0
0
2
0
0
0
0
0
0
7
12
14
17
0
3
6
8
9
11
12
16
19
21
0
0
0
0
0
0
0
0
1
4
0
0
0
0
0
0
0
0
0
1
0
0
0
0
0
2
13
22
25
28
0
0
0
0
0
0
3
7
10
12
0
0
0
0
0
1
12
16
19
20
0
0
0
0
0
0
8
18
21
29
0
0
0
0
0
2
6
15
20
22
0
0
0
0
1
3
18
25
30
32
0
1
3
6
8
9
11
14
16
19
0
0
0
0
2
3
21
25
31
32
0
0
0
0
0
0
13
18
24
27
0
0
0
0
0
0
0
0
2
5
0
0
0
0
0
0
0
0
0
0
0
0
0
0
0
0
1
19
24
26
0
4
6
7
9
11
20
25
31
34
7
11
13
15
16
18
21
27
31
33
0
0
0
0
2
4
20
27
32
34
0
0
0
0
0
0
0
0
1
4
4
10
13
16
18
20
23
29
33
36
0
0
0
0
1
2
26
32
38
39
0
0
0
0
0
0
0
0
0
0
0
0
0
0
0
1
9
13
17
19
0
1
3
6
8
10
11
15
19
25
0
0
0
0
0
0
0
0
0
2
10
17
23
26
28
29
31
36
37
41
0
0
0
0
0
0
0
0
0
2
0
0
0
0
0
0
6
11
13
15
0
0
0
0
0
0
0
0
0
0
0
0
0
0
0
0
0
1
13
16
18
23
28
31
33
34
36
41
42
47
17
23
28
31
33
35
36
40
42
45
15
23
26
28
29
31
33
37
46
48
22
27
33
35
36
38
39
43
46
48
13
18
24
26
27
29
30
35
38
40
0
4
6
9
11
13
14
18
20
23
22
28
32
35
37
38
40
44
45
49
5
9
11
13
14
15
17
21
23
25
5
10
12
14
15
16
25
30
36
38
17
22
27
29
30
32
34
38
41
43
5
10
12
14
15
21
30
37
48
50
20
26
31
33
34
36
38
42
48
50
8
13
16
19
21
23
29
35
48
51
0
6
8
12
13
14
16
20
22
24
14
22
27
31
33
34
36
41
43
46
16
22
29
31
33
34
36
40
46
48
4
8
11
13
14
16
18
25
29
31
14
20
26
29
31
32
34
37
40
43
24
29
35
37
38
40
42
46
50
52
25
30
36
38
40
42
44
48
51
53
19
24
29
33
35
36
38
41
43
46
0
3
6
9
11
12
25
30
35
43
5
9
11
14
15
17
19
23
25
28
22
26
32
35
37
38
40
43
45
50
1
6
8
10
11
13
29
34
48
50
4
8
11
13
16
18
28
34
46
49
22
29
32
37
39
40
42
46
48
53
24
31
35
38
40
41
43
48
50
53
23
29
35
39
41
43
44
48
50
53
4
8
10
12
13
14
16
20
22
24
27
32
41
44
45
46
48
52
54
56
0
6
9
11
15
19
32
38
52
55
3
7
9
11
12
17
34
39
53
55
26
31
38
40
41
43
45
49
53
55
0
4
7
9
11
12
14
18
21
23
23
28
34
36
38
39
40
43
48
51
1
6
7
10
13
15
29
36
52
55
3
8
10
13
17
21
34
39
55
57
19
24
28
29
31
32
33
36
45
48
21
27
35
38
40
42
43
47
49
53
26
33
43
45
46
48
49
54
56
58
28
33
39
42
44
45
47
51
54
57
27
33
40
42
43
45
46
50
55
57
26
32
38
41
43
44
46
49
51
55
1
5
8
10
12
13
15
19
22
27
25
31
38
41
43
45
46
50
53
57
29
34
43
46
48
49
51
55
57
60
9
15
18
20
22
23
36
41
57
59
7
12
15
17
19
24
37
44
59
61
29
34
40
43
45
46
48
53
57
60
62
