time_cost:9934ms
ontime_proportion:0.622222
max_delay:37
avg_delay:7.344444
avg_flowtime:33.322222
object function value:3888.518519
0
0
0
0
0
0
0
0
0
0
1
0
1
4
7
9
11
42
56
59
62
0
0
0
0
0
0
0
0
3
13
0
0
0
0
0
0
0
0
0
0
0
0
0
0
0
0
0
2
4
6
0
0
1
2
3
5
37
53
56
57
0
38
41
44
45
46
48
51
54
57
0
0
0
0
4
6
37
48
50
52
0
0
0
0
0
0
0
0
0
1
0
0
0
0
2
4
20
25
30
34
0
0
0
0
0
0
0
0
3
4
0
0
0
0
0
0
26
33
38
41
0
0
0
0
6
8
42
58
60
62
0
0
0
0
2
6
31
38
43
45
0
0
0
0
0
0
29
38
39
43
0
0
0
0
0
0
0
0
0
0
0
0
0
0
0
4
19
23
32
33
0
2
31
34
36
38
45
59
62
65
0
0
0
0
0
0
0
0
2
4
0
0
0
0
5
7
37
54
57
58
0
0
0
0
0
0
20
32
35
36
0
0
0
0
3
8
36
41
44
46
0
0
0
0
1
2
17
21
26
28
0
0
2
5
7
11
42
59
62
65
0
0
0
0
0
0
37
43
48
51
0
0
0
0
0
0
0
0
0
2
13
17
22
24
25
27
30
41
43
45
0
0
0
1
2
4
36
47
51
52
0
0
1
3
4
6
23
28
33
35
0
0
0
0
1
3
25
34
37
42
0
0
0
0
0
0
0
0
1
4
0
0
0
0
0
2
33
43
45
47
0
1
3
5
6
8
12
16
20
22
0
0
0
0
0
0
13
18
21
22
0
0
0
0
0
0
33
45
47
49
0
0
0
0
0
0
0
0
0
2
0
0
0
0
0
0
0
0
0
1
0
0
0
0
0
0
19
24
28
30
0
0
0
0
1
2
14
18
22
25
0
0
0
0
0
0
0
0
0
1
7
14
16
18
21
23
27
37
40
42
12
17
20
23
25
26
28
33
36
39
16
21
25
28
29
30
37
42
48
53
17
23
26
29
30
31
42
56
59
63
14
19
20
22
26
30
44
57
58
60
1
5
7
12
13
15
23
27
36
40
10
15
18
22
24
25
27
32
35
38
0
6
7
9
11
13
15
20
24
27
0
5
6
8
10
12
13
18
19
23
5
10
12
14
16
18
20
25
27
31
11
23
28
29
30
32
37
50
53
54
12
18
21
23
24
26
28
32
34
36
3
7
9
11
12
14
29
35
40
42
5
10
11
13
15
17
18
23
24
26
5
11
15
18
20
21
30
39
42
45
9
13
16
19
21
23
27
34
38
41
0
4
6
7
8
9
35
45
47
48
4
7
10
13
14
15
17
20
23
26
8
11
12
14
17
19
23
26
30
36
5
10
13
16
18
20
22
27
29
38
7
12
16
17
19
25
33
41
44
45
4
8
10
12
19
21
33
40
46
48
2
5
6
8
9
11
16
19
21
24
15
20
25
27
28
30
32
36
38
40
1
4
5
7
8
10
11
14
15
17
25
36
38
40
41
43
45
49
51
53
23
28
31
33
35
37
39
44
47
50
10
16
22
25
27
29
31
43
45
47
34
45
48
51
53
55
57
60
63
66
20
35
38
41
43
45
47
50
53
56
2
8
13
16
18
19
21
26
29
32
21
26
30
31
32
33
35
40
45
46
8
11
14
17
19
21
30
38
42
46
0
5
8
11
13
17
20
29
35
38
15
20
23
25
27
29
32
42
46
48
7
12
13
15
17
19
24
29
36
40
5
10
13
20
22
23
25
30
33
36
17
29
32
35
36
37
39
42
45
48
1
5
7
11
12
13
29
39
41
43
7
12
14
18
20
22
23
28
29
31
10
14
17
20
22
24
26
29
32
40
16
21
26
28
31
33
46
62
65
67
1
4
5
7
8
10
11
16
18
20
3
8
9
11
25
27
30
37
41
45
5
9
11
14
15
17
19
24
28
30
11
16
18
21
26
28
36
42
45
47
4
7
10
13
14
15
17
20
24
27
10
13
27
30
31
32
34
37
41
44
10
13
18
22
23
28
41
53
56
59
25
32
34
36
38
40
42
47
49
51
68
