time_cost:9878ms
ontime_proportion:0.411111
max_delay:39
avg_delay:6.511111
avg_flowtime:38.677778
object function value:6178.148148
0
0
0
0
0
0
0
0
0
0
0
0
0
0
0
1
3
22
32
35
38
0
0
0
0
0
0
0
0
2
4
0
0
0
0
0
0
13
20
22
24
0
0
0
0
0
0
0
0
0
1
0
0
0
2
5
8
26
35
38
40
0
0
2
3
4
6
22
30
32
33
0
0
0
0
0
0
0
0
2
4
0
3
5
7
9
11
13
22
24
26
0
0
0
1
2
4
17
30
33
34
0
0
1
3
4
5
20
29
31
33
0
0
0
0
0
1
12
20
23
26
0
0
0
0
0
0
20
29
33
36
0
0
0
0
0
0
0
0
0
1
0
0
0
0
0
0
0
0
0
2
0
0
0
0
0
0
0
0
0
0
0
0
3
6
8
10
23
34
37
40
0
0
0
0
0
0
13
21
24
30
0
0
0
1
4
6
24
37
40
41
0
0
0
0
0
0
0
0
3
6
0
0
0
0
0
0
22
32
35
36
0
0
0
0
2
4
23
34
36
39
0
0
0
0
1
3
16
27
30
33
0
0
0
0
0
0
0
1
3
5
0
0
0
0
0
0
0
0
0
0
0
0
0
0
3
5
21
31
38
41
0
0
0
0
7
9
29
40
47
49
0
0
0
0
1
7
22
31
33
34
0
0
0
0
5
7
30
43
47
49
0
2
5
8
10
12
21
30
41
44
0
0
0
0
0
0
0
2
5
8
0
0
0
0
0
0
24
36
40
43
0
0
0
0
0
0
25
35
38
39
0
4
7
10
12
13
23
36
44
47
0
0
0
0
0
2
16
28
30
32
0
0
0
0
0
0
24
33
35
36
0
4
6
8
9
10
34
46
49
51
0
0
0
0
0
1
29
42
52
54
0
0
0
0
0
1
35
48
51
53
0
0
0
0
0
0
15
26
28
30
5
11
14
17
18
28
30
40
43
46
10
18
20
23
24
26
27
35
36
38
7
16
18
20
30
32
36
50
54
56
18
27
32
34
35
37
38
42
56
58
9
16
18
19
20
21
23
33
35
36
4
7
10
13
15
17
28
39
43
49
7
16
19
20
21
23
30
41
44
45
2
7
10
13
15
16
18
23
26
31
19
28
31
33
36
38
39
52
58
60
1
6
9
12
14
15
17
24
27
32
8
14
16
18
21
23
26
36
38
40
8
18
21
22
24
26
40
55
60
61
20
29
31
33
34
36
37
48
61
63
1
5
8
11
13
15
28
39
46
49
6
14
16
18
19
21
26
38
40
43
0
8
11
14
16
18
32
44
49
52
16
25
27
29
33
36
41
56
59
61
8
16
21
23
26
29
31
43
46
47
20
30
33
35
37
40
43
56
58
60
15
24
26
28
33
38
42
57
60
62
7
17
18
20
22
24
25
33
34
36
8
18
21
22
25
27
42
58
63
64
2
8
11
14
17
19
33
45
49
54
13
24
27
30
31
32
40
53
62
65
6
17
20
21
27
29
45
60
67
68
9
19
22
23
25
26
28
36
38
39
13
19
20
22
23
25
26
35
36
38
3
10
13
16
17
27
30
38
41
44
3
10
13
17
19
21
31
43
52
55
16
26
29
31
38
39
43
58
64
66
2
8
12
15
16
18
29
38
41
46
11
21
24
25
26
28
46
61
66
67
5
11
14
17
19
21
36
49
53
56
1
4
7
10
11
12
32
44
47
50
13
24
25
27
29
31
32
39
41
43
7
14
28
31
32
34
40
53
61
64
2
5
8
11
13
17
19
24
47
50
11
21
24
25
40
43
47
63
67
69
6
13
18
21
23
30
32
41
44
47
4
14
19
23
32
34
39
52
64
67
17
28
31
32
39
41
45
59
66
67
4
11
14
17
21
23
34
47
55
58
12
23
24
26
28
30
31
41
43
47
5
13
16
19
23
25
37
50
56
61
0
6
8
10
12
14
28
42
45
49
16
27
30
31
41
43
47
64
67
68
5
11
17
20
28
31
33
45
48
51
12
19
22
24
26
32
33
44
45
47
4
9
11
15
17
19
21
27
29
32
10
20
23
24
39
41
46
61
65
67
70
