time_cost:2892797ms
ontime_proportion:0.722222
max_delay:33
avg_delay:5.733333
avg_flowtime:29.144444
object function value:2749.259259
0
0
0
0
0
0
0
0
0
55
59
0
0
0
0
0
0
0
0
1
4
0
0
0
0
0
0
24
28
37
40
0
0
0
0
0
0
0
0
0
0
0
0
0
0
0
0
0
0
0
1
0
0
0
0
0
0
0
0
2
4
0
0
0
0
1
2
7
11
15
20
0
0
0
0
0
0
0
1
3
5
0
0
0
3
5
7
27
33
38
41
0
3
4
7
9
10
12
16
22
27
0
0
0
0
2
4
26
31
47
49
0
0
0
0
0
0
0
0
4
7
0
0
0
0
0
0
0
6
11
13
0
0
0
0
1
2
11
16
19
20
0
0
0
0
0
0
0
0
2
6
0
1
19
22
24
25
33
39
50
53
0
0
0
0
0
0
0
20
27
29
0
0
0
0
0
0
36
41
53
56
0
0
0
3
5
6
36
40
52
55
0
0
0
0
0
0
0
0
0
2
0
0
0
0
0
0
0
2
4
7
0
0
0
0
0
0
0
8
12
14
0
0
6
8
9
11
21
27
32
34
0
0
0
0
0
0
0
0
0
0
0
0
0
0
0
0
26
32
38
40
0
0
0
3
5
6
8
13
17
20
0
0
0
0
0
0
0
0
0
0
0
0
0
0
2
4
17
25
30
32
22
27
35
37
38
40
41
46
51
53
0
0
0
0
0
0
0
0
0
2
0
0
0
0
0
0
0
1
3
5
0
0
0
0
0
0
0
0
0
0
0
0
0
0
2
3
5
10
13
16
0
0
0
0
0
2
8
12
19
22
0
0
0
0
0
0
0
0
0
0
0
0
0
0
0
0
1
4
6
11
0
0
0
0
0
0
20
24
32
33
0
0
0
0
0
1
8
12
15
18
0
0
0
0
0
3
13
17
22
26
0
0
0
0
0
0
34
39
51
57
5
10
12
15
17
19
20
24
26
29
4
9
12
18
20
21
23
27
30
38
21
26
35
38
40
41
43
48
49
52
13
17
29
31
33
34
37
41
56
58
9
12
15
16
18
19
20
23
25
29
6
10
13
15
16
20
33
38
46
48
13
18
26
28
29
30
32
36
40
42
14
21
28
30
31
33
35
39
41
43
1
5
7
10
22
24
40
47
59
61
9
14
23
25
26
28
29
33
53
55
17
23
30
33
35
37
38
42
44
48
4
8
10
13
14
16
18
22
24
26
9
14
16
18
19
21
28
35
41
43
2
6
8
10
11
13
15
19
21
23
32
38
44
47
49
50
52
56
58
61
10
14
18
21
23
26
40
44
58
61
3
6
8
9
11
12
13
16
18
19
8
13
17
20
22
23
25
30
37
40
6
10
14
17
19
21
26
30
49
54
6
11
13
16
19
20
22
26
27
36
13
22
28
33
35
36
38
44
57
59
23
30
35
37
39
40
42
46
49
51
22
28
35
37
41
43
45
49
52
54
13
17
25
27
28
30
31
35
38
40
20
25
33
35
37
39
41
45
47
51
21
26
33
35
39
41
42
47
52
54
4
8
9
12
14
15
26
30
46
49
21
27
31
33
34
36
37
42
44
46
17
21
25
28
30
32
33
37
39
43
1
5
7
9
10
12
14
18
20
24
16
20
23
25
26
28
30
34
37
40
10
14
22
25
27
28
30
34
42
45
0
4
7
9
11
12
14
18
21
23
2
7
9
11
12
14
17
21
25
27
12
16
25
27
28
31
33
37
49
51
1
4
6
7
9
10
11
14
16
18
29
33
41
44
46
47
49
53
54
57
4
8
10
12
13
15
26
31
36
38
18
25
33
35
36
37
39
43
46
49
10
15
18
19
21
22
26
29
34
35
21
27
33
36
38
39
41
46
47
50
9
13
16
19
21
23
24
28
30
35
3
7
8
11
13
14
16
20
21
25
17
23
27
30
32
33
35
39
40
49
0
3
5
9
15
18
29
35
40
45
25
30
35
38
40
42
43
47
49
52
4
9
10
13
15
17
31
37
43
46
5
9
11
13
14
16
29
36
42
44
18
24
33
35
36
37
39
43
45
47
16
21
29
32
34
36
37
41
43
46
63
