time_cost:5379ms
ontime_proportion:0.488889
max_delay:41
avg_delay:7.133333
avg_flowtime:37.455556
object function value:5359.629630
0
0
0
0
2
4
5
32
42
44
47
0
0
1
4
6
7
22
30
35
40
0
0
0
0
0
3
34
39
46
49
0
0
0
0
0
1
26
31
36
38
0
0
0
0
2
3
26
33
38
40
0
1
4
6
7
9
14
19
22
24
0
0
0
2
4
5
18
28
29
32
0
0
0
0
0
0
0
0
0
0
0
0
0
2
3
5
25
31
35
37
0
0
0
0
0
0
0
0
2
4
0
0
0
0
0
0
0
26
30
36
0
0
2
4
5
7
30
36
40
42
0
0
0
0
0
0
26
29
35
36
0
0
0
0
0
0
0
0
0
1
0
0
0
0
0
0
0
0
0
0
0
0
2
5
7
8
22
29
32
38
0
0
0
0
0
0
0
0
0
0
0
2
4
7
9
11
18
28
31
34
0
0
0
0
1
3
14
20
23
25
0
0
0
0
0
0
0
0
3
8
0
0
0
0
0
0
0
0
0
0
0
0
0
2
3
4
12
18
20
22
0
0
0
0
0
0
0
0
0
2
0
0
0
0
0
0
40
47
49
52
0
0
0
0
1
2
29
34
37
38
0
0
0
0
0
0
0
0
6
11
0
0
0
0
0
0
41
49
51
54
0
1
2
5
7
8
43
49
54
57
0
0
0
0
0
1
11
17
19
21
0
0
0
0
2
6
42
49
52
55
0
0
0
0
0
0
0
3
5
7
0
0
0
0
0
0
18
29
33
36
0
0
0
0
0
0
41
47
51
54
0
0
0
0
1
2
10
16
18
20
0
0
0
0
0
1
14
20
23
25
0
0
0
0
0
6
25
31
34
38
0
4
7
9
10
12
13
18
20
22
0
3
5
9
11
13
26
33
38
41
0
0
0
0
0
0
0
3
5
7
0
2
4
6
7
8
30
39
41
43
5
10
11
14
16
17
43
50
54
57
3
7
9
11
12
14
16
23
25
27
9
12
20
23
25
26
45
51
57
60
3
8
9
12
14
19
45
51
57
60
19
25
30
32
33
34
36
40
42
44
2
7
8
11
13
14
44
50
55
58
12
16
18
20
21
23
30
36
40
42
10
15
20
23
25
26
47
51
58
62
22
27
31
33
34
35
37
41
44
46
14
18
23
25
26
28
34
41
43
45
5
10
12
16
17
19
20
25
27
30
10
14
17
21
23
24
49
53
61
64
7
13
23
26
32
36
48
52
60
63
1
5
8
10
12
13
26
31
38
42
11
16
18
19
21
22
25
31
36
37
5
10
12
15
17
19
45
52
60
63
16
20
25
27
28
30
31
38
42
44
7
12
13
16
21
23
27
35
39
43
3
7
10
12
13
15
16
23
26
28
5
9
12
14
16
17
27
33
36
39
7
12
14
16
19
21
23
27
29
31
12
17
25
27
28
30
38
45
49
51
5
9
12
16
18
19
21
25
28
30
14
18
23
26
30
32
34
45
47
49
4
8
11
13
15
16
18
22
25
30
12
20
26
28
30
32
34
44
47
49
14
19
27
29
32
34
38
47
49
51
23
29
33
34
36
37
38
43
45
46
6
11
14
16
19
21
22
30
37
39
1
5
14
17
19
21
48
53
63
66
21
25
31
33
35
41
54
58
69
71
3
7
10
12
14
15
30
36
39
41
24
29
34
35
37
38
39
43
46
47
18
23
27
29
38
40
53
57
69
71
16
21
28
30
35
38
51
56
67
69
7
12
14
17
19
21
51
56
66
69
20
25
32
34
40
42
54
58
69
71
22
27
33
35
41
44
56
60
71
73
9
14
17
21
23
26
30
36
43
45
8
12
15
18
20
22
50
54
64
67
2
6
8
10
14
16
26
32
37
41
17
23
29
31
37
39
56
61
71
73
8
13
16
18
23
25
30
36
42
45
10
14
17
20
22
25
50
54
63
68
18
23
29
31
39
43
55
59
71
74
2
5
20
28
34
39
52
55
66
69
2
5
9
18
22
25
29
34
42
45
0
4
6
9
16
18
27
33
39
42
10
14
16
18
22
23
28
35
41
44
22
27
34
37
41
45
57
61
73
75
76
