time_cost:2153353ms
ontime_proportion:0.722222
max_delay:27
avg_delay:4.055556
avg_flowtime:30.500000
object function value:2794.444444
0
0
0
0
0
0
0
0
5
7
8
0
0
2
3
15
19
34
41
43
45
0
0
2
5
6
8
25
29
31
34
0
0
0
0
0
1
14
18
21
23
0
0
0
0
0
0
0
5
8
10
0
0
0
0
0
0
5
12
15
16
0
0
0
0
2
4
16
22
23
26
0
0
0
0
0
0
0
0
0
0
0
0
1
4
21
23
31
37
40
43
0
0
0
0
0
2
22
27
31
32
0
0
0
0
0
0
0
1
8
11
0
0
0
1
4
7
33
39
42
43
0
0
0
0
0
0
0
0
1
4
0
0
0
1
5
6
33
39
41
44
0
0
0
0
0
0
13
16
18
21
0
0
0
0
0
0
0
0
0
1
0
0
0
0
0
0
16
22
24
26
0
2
4
6
7
8
23
28
31
33
0
4
7
8
9
11
31
39
42
43
0
0
0
0
0
2
17
22
24
27
0
0
0
0
0
0
15
17
19
20
0
2
3
6
8
10
21
27
28
31
0
0
0
0
2
4
20
25
28
29
12
17
20
23
25
26
34
42
45
50
0
0
0
0
1
3
11
15
17
19
0
0
0
0
0
0
0
0
2
3
0
0
0
0
0
0
0
0
0
1
0
0
2
5
8
10
28
33
36
39
0
0
0
0
0
0
12
19
22
25
0
0
0
0
0
0
0
0
0
0
0
0
0
0
3
5
21
27
29
32
0
0
0
0
0
0
0
0
0
1
1
2
3
5
6
8
32
37
42
44
0
1
4
5
23
25
39
47
50
51
0
0
0
0
0
0
10
14
16
18
0
0
0
0
0
0
0
0
0
2
0
0
0
0
0
0
28
34
37
40
0
0
0
0
0
0
37
43
45
48
0
0
0
0
0
0
0
0
0
0
0
0
0
0
1
2
29
35
39
41
27
32
35
36
37
39
43
50
53
54
10
13
18
21
26
28
41
48
51
54
3
8
10
11
21
23
36
45
48
49
1
6
8
10
12
13
16
22
24
27
20
24
27
28
29
31
42
50
53
54
4
8
11
12
13
15
18
24
27
28
10
16
19
22
26
28
39
44
53
56
5
8
10
13
15
17
20
24
26
29
17
24
27
28
31
33
44
53
56
57
22
28
33
36
38
40
42
46
50
53
6
10
13
14
15
17
19
25
28
29
0
4
5
7
9
11
31
35
38
40
4
8
11
12
25
27
44
53
56
57
2
6
7
9
11
13
35
39
45
47
5
13
15
16
17
19
26
33
36
37
8
11
15
18
19
21
39
45
48
51
1
4
6
9
13
15
31
37
39
42
11
16
19
20
21
23
29
36
39
40
19
23
29
32
33
35
39
42
50
53
11
15
18
19
20
22
23
30
33
35
10
15
17
18
19
21
23
28
30
31
15
21
26
29
31
32
35
40
46
50
17
20
22
23
24
25
30
35
37
38
7
10
12
13
14
15
31
37
39
40
1
5
8
9
10
12
13
19
23
24
22
27
29
32
34
36
38
42
43
46
17
22
25
28
30
31
34
42
45
48
6
14
21
25
27
28
38
47
50
53
15
19
21
22
23
24
26
30
32
33
0
4
5
8
10
12
28
32
35
38
9
13
14
17
19
21
27
31
32
42
4
9
11
12
13
15
20
29
32
33
1
4
6
7
8
9
20
26
29
30
31
36
41
43
44
45
46
51
53
55
16
19
23
26
27
29
35
38
44
47
2
7
9
10
11
13
15
20
23
25
8
13
16
19
29
31
39
43
52
55
15
21
22
24
25
27
31
36
40
42
8
11
13
17
29
31
36
39
47
50
0
3
5
6
7
8
28
35
37
38
22
29
32
33
34
36
39
50
54
55
9
13
15
18
24
26
36
40
47
50
25
32
35
36
37
39
40
45
48
49
4
9
12
15
17
18
24
30
33
36
8
12
13
15
16
18
24
28
29
31
12
18
20
23
27
29
38
43
49
52
8
11
13
15
17
18
25
32
34
35
4
8
9
11
18
20
34
38
43
45
28
33
36
37
39
41
43
53
56
57
11
15
18
21
23
25
27
31
33
36
58
