time_cost:6281ms
ontime_proportion:0.544444
max_delay:33
avg_delay:4.688889
avg_flowtime:32.900000
object function value:4652.222222
0
0
0
0
0
4
7
24
29
30
31
0
0
0
0
0
0
15
20
22
24
0
0
0
0
0
0
11
16
18
21
0
0
0
0
0
0
0
0
1
2
0
0
0
0
3
5
31
34
36
38
0
0
0
0
1
2
14
19
20
23
0
0
0
0
8
13
31
35
37
40
0
0
0
0
0
0
0
0
1
2
0
0
0
0
0
0
0
0
2
6
0
0
0
0
0
0
0
0
0
0
0
2
3
6
7
12
29
35
36
39
0
0
0
0
0
0
0
0
0
1
0
0
0
0
0
0
0
0
0
0
0
0
0
0
0
0
27
41
43
46
0
0
1
2
3
5
21
25
26
27
0
0
0
0
1
3
26
31
33
36
0
0
0
0
0
0
0
1
2
3
0
1
3
4
6
7
32
35
37
38
0
0
1
2
5
7
35
39
40
41
0
0
0
0
0
0
25
30
32
35
0
0
0
1
3
4
13
17
19
29
0
0
1
2
4
7
25
29
30
32
0
0
0
0
3
5
34
38
39
40
0
0
0
1
2
5
16
22
24
28
0
0
0
0
2
3
20
26
27
30
0
0
0
0
0
0
0
0
0
1
0
0
1
2
7
9
40
43
44
45
0
0
0
0
1
2
16
21
23
25
0
0
0
0
0
0
0
0
0
0
0
0
0
0
0
0
0
2
4
7
0
1
2
3
6
10
27
31
32
33
0
0
0
1
7
9
34
38
39
40
0
0
0
0
0
0
24
27
29
31
0
0
0
0
1
3
25
42
48
51
0
0
0
0
9
11
44
49
51
54
0
1
2
3
6
9
25
28
29
30
0
0
0
0
0
0
0
1
3
7
0
0
0
0
0
0
0
0
0
0
0
0
0
0
0
0
24
28
30
32
0
2
3
4
5
9
27
31
32
33
0
5
7
9
10
11
16
21
23
26
2
7
8
9
11
13
37
41
42
43
20
24
25
26
27
29
40
44
45
46
5
12
14
17
18
20
44
49
51
54
7
12
14
15
23
25
31
35
38
42
0
4
7
8
10
12
28
32
35
36
6
12
13
16
22
23
29
34
35
41
24
27
28
29
30
32
34
37
38
39
1
6
8
11
13
15
46
51
54
57
11
15
16
17
19
21
36
40
41
42
5
9
12
13
15
17
27
31
34
36
6
11
13
15
16
18
21
24
26
28
15
19
20
21
23
25
36
40
41
44
1
8
10
13
14
16
46
51
53
56
13
16
17
19
20
22
24
27
28
29
16
21
22
23
25
27
41
46
47
48
15
20
21
22
23
25
39
44
45
46
15
19
20
21
25
27
38
42
43
44
1
6
8
10
11
12
19
30
32
34
12
15
16
17
27
29
35
38
39
40
3
7
10
15
17
19
21
25
28
29
6
13
14
20
21
22
48
53
54
57
19
24
25
26
27
29
38
43
44
45
4
8
11
12
14
16
18
36
39
41
9
14
15
16
18
20
29
34
35
37
10
15
17
19
20
21
31
36
38
40
23
26
27
28
29
31
43
46
47
48
2
10
12
14
15
16
28
33
35
38
6
10
13
14
16
18
30
34
37
42
9
13
15
18
23
25
33
37
38
42
21
25
26
27
28
31
42
46
47
48
2
6
9
17
19
21
23
27
30
31
15
18
26
28
33
37
49
53
57
59
0
8
10
13
21
23
46
51
56
59
2
6
9
10
12
14
32
39
42
46
6
13
17
20
22
33
51
56
59
62
14
18
19
26
37
40
55
59
62
63
8
13
16
17
25
27
34
39
40
41
6
10
13
14
17
19
30
37
40
41
18
23
24
25
31
33
43
48
49
50
7
13
16
17
25
27
34
39
40
43
21
25
26
27
33
36
51
55
57
58
10
15
23
25
32
35
49
54
58
60
10
17
18
21
29
35
52
57
59
62
18
21
23
25
34
38
51
54
60
62
5
9
12
19
21
23
25
36
39
44
9
14
21
24
36
38
54
59
62
65
19
24
25
28
36
40
54
60
63
64
11
16
21
23
35
39
53
58
62
64
11
16
17
21
27
29
34
39
40
41
66
