time_cost:1867146ms
ontime_proportion:0.844444
max_delay:21
avg_delay:2.588889
avg_flowtime:26.022222
object function value:1422.962963
0
0
0
0
0
0
0
13
22
25
26
0
0
0
0
0
0
0
0
0
0
0
0
0
0
0
0
0
0
1
3
0
0
0
0
0
0
0
0
3
6
0
0
0
0
0
0
0
0
0
0
0
3
5
7
8
12
39
46
47
49
0
0
0
0
0
0
0
0
0
1
0
0
0
0
0
0
0
0
0
5
0
0
0
0
0
0
0
0
0
0
0
0
0
0
0
0
16
21
22
27
0
0
0
0
0
0
0
0
0
1
0
0
0
0
0
0
32
40
41
43
0
0
0
0
0
0
0
0
0
1
0
7
10
12
13
14
18
24
27
29
0
1
2
3
4
5
15
19
20
21
0
0
0
0
1
2
21
25
27
28
0
0
0
1
3
4
36
41
43
44
0
0
1
3
4
6
38
47
48
50
0
2
4
5
7
9
29
36
38
39
21
28
31
34
35
36
37
41
44
47
0
0
0
0
0
0
0
0
1
4
0
0
0
0
0
0
0
0
0
1
0
0
1
2
4
5
33
39
42
43
0
14
18
19
23
24
34
41
44
45
0
0
0
0
0
0
0
0
2
4
0
0
0
0
0
0
0
2
4
5
0
0
0
0
0
1
18
22
25
28
5
11
14
15
18
19
36
44
47
48
0
0
0
0
0
1
30
44
47
48
0
0
0
0
0
0
0
0
0
0
0
2
4
7
9
11
12
18
20
25
0
0
0
0
0
0
0
0
0
2
0
0
0
0
0
0
0
0
0
0
0
2
3
4
5
6
17
24
27
28
8
13
15
18
20
22
25
32
34
42
0
0
0
0
0
0
0
0
0
0
0
0
0
0
0
0
0
0
0
0
0
0
0
0
0
2
6
10
13
16
0
0
0
0
0
2
4
11
12
15
0
0
0
0
0
0
7
20
23
24
34
39
41
42
44
46
47
52
54
56
17
24
28
31
32
34
41
51
54
56
11
16
19
20
21
22
26
34
37
39
13
17
22
24
25
27
30
38
40
42
7
12
13
15
16
18
20
26
28
30
6
17
18
19
24
25
35
41
43
44
2
5
7
8
10
11
25
32
35
36
10
15
16
17
18
20
31
40
42
43
8
13
15
18
20
22
24
30
33
38
29
35
38
40
41
42
44
48
51
53
0
3
5
6
8
10
14
23
27
29
3
6
9
12
14
16
17
20
24
29
10
14
15
17
19
21
29
35
36
38
9
13
14
16
17
19
22
28
30
32
25
29
32
35
36
37
38
42
45
48
28
34
36
37
39
40
41
44
46
48
17
21
24
27
28
29
31
38
41
44
9
12
13
14
15
16
30
36
38
39
28
34
35
37
38
40
42
46
48
50
9
22
24
27
29
31
36
47
49
54
1
4
7
10
12
14
15
18
21
24
0
5
6
7
11
13
29
38
40
41
2
9
12
13
14
15
16
27
30
32
13
16
19
22
24
26
27
32
43
46
6
11
12
13
14
16
31
38
40
41
22
28
29
30
31
33
34
39
40
41
21
30
32
35
37
39
40
45
47
50
27
32
34
35
37
39
40
45
47
48
22
26
28
29
31
32
33
37
39
40
21
25
26
28
29
31
33
37
39
42
1
5
8
11
12
13
14
18
21
24
8
12
15
18
19
20
24
28
31
36
5
10
11
12
13
15
16
21
22
23
12
15
16
17
18
19
21
27
29
30
4
8
11
14
17
18
25
32
35
38
20
27
30
31
32
33
38
49
52
53
2
6
7
9
10
12
21
37
38
40
25
34
37
38
39
40
41
47
50
51
4
7
10
13
15
17
18
21
24
27
12
16
19
21
22
23
25
31
34
36
9
15
17
20
22
24
26
35
37
40
17
25
28
30
31
32
34
42
45
47
5
9
12
15
16
17
18
29
37
40
14
19
20
21
22
23
24
31
32
33
3
8
9
10
11
14
39
47
48
49
21
25
28
31
32
33
35
39
42
44
8
12
17
20
21
23
36
41
44
46
3
8
11
12
16
17
36
43
46
47
30
37
40
43
44
45
46
50
53
56
1
6
7
8
9
11
12
17
18
24
58
