time_cost:2269322ms
ontime_proportion:0.966667
max_delay:23
avg_delay:0.488889
avg_flowtime:23.611111
object function value:120.370370
0
0
0
0
0
0
0
1
4
7
10
0
0
0
0
0
0
0
0
0
5
0
0
0
0
0
0
0
0
0
2
0
0
0
0
0
1
10
14
15
17
0
0
0
0
0
1
7
12
15
17
0
0
0
0
0
0
0
0
0
0
0
0
1
4
6
8
9
12
15
18
0
0
0
0
1
3
9
12
13
14
0
0
1
2
3
4
7
11
12
13
0
0
0
1
4
6
10
15
17
18
0
0
0
0
0
0
0
2
4
7
0
0
0
0
0
0
0
0
0
1
0
0
0
0
1
3
15
22
23
24
0
0
0
0
2
4
8
11
14
20
0
0
0
3
5
7
12
15
17
18
0
0
0
0
0
0
0
0
2
3
0
1
2
4
5
6
10
14
17
18
0
0
0
0
0
0
10
13
17
19
0
0
0
0
0
0
0
0
0
2
0
0
0
0
0
0
0
1
3
4
0
4
7
9
10
11
13
17
20
22
0
0
0
0
0
0
2
7
9
19
0
0
0
0
0
0
11
15
18
20
0
4
5
7
8
10
15
19
20
23
0
0
0
0
1
3
17
28
30
31
0
0
0
0
0
0
0
0
0
0
0
0
0
0
0
0
0
0
2
5
0
0
0
0
0
0
0
5
10
21
0
0
0
0
0
0
13
16
19
22
0
0
0
0
0
0
0
0
0
0
0
0
0
0
0
0
0
0
1
5
0
2
5
8
9
10
15
20
23
26
0
0
1
2
4
5
11
15
17
18
0
1
4
7
8
9
14
18
21
24
0
0
0
0
0
0
11
16
18
21
0
4
5
6
9
12
20
26
27
28
0
0
0
0
0
0
16
22
24
27
0
0
0
0
0
0
0
0
0
0
0
0
0
0
1
3
16
21
24
28
0
0
0
0
0
1
15
23
24
25
12
16
19
21
22
23
25
31
36
38
5
10
11
12
13
15
22
30
35
36
15
20
21
22
23
25
26
34
39
40
0
4
5
7
8
10
21
29
35
37
14
19
22
24
25
26
28
32
37
39
6
11
14
17
19
20
21
25
29
32
1
7
10
12
13
14
24
28
31
33
5
10
11
13
14
16
24
31
32
33
5
10
12
15
20
22
24
31
33
36
18
21
23
24
26
28
32
36
39
41
10
13
15
16
18
20
21
28
30
31
13
17
18
20
21
23
26
32
36
38
4
9
12
13
15
16
31
38
41
42
5
8
9
10
11
13
30
35
36
37
17
24
26
29
31
33
34
39
41
44
10
15
16
17
18
19
20
23
26
27
9
18
21
26
28
30
31
34
37
40
4
9
10
11
12
14
30
35
36
38
19
24
25
26
27
29
30
35
36
37
20
24
27
29
30
31
33
37
40
42
19
23
26
29
30
31
32
36
39
42
17
21
22
23
24
25
28
32
33
34
24
27
28
29
30
31
35
41
42
43
23
26
29
30
32
33
34
37
39
40
23
27
28
30
31
33
35
39
40
43
21
27
30
33
34
35
36
40
43
46
20
24
27
31
33
34
36
40
43
45
22
26
29
32
35
37
38
42
45
48
3
7
8
10
11
13
37
43
44
46
6
11
12
13
14
16
36
43
45
46
25
28
30
31
33
35
36
41
43
44
4
9
12
17
22
25
35
40
42
45
27
33
34
35
36
38
41
46
48
49
25
30
32
35
37
39
40
45
48
51
25
30
31
32
33
35
39
44
46
47
5
10
11
12
13
15
39
45
46
47
12
18
20
21
23
24
33
37
40
41
3
7
8
10
15
17
39
44
46
48
18
23
31
34
35
36
37
43
47
50
32
38
39
40
41
43
44
50
52
53
13
20
24
27
29
30
36
40
43
47
30
35
38
39
40
41
42
47
51
52
29
34
37
39
40
41
43
47
50
52
29
33
34
37
38
40
42
46
47
49
27
30
33
36
38
40
41
46
49
53
1
5
6
8
16
18
44
49
52
54
29
33
34
36
37
39
41
45
46
48
27
30
32
33
35
37
40
43
45
47
3
6
7
8
10
11
33
36
37
38
0
5
8
10
11
12
37
42
46
48
55
