time_cost:1945130ms
ontime_proportion:0.722222
max_delay:29
avg_delay:2.911111
avg_flowtime:30.677778
object function value:2800.370370
0
0
0
0
2
3
5
10
14
18
20
0
0
0
3
5
6
10
14
17
20
0
0
0
0
0
0
8
13
15
18
0
0
0
0
0
0
0
0
2
6
0
0
0
1
2
4
11
16
21
23
0
0
0
0
0
0
0
3
8
10
0
0
0
1
3
4
12
15
22
23
0
0
0
0
0
0
11
16
18
21
0
0
0
0
0
0
0
2
19
22
0
1
3
5
6
8
11
16
21
23
0
0
0
0
0
0
0
0
5
16
0
0
0
0
0
2
12
17
20
22
0
1
3
5
6
7
12
16
19
21
0
0
0
0
1
3
14
19
23
25
0
0
1
3
4
5
15
23
25
27
0
0
0
1
4
7
16
21
25
27
0
0
0
0
1
3
14
21
27
29
0
0
0
0
2
5
16
20
25
27
0
0
0
3
8
9
18
23
27
30
0
0
2
4
6
9
18
22
27
29
0
2
4
6
7
9
18
24
28
30
0
0
0
0
1
2
16
20
23
32
0
0
0
0
0
0
16
19
22
24
0
0
0
0
0
0
0
1
3
6
0
0
0
0
0
0
0
0
5
18
0
0
0
0
0
0
0
0
0
0
0
0
0
0
0
0
0
3
5
7
0
0
0
0
0
0
0
6
25
31
0
0
0
0
0
0
22
28
32
35
0
0
0
0
0
0
0
0
0
3
0
0
0
0
0
0
0
2
4
5
0
0
0
0
0
1
19
26
30
36
0
0
0
0
0
0
0
0
0
0
0
0
0
0
5
7
22
28
34
40
0
0
0
0
0
0
23
26
31
38
0
0
0
0
0
0
22
28
35
37
0
0
0
0
8
11
26
30
37
39
0
0
0
0
0
1
25
28
37
38
0
0
0
0
0
0
0
0
0
0
0
0
1
3
4
5
7
11
14
16
18
23
26
29
31
32
34
38
39
42
6
10
13
15
16
18
26
30
37
40
10
14
18
20
21
22
28
32
39
41
2
5
7
10
12
13
15
18
20
23
20
24
29
31
32
34
36
40
42
44
2
6
8
10
11
12
14
18
20
22
14
19
24
27
29
30
32
35
37
42
24
28
35
37
38
40
42
46
48
50
8
13
15
18
20
21
26
33
38
41
24
29
34
37
39
40
42
47
49
53
2
9
15
17
18
20
26
33
40
44
4
8
10
13
14
15
28
32
41
43
7
11
15
17
18
20
34
39
50
52
2
5
7
8
10
11
26
31
36
40
6
10
12
15
18
19
34
38
47
50
2
7
12
15
17
18
26
34
38
41
3
7
8
11
13
16
34
39
50
53
12
17
23
25
26
27
35
39
52
54
2
6
9
11
13
14
16
20
23
25
29
34
41
43
44
46
47
52
55
57
5
8
12
14
17
19
32
37
45
46
9
14
17
19
20
22
27
34
41
44
22
26
31
34
36
37
39
42
44
50
27
30
38
41
43
44
46
49
52
55
17
23
29
31
32
34
35
39
42
45
7
10
12
13
15
17
24
31
37
44
2
8
11
14
16
17
38
43
54
57
23
26
34
37
40
42
44
47
53
56
4
8
10
12
13
15
17
21
23
25
19
24
29
31
32
34
38
42
56
58
0
4
6
8
9
10
29
36
44
46
21
28
33
35
36
38
39
44
46
48
21
27
31
34
36
37
39
43
44
47
1
4
6
10
12
13
23
30
35
46
30
34
43
45
46
48
49
53
57
59
8
12
16
19
21
23
29
36
43
46
4
8
9
12
14
16
20
26
32
35
0
4
6
9
10
21
38
44
57
59
8
13
16
18
19
21
38
44
58
60
10
14
22
24
25
27
31
38
48
50
30
36
43
46
48
49
51
55
59
62
32
37
46
49
51
52
54
58
59
62
6
11
13
17
18
19
30
37
47
49
30
34
46
48
50
51
53
57
60
62
6
12
13
16
19
23
30
40
46
49
2
6
10
12
13
14
20
24
30
32
14
18
27
30
32
33
35
38
41
44
19
25
30
32
34
35
37
41
49
51
25
32
36
38
39
41
43
47
50
52
5
9
11
13
15
24
33
41
49
51
64
