time_cost:2564453ms
ontime_proportion:0.777778
max_delay:26
avg_delay:3.444444
avg_flowtime:29.200000
object function value:2195.555556
0
0
11
14
19
21
23
32
42
45
51
0
0
0
0
0
0
0
3
5
8
0
0
0
0
0
0
0
0
0
0
0
0
0
0
0
0
3
8
10
16
10
14
20
23
24
25
29
37
40
44
0
0
0
0
0
0
0
0
0
2
0
0
0
0
0
0
3
8
9
11
0
2
3
4
5
6
15
18
19
20
0
0
0
0
0
0
0
0
2
14
12
19
22
25
26
27
37
49
52
55
0
0
0
0
0
1
14
22
25
26
0
0
0
0
4
7
28
35
37
42
0
0
0
0
0
0
0
1
4
6
0
0
0
0
0
0
0
0
2
3
0
0
0
0
0
0
19
21
24
27
0
0
0
0
0
0
0
0
0
1
0
0
0
2
3
5
16
20
21
23
0
0
0
0
0
0
0
0
0
1
0
0
0
0
1
2
33
44
47
50
0
0
0
0
0
0
21
27
30
33
0
0
0
0
0
0
0
1
2
3
0
0
3
6
7
8
32
38
41
45
0
0
0
2
3
4
28
37
40
43
0
0
0
0
1
2
16
19
20
21
0
0
0
0
2
4
35
47
50
53
0
0
0
0
0
0
0
0
1
2
0
0
0
0
0
0
18
22
25
27
0
0
3
6
8
10
29
37
44
47
0
0
0
0
0
0
0
0
0
0
0
0
0
0
0
0
0
0
0
0
0
0
0
0
0
0
0
0
2
3
0
0
0
0
0
1
7
11
13
14
0
0
0
0
1
3
18
22
23
25
0
0
0
0
1
3
24
35
38
41
0
0
0
0
0
0
0
0
0
0
0
0
0
0
0
0
13
18
19
20
0
0
0
0
0
0
0
0
1
2
0
2
5
6
8
9
31
37
39
42
0
0
0
0
2
4
22
25
27
31
0
0
0
0
0
1
26
34
37
40
0
3
4
5
6
7
20
24
25
26
11
18
21
22
23
24
38
48
51
52
1
6
9
10
12
13
38
50
53
54
7
12
15
16
18
19
29
40
43
44
10
15
18
19
20
21
23
29
32
33
0
5
7
10
12
14
30
40
44
47
6
9
11
12
17
19
26
32
34
35
18
23
26
28
29
30
34
42
45
47
3
8
10
16
18
20
33
41
43
49
16
21
23
24
26
28
34
42
44
48
5
10
11
12
13
15
19
24
25
26
10
13
15
16
18
19
31
36
38
39
22
30
32
35
37
39
40
46
48
52
27
32
35
38
40
42
43
47
50
53
7
10
12
13
15
16
36
43
45
46
2
7
8
9
10
12
18
23
24
25
5
10
11
12
13
15
16
21
22
24
1
7
9
10
12
13
19
25
27
28
0
3
5
12
14
15
33
40
42
46
18
22
24
25
27
28
32
40
43
44
10
13
15
19
22
23
30
35
38
40
2
7
8
9
10
12
13
18
19
23
8
12
14
15
17
18
36
45
47
48
21
25
28
31
33
35
36
39
42
45
4
9
11
14
16
18
19
27
29
32
25
30
33
36
38
40
41
44
47
50
28
31
34
37
39
41
42
47
50
53
0
4
7
10
11
12
39
52
55
57
10
14
16
17
21
23
28
34
37
38
3
6
12
15
19
21
34
43
47
50
8
11
12
13
14
15
16
19
21
24
13
17
18
19
21
22
24
27
28
29
23
31
33
34
36
37
38
48
50
51
13
16
17
18
19
20
28
34
36
39
14
24
27
30
31
32
35
48
51
54
14
19
23
24
25
26
39
53
56
57
0
3
6
7
9
10
32
42
44
48
22
32
35
38
39
40
41
51
54
57
19
25
28
30
31
32
35
45
48
50
9
16
20
21
22
24
35
50
53
54
6
10
13
17
23
24
39
50
53
55
24
28
31
34
35
36
37
45
48
51
9
14
16
17
19
20
26
35
37
38
10
15
18
20
21
22
24
28
31
34
11
17
19
22
24
26
27
33
41
44
8
15
18
19
20
21
22
27
30
31
2
7
8
9
10
12
23
28
29
30
5
11
14
15
16
17
21
29
33
34
13
19
22
23
24
25
31
37
40
41
0
5
6
7
8
10
27
33
34
35
58
