time_cost:2724980ms
ontime_proportion:0.644444
max_delay:33
avg_delay:5.211111
avg_flowtime:31.466667
object function value:3604.444444
0
0
5
10
12
13
14
39
43
45
47
0
0
0
0
0
0
0
2
4
6
0
0
0
0
0
0
0
0
0
0
0
0
0
0
0
0
0
0
1
4
0
0
0
0
0
0
0
0
0
0
0
0
2
4
5
7
35
42
44
46
0
0
0
0
1
3
29
32
35
38
0
0
0
0
1
3
30
37
39
41
0
0
0
0
0
0
0
0
0
1
0
0
0
0
0
2
26
29
31
33
0
0
2
4
27
37
45
55
57
59
0
0
0
0
0
2
13
19
20
22
0
3
5
7
8
9
17
21
23
25
0
4
7
10
12
13
29
34
37
40
0
0
0
0
0
0
21
27
29
31
0
1
4
5
6
8
13
21
24
25
0
0
0
0
0
1
39
47
49
51
0
0
0
0
0
0
0
0
0
2
0
0
0
0
0
0
0
0
0
0
0
0
0
0
0
0
31
38
41
44
0
0
0
0
0
0
0
0
0
0
2
3
4
6
8
10
13
18
19
21
0
0
0
0
0
0
0
0
6
8
0
0
0
0
0
0
0
0
0
0
0
0
0
0
0
0
0
0
0
6
0
0
0
0
0
0
0
0
2
4
0
0
0
0
0
0
0
0
2
3
0
0
0
1
2
4
22
28
31
32
0
4
7
14
16
18
31
39
41
43
0
0
0
0
0
0
45
53
55
56
0
0
0
0
1
5
43
53
55
57
0
4
11
14
27
39
47
55
58
61
0
0
0
0
0
0
0
0
0
1
0
0
0
0
0
1
24
30
33
35
0
0
0
0
0
0
46
55
58
59
10
15
18
21
23
25
27
31
34
37
0
2
4
6
7
9
16
21
23
25
0
0
0
0
2
3
36
40
43
45
0
0
0
0
0
0
0
0
0
2
0
0
0
0
3
6
44
52
55
58
10
14
17
20
22
23
30
37
42
44
10
15
18
19
28
30
35
42
45
46
15
22
25
29
31
32
34
39
42
45
3
6
7
9
10
12
22
28
29
31
8
13
14
16
18
20
21
26
27
30
5
9
11
13
19
21
36
45
47
49
18
25
27
28
33
41
49
58
60
61
0
3
4
6
8
10
28
34
36
38
4
8
10
11
12
13
21
26
28
29
3
8
9
11
13
15
16
21
23
25
25
28
29
31
32
34
36
39
40
42
10
16
18
19
20
22
35
43
45
46
1
6
8
10
12
14
19
26
28
31
5
10
12
16
18
21
23
28
30
33
9
12
15
17
26
28
33
36
38
40
4
9
11
13
15
17
25
34
39
43
14
17
20
23
24
25
28
31
35
38
4
9
12
15
17
19
24
29
32
35
8
12
16
18
20
23
29
32
33
35
6
10
13
19
28
41
47
57
59
62
13
18
20
22
23
24
27
33
35
37
2
5
6
8
9
11
16
20
25
27
20
27
30
33
34
35
37
44
47
52
11
16
19
21
22
24
28
33
36
37
17
23
25
27
29
31
34
41
43
45
9
12
15
18
24
28
34
41
44
47
6
12
14
15
16
17
20
24
26
27
3
6
7
9
10
12
32
35
38
40
9
14
16
19
25
35
43
51
53
54
12
18
21
24
26
27
29
35
38
41
0
7
9
11
13
15
24
32
34
36
9
14
15
17
20
22
25
30
31
35
1
4
5
7
17
19
36
41
42
46
6
11
14
15
21
26
40
49
52
53
4
9
12
13
14
16
18
25
28
29
8
13
16
17
18
20
30
38
41
42
21
25
27
29
30
32
37
42
44
47
17
23
27
28
29
31
39
47
50
51
22
29
32
33
34
39
47
58
61
62
12
19
22
23
27
29
34
39
42
45
17
24
26
28
31
33
39
47
50
52
0
4
6
8
9
11
17
22
24
26
14
20
23
26
31
33
39
44
47
50
11
16
19
20
21
23
25
35
38
39
14
19
21
23
25
27
32
37
40
42
3
8
9
14
16
18
19
24
25
29
23
30
33
34
35
37
40
50
53
54
1
7
9
12
14
16
30
35
37
39
6
10
13
18
25
29
42
49
51
53
0
7
17
22
24
26
31
36
40
43
63
