time_cost:3264885ms
ontime_proportion:0.722222
max_delay:33
avg_delay:4.677778
avg_flowtime:28.733333
object function value:2735.555556
0
0
0
0
0
0
1
30
37
40
41
0
0
0
0
0
1
31
40
42
44
0
2
4
5
7
9
10
13
15
19
0
0
0
0
1
2
9
21
23
24
0
0
0
0
1
3
23
29
34
36
0
0
0
0
0
0
0
0
0
1
0
4
6
9
11
13
14
22
24
27
0
3
4
5
6
7
13
16
17
18
0
0
0
0
0
0
0
0
0
3
0
0
0
0
0
0
44
54
57
60
0
0
0
1
2
3
35
45
49
52
0
0
0
0
0
0
8
19
21
22
0
0
0
0
3
4
45
58
61
62
12
16
19
22
23
24
26
33
37
40
0
0
1
3
4
6
25
31
33
35
0
0
0
0
0
0
14
19
22
23
0
0
0
0
0
0
0
0
2
4
0
0
0
0
0
0
0
0
0
0
0
0
0
0
6
8
45
58
61
62
0
0
0
1
3
4
42
53
55
59
0
0
0
0
0
0
27
33
36
38
0
0
0
0
0
0
0
0
0
1
0
0
0
0
0
0
36
45
48
49
0
0
0
0
0
0
43
55
58
61
0
0
0
0
0
0
2
9
13
16
0
0
0
0
0
0
0
0
0
0
0
0
0
0
0
0
0
1
22
25
0
0
0
0
0
0
0
0
0
0
0
0
0
0
0
0
0
0
1
3
0
0
0
0
0
0
0
0
3
7
0
0
0
0
0
0
16
23
28
31
0
0
2
4
5
6
8
12
15
18
0
0
0
0
0
0
0
20
23
26
0
0
3
5
6
7
16
23
26
28
0
0
0
0
0
0
0
0
0
0
0
0
0
0
0
0
0
2
4
7
0
0
0
0
0
0
0
1
3
4
0
0
0
0
1
3
12
18
19
20
0
0
0
0
0
0
0
0
0
0
0
0
1
2
4
5
24
30
32
33
1
4
7
10
13
15
24
32
35
38
23
29
30
31
32
33
34
41
42
43
12
16
17
19
20
22
31
39
40
42
17
23
26
27
28
29
30
35
38
39
5
11
12
13
18
20
22
28
31
32
29
36
39
42
44
46
47
51
54
57
9
12
13
14
15
16
26
32
33
36
5
10
11
13
14
16
17
22
23
24
20
26
28
29
31
32
33
37
39
40
21
27
28
29
30
31
32
35
36
37
13
17
20
22
23
24
26
32
35
37
19
24
27
28
29
30
35
45
48
49
12
19
21
24
26
28
29
35
37
40
9
15
16
17
18
20
31
39
40
41
8
15
18
20
21
22
27
36
39
41
32
40
43
46
48
50
51
55
58
61
24
30
32
33
37
39
42
53
55
56
20
27
29
32
34
36
37
42
44
47
1
5
8
10
11
12
17
24
27
29
10
13
16
19
21
23
39
47
50
53
17
23
26
30
32
34
35
38
41
45
10
13
14
16
18
19
20
26
27
28
1
5
12
15
16
19
23
29
32
35
5
8
9
12
13
14
15
18
19
20
5
9
11
12
14
16
17
21
24
25
5
10
13
14
15
16
21
28
31
32
11
14
15
16
19
20
35
44
47
48
4
9
10
11
12
14
15
20
21
22
22
27
30
33
35
37
38
42
45
48
20
26
29
32
33
34
35
39
42
45
0
5
6
7
9
11
24
32
33
34
0
3
5
6
8
9
32
39
41
42
4
9
12
13
14
15
16
21
24
25
25
30
32
34
36
38
40
50
52
53
12
16
18
19
21
22
40
48
50
51
4
7
9
10
12
13
14
17
19
20
6
10
13
14
20
21
45
57
60
61
8
11
13
16
20
21
30
36
38
39
3
8
10
14
16
18
19
27
29
32
7
12
15
16
17
18
20
29
32
33
1
6
10
14
17
19
35
43
46
49
19
26
27
29
30
32
41
52
53
55
11
15
16
17
19
21
27
32
33
34
13
18
21
24
25
26
27
32
35
38
0
3
5
6
8
10
11
14
16
17
1
5
8
11
12
13
27
33
36
39
27
36
39
40
41
42
43
50
53
54
3
8
9
11
16
18
28
38
40
42
2
7
11
13
16
17
29
39
42
44
6
15
18
19
20
21
39
48
51
52
63
