time_cost:3146695ms
ontime_proportion:0.622222
max_delay:37
avg_delay:6.833333
avg_flowtime:32.444444
object function value:3859.259259
0
0
0
0
0
0
0
41
50
64
66
0
0
0
0
0
0
0
4
7
10
0
0
0
0
0
0
0
0
1
4
0
0
0
0
0
0
0
0
0
0
0
0
0
0
4
6
25
36
39
44
0
0
0
0
0
0
0
0
0
2
0
0
1
3
4
6
26
32
40
42
0
0
0
0
1
4
20
30
32
38
0
0
0
0
0
0
0
0
61
64
0
0
0
2
5
9
32
44
51
54
0
0
0
0
0
0
0
0
0
1
0
0
1
3
5
7
32
44
49
51
0
0
0
0
0
0
0
0
0
2
0
0
0
1
2
4
30
35
46
48
0
0
0
0
0
0
0
3
5
7
0
0
2
4
6
7
17
25
28
30
29
34
43
46
48
49
51
55
56
60
0
0
0
0
0
1
15
24
27
29
0
5
18
21
23
27
32
42
48
52
0
0
0
0
0
0
0
0
0
0
0
0
0
0
3
5
28
41
43
46
0
0
0
0
0
0
31
37
49
51
0
0
0
0
0
0
0
0
0
0
0
0
2
5
7
9
10
15
19
22
0
0
0
0
0
0
10
15
18
20
0
0
0
0
0
0
0
0
0
0
0
0
0
0
0
0
0
0
0
1
0
1
3
6
8
9
33
36
49
52
0
0
0
0
2
3
7
12
20
23
0
0
0
0
0
1
6
10
15
17
0
0
0
0
0
0
0
3
5
8
0
0
0
0
3
5
19
28
32
34
0
0
0
0
1
2
4
9
11
13
0
0
0
0
0
2
20
25
32
35
0
3
5
8
10
11
13
16
18
21
0
0
0
0
0
0
0
1
3
7
0
0
0
0
0
0
0
2
6
8
0
2
4
6
7
9
28
42
46
48
0
0
0
0
1
2
34
39
54
56
0
0
0
0
0
0
0
2
4
7
20
24
31
33
34
36
38
42
44
46
10
13
15
18
21
23
25
33
36
42
3
8
9
12
14
15
17
22
23
29
11
15
26
28
29
31
32
36
39
41
12
18
26
28
30
32
36
40
59
62
2
6
8
10
11
13
15
19
21
23
20
31
34
36
37
39
40
45
47
50
11
18
23
25
26
28
29
41
46
48
12
21
25
27
28
30
31
38
45
47
6
11
13
15
16
18
24
36
39
41
5
8
10
13
15
16
18
21
23
26
11
18
21
23
25
26
28
32
35
37
6
10
12
14
15
17
28
32
41
43
21
27
32
35
37
38
40
45
55
58
24
28
35
37
38
40
41
45
48
50
21
33
37
39
41
42
44
48
51
53
3
7
9
11
12
14
16
21
23
25
26
34
41
44
46
47
49
54
55
58
13
21
28
34
36
40
42
47
62
64
22
27
34
36
37
39
40
44
47
49
8
13
17
19
20
22
43
50
64
66
7
10
12
15
17
18
20
23
25
28
0
5
7
9
10
12
16
23
33
37
12
22
24
26
27
29
30
35
37
39
4
9
11
15
18
23
27
38
43
48
3
9
12
17
19
21
29
32
42
47
3
6
8
9
11
13
35
46
51
52
20
32
34
37
39
40
42
46
48
51
2
7
9
11
12
14
15
20
22
24
8
13
16
20
22
23
34
39
52
55
8
14
15
18
21
25
27
37
40
44
1
6
7
10
12
13
15
20
21
24
10
13
17
23
25
26
37
43
61
64
3
8
9
12
14
15
24
35
39
46
26
30
38
41
43
44
46
49
58
61
16
24
27
29
31
32
34
38
41
43
7
11
14
18
20
21
23
29
32
34
26
31
37
40
42
43
45
49
51
54
30
34
45
47
48
49
51
55
64
66
11
17
24
27
29
30
32
38
50
53
19
23
30
33
35
37
39
46
58
60
11
15
19
21
22
24
25
29
36
38
8
13
16
18
20
21
23
27
30
32
14
18
30
32
33
35
37
41
53
56
1
4
6
9
11
12
14
17
29
32
6
12
13
16
18
19
21
26
28
31
3
8
10
12
13
15
36
43
60
62
17
27
29
32
34
35
37
40
42
45
16
21
27
30
32
33
35
39
46
49
8
11
14
17
19
20
23
26
35
38
67
