time_cost:2458618ms
ontime_proportion:0.811111
max_delay:27
avg_delay:2.255556
avg_flowtime:28.422222
object function value:1836.296296
0
0
0
0
0
0
0
0
0
0
0
0
0
0
0
0
1
20
23
26
28
3
6
7
8
10
12
31
35
36
37
0
0
0
0
0
0
0
0
0
3
0
0
0
1
9
11
34
38
39
40
0
2
3
6
7
8
31
37
38
41
0
0
0
0
0
0
18
23
25
27
0
0
1
2
3
4
22
27
28
29
0
0
0
0
0
0
11
14
16
17
0
0
0
0
0
0
0
0
0
3
0
0
0
0
0
0
16
19
20
23
0
0
0
1
4
5
28
31
33
34
0
0
0
0
0
0
0
1
2
5
0
0
0
0
0
0
17
22
24
28
0
0
0
0
0
1
15
20
21
23
0
0
0
0
0
0
0
0
1
2
0
0
0
0
0
0
26
31
32
33
0
0
0
0
0
2
26
31
32
33
0
0
1
2
3
5
14
19
20
21
0
0
0
0
0
0
0
0
0
1
0
0
0
0
0
0
0
3
5
7
0
0
0
0
0
0
0
0
0
0
0
0
1
4
5
7
19
24
26
29
0
0
0
0
0
0
0
1
3
5
0
0
0
1
4
6
35
38
40
41
0
1
3
5
6
8
22
25
27
29
0
0
0
0
5
7
26
33
35
38
0
0
2
3
5
7
35
39
42
43
0
0
0
0
0
0
0
2
4
10
0
0
0
1
3
5
22
26
27
28
0
0
0
0
0
0
1
6
8
10
0
0
0
0
0
0
17
22
24
26
0
0
0
0
2
4
23
26
28
30
0
0
0
0
1
2
32
35
37
38
0
0
0
0
0
0
0
0
0
0
0
0
0
0
0
1
17
23
25
27
0
0
0
0
0
0
0
0
0
0
0
0
0
0
0
0
0
1
2
5
0
5
7
10
11
13
14
19
21
25
0
0
0
0
2
10
47
52
53
56
10
15
17
22
23
25
29
34
36
39
5
10
11
14
16
17
22
27
28
32
1
4
5
6
7
9
29
32
33
35
9
12
14
16
21
24
44
47
49
51
14
17
18
19
20
22
27
30
31
32
1
5
8
9
11
13
15
19
23
26
29
32
34
35
37
38
47
50
52
54
23
26
28
29
31
32
39
42
44
45
16
20
21
22
23
24
31
36
37
39
19
23
24
25
27
29
41
45
46
47
5
10
11
12
19
21
24
29
32
33
1
4
6
8
12
14
34
38
41
43
31
35
36
37
39
41
43
47
48
50
11
16
17
18
19
22
38
43
44
45
5
9
10
11
13
15
22
26
27
28
0
4
5
6
7
9
42
46
48
49
18
22
23
24
25
26
32
36
38
40
1
6
7
8
9
11
39
44
45
46
7
12
13
16
17
18
23
28
29
32
15
18
19
20
21
23
36
39
40
41
8
11
12
13
14
16
19
23
24
25
10
14
17
20
22
24
27
31
34
36
0
9
12
13
17
19
40
44
47
48
6
11
13
15
16
17
24
29
31
33
4
9
13
15
16
17
22
27
29
31
7
12
15
17
19
20
30
35
37
39
7
10
12
13
15
16
45
48
50
52
2
5
6
7
8
10
19
22
23
24
12
15
18
20
23
25
44
47
49
51
4
7
9
10
14
15
29
32
34
36
0
3
5
7
8
18
47
50
52
54
2
7
9
12
15
17
35
40
45
48
11
14
15
16
17
19
27
30
31
33
12
15
16
17
27
29
32
37
38
39
4
7
8
9
10
12
26
29
31
32
10
15
16
19
20
21
36
41
42
45
14
18
19
20
29
31
49
53
54
55
6
13
22
24
26
27
44
49
51
53
15
20
21
24
28
30
35
39
40
41
19
24
25
26
27
29
48
53
55
56
3
8
10
13
14
16
22
27
32
35
19
22
23
24
25
27
29
32
33
34
9
16
18
25
27
28
32
37
39
42
12
16
17
18
19
20
35
40
41
42
4
8
9
10
12
14
26
29
30
31
7
13
15
18
26
28
46
51
53
55
4
11
13
16
21
23
31
36
39
41
9
13
14
15
17
19
25
29
30
31
13
17
20
23
25
27
30
34
37
38
12
17
20
23
24
26
39
44
46
49
57
