time_cost:6706ms
ontime_proportion:0.588889
max_delay:26
avg_delay:4.877778
avg_flowtime:32.466667
object function value:4193.333333
0
0
0
0
0
0
0
19
24
26
27
0
0
0
3
5
7
21
26
28
29
0
3
6
8
9
10
25
37
40
42
0
9
12
14
17
18
24
37
40
42
0
0
0
0
0
0
23
34
37
38
0
0
0
0
0
0
16
24
26
28
0
0
0
0
0
0
19
28
30
31
0
0
0
0
0
0
0
23
27
30
0
0
0
0
0
0
0
1
3
4
0
0
0
0
0
0
0
0
0
0
0
0
0
1
3
5
16
23
25
28
0
0
0
0
0
0
0
0
3
6
0
0
0
0
0
0
0
0
2
3
0
0
0
0
0
0
0
0
1
3
0
1
4
5
7
8
24
31
34
35
0
0
0
0
0
0
0
0
0
0
0
0
0
0
0
0
28
36
39
40
0
0
0
0
1
2
21
32
33
34
0
0
0
0
0
0
19
32
34
41
0
0
0
0
0
0
25
35
36
37
0
0
0
0
2
4
18
26
29
32
0
0
0
0
0
0
0
0
0
1
0
2
3
5
12
14
36
42
43
45
0
0
0
0
0
1
28
35
36
38
0
0
0
0
0
0
0
0
0
0
0
0
0
0
0
0
0
0
0
3
0
0
1
2
3
4
22
28
29
30
0
0
1
3
4
5
22
27
28
29
0
0
0
0
0
0
0
0
0
5
0
1
3
6
8
10
14
22
24
27
0
0
0
0
0
0
0
0
0
0
0
0
0
0
0
1
37
44
46
47
0
0
0
0
1
3
30
35
36
39
0
0
0
0
0
0
0
0
0
0
0
0
0
0
5
7
21
26
28
29
0
0
0
2
3
4
24
37
40
42
0
0
0
0
0
0
0
0
1
6
0
0
0
0
0
1
28
40
43
44
0
0
0
0
0
0
0
0
0
0
0
0
0
0
0
1
19
30
32
33
4
8
11
14
15
16
19
28
31
34
7
15
18
19
20
21
28
40
43
44
7
13
17
19
21
22
29
36
39
40
8
16
19
20
21
22
25
40
43
44
5
10
15
19
20
21
27
32
40
43
6
11
14
17
18
19
29
39
42
45
13
22
23
24
25
27
31
43
44
45
0
3
5
6
8
9
24
29
31
32
3
6
8
9
11
13
22
28
30
31
0
12
16
18
19
22
28
34
38
41
1
6
9
12
13
14
18
27
44
47
16
21
22
23
24
25
26
30
31
32
9
17
20
21
22
23
31
37
40
41
4
7
13
17
19
21
25
32
35
38
9
19
20
22
23
25
27
36
37
40
1
5
6
8
13
16
39
44
47
49
2
6
7
13
14
15
25
31
32
33
5
14
17
19
20
21
32
44
47
49
12
21
22
24
28
30
33
46
47
49
14
20
21
22
26
28
38
45
47
48
5
10
12
15
17
19
20
25
29
34
15
18
21
22
23
27
38
43
45
46
7
15
18
19
21
24
32
39
42
43
12
20
25
27
30
32
37
50
51
53
9
18
21
22
23
24
30
43
46
47
12
20
24
26
29
31
36
47
49
51
4
9
11
15
23
25
34
42
44
47
1
4
7
10
12
14
18
25
30
33
1
4
6
7
9
10
25
30
32
36
5
12
15
20
21
23
33
44
47
50
9
21
23
24
26
27
28
31
33
34
14
21
25
27
31
33
37
50
53
55
10
17
20
21
22
24
33
43
48
49
13
23
24
25
27
29
31
43
44
45
0
3
6
9
11
13
16
24
27
30
12
16
18
21
26
28
40
46
49
51
3
11
14
18
19
20
21
29
49
52
4
7
10
13
15
17
19
23
32
43
12
16
18
20
28
30
42
48
50
52
0
4
7
10
11
12
34
40
45
48
1
10
13
16
18
19
35
47
50
53
10
14
19
21
28
30
42
47
49
52
8
17
20
23
24
25
36
47
52
55
3
8
10
13
15
17
22
35
37
41
2
6
8
11
16
18
22
33
35
36
9
20
23
24
25
26
32
47
51
52
14
19
22
23
25
26
37
45
49
50
16
22
24
25
27
28
29
33
35
36
5
13
16
21
22
23
36
48
53
56
18
22
23
24
30
32
41
46
48
50
57
