time_cost:1600499ms
ontime_proportion:0.666667
max_delay:45
avg_delay:6.833333
avg_flowtime:29.566667
object function value:3318.888889
0
0
0
0
1
3
4
9
13
16
18
0
0
0
0
0
0
0
61
64
66
0
0
0
0
0
0
0
1
3
6
0
0
0
0
0
0
0
0
0
0
0
0
0
0
0
0
0
0
2
15
0
0
0
0
0
0
0
0
0
1
0
0
0
0
0
0
37
44
47
49
0
0
0
0
0
0
0
0
0
3
0
0
0
0
3
4
10
16
18
21
0
0
0
0
0
0
0
0
0
0
0
0
0
0
0
1
12
16
18
21
0
0
0
0
0
0
0
0
0
2
0
0
0
0
0
0
0
0
0
0
0
0
3
5
6
8
11
16
19
21
0
0
0
2
5
6
13
20
23
26
0
0
0
0
1
3
5
9
11
13
0
4
7
9
11
12
15
21
24
26
0
4
6
8
9
10
35
40
43
45
0
0
0
0
0
0
0
0
0
0
0
0
0
0
0
0
0
0
0
2
0
0
0
0
0
0
1
61
65
67
0
2
5
7
8
10
34
39
42
44
0
0
0
0
0
0
0
0
2
5
0
1
4
6
8
11
50
58
64
66
0
0
0
0
1
3
4
9
11
13
0
3
4
7
9
10
13
21
24
28
0
0
0
0
0
1
32
36
50
53
0
0
0
0
0
0
0
0
1
4
0
0
0
0
0
0
52
62
66
68
0
0
0
0
0
0
1
6
14
20
0
0
1
4
6
7
51
58
62
65
0
0
0
0
1
2
49
56
59
62
0
3
6
8
9
12
17
22
26
28
0
0
0
0
0
0
0
0
0
0
0
0
1
3
4
6
7
12
14
16
0
0
0
0
0
0
19
28
31
36
0
0
0
0
0
0
17
24
27
29
0
0
0
0
0
0
9
15
18
20
0
0
0
0
3
5
9
14
17
19
0
4
9
11
13
14
28
32
34
36
40
46
49
51
52
54
56
60
62
64
25
41
47
50
52
53
55
60
61
64
24
29
33
35
37
39
42
48
51
53
3
7
9
12
13
14
16
20
22
25
2
6
7
10
12
13
15
19
20
23
1
5
7
9
10
22
52
65
67
70
3
9
12
14
15
17
20
29
32
34
9
13
16
18
19
21
22
26
29
32
8
12
15
17
19
20
27
31
35
37
7
11
13
14
17
19
20
26
30
31
4
7
9
10
12
13
17
22
26
29
13
30
33
36
37
39
44
51
54
56
0
6
8
10
11
13
14
19
21
23
7
11
13
15
16
18
20
24
27
30
13
18
19
22
25
26
28
32
33
37
8
13
15
17
18
20
21
26
28
30
16
21
33
34
39
40
44
49
53
54
45
51
54
56
57
59
60
64
68
70
24
28
30
33
35
37
38
42
44
47
9
14
16
18
19
21
30
35
37
40
13
20
23
25
26
28
39
44
49
51
21
24
26
27
29
30
31
34
36
37
26
36
41
43
44
45
49
56
59
61
19
26
29
31
32
34
37
44
47
49
13
19
22
24
26
27
29
33
35
39
21
26
28
30
31
32
48
56
58
60
7
11
14
16
17
18
20
24
26
28
2
5
7
8
10
11
12
15
17
18
5
10
30
33
35
37
38
42
44
47
11
17
21
23
24
26
27
31
34
37
19
25
27
29
30
31
33
37
39
41
14
20
21
24
26
27
29
34
35
38
0
3
5
6
8
9
23
28
31
34
28
34
37
39
40
42
47
54
57
59
4
8
9
12
14
15
17
25
29
32
23
33
38
41
43
44
46
50
51
54
11
18
28
29
31
34
52
58
66
67
4
9
11
13
14
16
24
29
31
35
17
22
24
26
27
29
36
42
45
47
41
47
55
57
58
60
61
66
69
71
4
10
11
14
16
17
19
24
25
28
6
11
13
16
18
19
30
38
39
42
5
8
10
13
15
16
18
21
23
26
42
51
53
55
56
58
59
64
67
69
35
39
42
46
48
49
53
69
71
72
47
54
56
59
61
63
64
68
70
73
0
17
20
22
23
25
26
30
33
36
23
27
29
30
32
33
34
38
41
44
3
7
13
15
17
22
41
46
60
62
45
53
56
58
60
61
63
67
70
72
75
