time_cost:2844175ms
ontime_proportion:0.666667
max_delay:45
avg_delay:6.844444
avg_flowtime:34.811111
object function value:3493.703704
0
0
0
0
2
4
6
53
57
67
70
0
0
1
4
6
7
20
28
33
36
0
0
0
0
0
1
49
53
61
64
0
0
0
0
0
1
44
49
58
60
0
0
0
0
2
3
18
22
26
28
0
1
4
6
7
9
12
19
22
24
0
0
0
2
4
5
15
22
24
27
0
0
0
0
0
0
0
0
0
0
0
0
0
2
3
5
50
55
64
66
0
0
0
0
0
0
0
0
2
4
0
0
0
0
0
0
0
18
22
25
0
0
2
4
5
8
56
60
71
73
0
0
0
0
0
0
31
35
38
39
0
0
0
0
0
0
0
0
0
4
0
0
0
0
0
0
0
0
0
0
0
0
2
5
7
8
22
27
31
34
0
0
0
0
0
0
0
0
0
0
0
2
4
7
9
11
12
16
19
24
0
0
0
0
1
3
19
26
31
33
0
0
0
0
0
0
0
0
3
5
0
0
0
0
0
0
0
0
0
0
0
0
0
2
3
4
27
34
39
41
0
0
0
0
0
0
0
0
0
1
0
0
0
0
0
0
47
51
59
62
0
0
0
0
1
3
44
47
56
58
0
0
0
0
0
0
0
0
5
10
0
0
0
0
0
6
55
59
70
73
0
1
2
7
9
10
55
60
69
72
0
0
0
0
0
1
9
14
16
18
0
0
0
0
2
4
52
55
66
72
0
0
0
0
0
0
0
3
5
9
0
0
0
0
0
0
27
34
37
40
0
0
0
0
0
0
17
22
25
28
0
0
0
0
1
2
13
19
24
26
0
0
0
0
0
4
30
36
41
43
0
0
0
0
0
0
8
13
16
19
0
4
6
9
11
13
17
23
27
29
0
3
5
8
10
12
13
17
19
22
0
0
0
0
0
0
0
3
11
13
0
2
4
6
7
8
16
21
24
28
3
8
10
13
15
16
32
37
42
45
3
7
9
11
12
14
16
20
22
24
37
41
47
50
52
53
55
58
60
63
6
11
13
16
18
24
34
40
43
46
3
7
9
11
12
13
31
36
41
43
11
16
20
23
25
31
51
57
66
69
15
19
23
25
30
32
42
46
57
59
19
23
27
30
32
33
35
39
40
43
34
38
45
47
48
49
51
55
64
66
0
4
6
8
9
11
20
27
30
32
7
12
15
17
18
20
22
29
35
37
10
15
17
22
24
25
32
38
43
46
12
17
20
23
25
27
39
42
48
54
8
12
17
19
21
22
28
33
40
42
2
5
7
8
14
16
25
29
34
35
9
14
16
19
21
29
40
45
53
56
24
28
33
35
36
38
40
44
53
55
7
12
13
16
18
19
22
29
32
36
3
7
10
12
16
18
19
24
29
31
20
24
32
34
38
39
53
57
69
71
14
22
25
27
28
30
32
36
38
40
1
6
8
10
13
15
48
53
63
66
6
11
14
21
23
24
26
31
36
38
28
33
38
40
41
43
45
49
51
53
4
8
11
13
17
18
26
31
35
38
11
15
25
27
28
30
36
40
46
48
15
20
23
25
26
28
29
34
36
38
2
5
8
9
11
12
37
40
46
47
5
9
12
14
15
17
18
23
27
29
1
5
7
10
12
14
24
29
32
35
26
31
36
38
39
40
48
52
62
64
7
12
15
17
19
20
22
26
30
32
14
17
19
20
22
23
28
31
35
36
30
36
39
41
42
44
46
50
55
57
15
20
22
24
28
31
42
47
57
59
26
33
35
38
40
41
43
48
50
53
24
31
34
36
37
38
47
51
59
61
5
9
13
15
16
17
20
24
28
30
9
14
17
19
20
22
23
30
40
42
14
18
30
33
35
37
40
45
55
58
2
6
8
12
14
16
18
25
29
31
5
10
13
15
16
18
23
29
38
41
10
14
18
20
24
26
28
35
40
43
11
15
19
24
26
29
38
43
50
53
7
11
15
17
18
20
22
26
28
30
4
7
10
13
15
26
34
38
47
52
2
5
8
11
13
14
16
21
26
29
5
10
12
18
20
22
23
27
29
32
11
17
20
22
23
24
27
33
37
39
39
43
53
55
56
57
59
63
65
67
75
