time_cost:2620900ms
ontime_proportion:0.722222
max_delay:24
avg_delay:2.800000
avg_flowtime:29.566667
object function value:2763.333333
0
0
0
0
0
0
0
0
4
5
6
0
0
1
3
4
6
15
18
21
23
0
0
0
0
1
2
18
23
26
28
0
0
0
0
0
0
0
0
0
6
0
0
0
0
0
0
0
0
0
1
0
0
0
1
3
5
17
21
24
27
0
0
0
0
0
1
13
18
19
23
0
0
0
0
0
0
0
3
4
5
0
0
0
3
6
9
24
31
35
38
0
0
2
3
5
6
21
24
26
30
0
0
0
0
0
0
0
0
0
1
0
0
0
0
0
0
0
0
0
0
0
0
1
4
5
7
21
26
27
30
0
0
0
0
0
0
0
0
1
2
0
0
1
3
4
5
15
20
22
24
0
0
0
0
0
0
17
21
22
23
0
0
0
0
0
2
18
22
23
24
0
0
0
0
0
1
21
26
28
31
0
0
1
4
5
7
22
28
34
37
0
0
0
0
10
12
35
40
43
46
0
0
0
0
0
0
6
9
10
12
0
0
0
0
0
0
0
0
0
4
0
0
0
0
0
0
0
1
3
5
0
0
0
0
2
4
24
27
28
29
0
0
0
0
0
0
24
27
29
32
0
0
0
0
0
3
28
33
36
39
0
0
0
0
0
0
0
0
0
0
0
0
0
0
1
3
24
29
31
36
0
0
3
4
8
10
33
37
41
42
0
0
0
0
2
4
26
29
31
35
0
0
0
0
0
0
0
0
0
0
0
0
0
0
0
0
15
17
22
25
1
3
4
5
7
9
21
24
25
26
0
3
4
5
6
7
17
21
22
23
0
0
0
0
6
8
26
31
32
33
0
0
0
0
0
0
0
1
2
5
0
0
0
0
0
0
20
25
28
30
0
3
4
5
8
10
29
33
34
36
0
4
5
8
10
12
30
35
39
42
0
0
0
1
3
5
25
29
32
33
10
15
19
22
23
25
32
37
41
44
12
15
17
19
20
22
34
37
39
41
5
9
10
11
12
13
27
31
32
33
4
9
10
11
12
14
19
24
25
26
27
30
33
34
36
37
39
42
44
45
18
22
23
24
25
26
31
35
36
38
5
10
13
15
16
17
29
34
39
41
0
4
5
9
15
17
34
39
40
43
3
8
9
11
13
17
39
44
45
46
4
7
9
10
14
16
33
36
38
39
19
22
24
26
27
29
36
39
43
45
0
5
6
7
8
10
19
24
25
26
12
17
18
21
22
23
29
34
36
39
15
18
20
22
23
25
36
39
41
43
13
17
18
19
20
21
27
32
33
34
4
9
11
13
14
15
33
38
40
42
8
11
13
14
17
21
45
48
50
52
5
10
12
14
15
16
34
41
43
45
8
13
15
17
18
19
40
45
47
49
9
14
16
18
19
20
24
32
34
37
11
15
18
20
25
27
39
43
46
47
7
10
12
14
17
19
38
42
44
46
10
16
19
21
22
23
35
40
42
44
3
9
11
13
15
20
43
49
51
53
3
8
10
13
20
22
41
46
48
51
12
15
17
18
21
22
44
47
49
50
22
26
27
28
30
32
37
41
42
44
7
12
14
17
18
20
23
31
33
36
5
10
12
14
15
16
29
34
36
38
13
18
19
20
31
32
46
50
51
52
15
19
20
21
23
25
38
42
44
45
3
6
8
10
11
13
22
25
27
29
17
20
22
24
29
31
42
45
47
49
10
15
17
20
21
23
29
34
37
40
1
5
6
7
11
18
40
44
45
46
9
13
14
15
16
17
29
33
34
35
14
17
18
19
32
34
47
50
51
52
10
14
15
18
26
28
43
47
48
49
8
13
15
18
19
21
24
29
31
34
0
5
6
8
9
14
31
36
37
38
17
21
24
25
27
29
38
43
46
47
4
7
9
11
12
14
29
32
34
36
9
12
14
15
22
23
45
48
50
51
20
24
25
26
28
30
41
45
46
47
26
29
31
32
34
35
37
40
42
43
15
19
21
22
25
26
39
43
45
47
9
12
14
16
18
19
37
41
43
44
14
19
21
22
23
25
35
40
41
42
0
5
6
9
10
11
30
36
38
41
0
4
5
6
14
15
34
38
39
40
54
