time_cost:5961ms
ontime_proportion:0.511111
max_delay:33
avg_delay:5.522222
avg_flowtime:38.400000
object function value:5168.888889
0
0
3
5
6
8
9
21
24
31
32
0
0
0
0
0
0
0
2
5
7
0
0
0
0
0
1
22
26
33
36
0
0
0
0
0
1
22
29
31
34
0
0
0
0
0
0
0
1
3
5
0
0
0
0
0
0
25
30
33
35
0
0
0
0
0
0
0
0
0
6
0
0
0
0
0
0
20
26
32
34
0
0
0
2
3
5
21
27
33
35
0
0
0
3
5
6
21
29
30
33
0
0
0
2
3
5
24
29
37
39
0
0
0
0
0
0
0
0
0
4
0
2
4
5
7
8
19
24
26
27
0
0
0
0
0
0
0
0
2
7
0
0
0
0
1
4
23
30
32
37
0
0
0
0
0
0
18
22
29
32
0
0
0
0
0
0
0
0
7
10
0
0
0
0
0
3
24
29
36
38
0
0
0
0
1
2
21
27
30
32
0
4
6
9
11
13
23
27
34
37
0
0
0
0
0
0
23
28
35
38
0
0
0
0
1
2
19
24
31
34
0
0
0
0
0
0
0
4
7
12
0
0
0
1
3
7
26
32
34
37
0
0
0
0
2
3
18
24
27
29
0
0
0
0
0
0
0
0
0
0
0
0
2
8
10
11
25
33
35
39
0
0
0
3
4
6
25
31
34
36
0
0
0
0
1
6
27
32
39
41
0
0
5
8
10
11
29
34
37
40
0
0
0
0
0
0
28
33
36
39
0
0
0
0
0
1
26
33
38
40
0
0
0
0
0
0
0
16
40
43
0
0
0
0
2
6
28
33
41
44
0
0
0
0
0
0
0
4
13
16
0
0
0
0
0
0
0
0
2
5
0
2
4
10
11
13
38
42
48
50
0
0
0
0
3
5
30
34
39
42
0
0
1
4
6
9
33
38
43
46
0
0
0
0
0
0
0
0
42
46
4
7
18
21
23
24
30
35
40
45
12
15
17
18
20
21
22
25
27
28
3
7
9
11
12
14
26
30
37
39
16
20
27
29
30
31
33
37
39
41
1
4
6
9
11
12
31
34
44
47
17
22
24
26
27
28
38
42
46
48
8
12
15
17
18
20
31
39
51
53
8
12
15
18
20
21
28
33
41
49
9
14
17
20
22
23
27
32
40
48
3
8
10
12
13
15
38
44
50
52
6
10
12
15
16
18
38
42
49
51
5
10
12
14
15
17
26
31
38
40
9
14
16
18
21
23
39
44
51
53
7
11
14
16
18
22
42
47
60
62
5
9
12
14
16
17
19
23
31
35
11
15
19
22
24
25
30
34
43
50
8
12
15
18
19
21
34
39
53
55
14
18
20
22
23
26
42
46
52
54
4
9
10
13
15
18
31
36
47
50
3
7
13
15
17
20
37
41
56
58
10
14
18
21
23
24
31
35
46
49
12
17
20
22
25
27
39
44
53
55
4
9
10
13
15
16
33
38
46
52
9
13
16
24
26
27
31
35
44
47
2
5
7
10
13
14
34
37
47
51
4
8
11
13
15
16
19
26
29
31
18
23
26
28
29
30
43
47
54
56
13
16
22
27
29
30
35
39
50
54
13
18
25
31
32
36
41
45
59
61
17
22
29
31
33
36
41
45
58
60
1
4
6
7
9
10
22
27
29
32
2
6
8
11
13
15
30
35
45
56
17
22
25
29
30
31
42
46
55
57
15
19
27
29
30
33
40
44
58
60
3
8
9
13
17
19
34
39
50
53
9
15
18
20
21
23
44
50
57
59
11
16
21
24
26
27
34
37
49
53
14
19
22
26
28
32
44
49
56
58
12
17
21
23
25
28
42
48
55
57
11
15
20
23
25
29
37
41
53
58
7
12
13
16
18
19
33
38
43
46
15
20
22
24
30
33
46
51
58
60
10
19
24
26
27
29
35
48
57
59
4
10
17
22
24
25
34
39
48
51
17
21
29
31
34
38
41
47
60
62
13
17
23
27
32
34
39
43
56
60
14
21
23
25
31
34
46
51
59
61
7
12
14
17
19
21
37
41
53
56
15
19
26
29
31
32
36
40
52
58
14
18
24
27
29
34
38
42
55
60
63
