time_cost:5861ms
ontime_proportion:0.522222
max_delay:33
avg_delay:5.155556
avg_flowtime:35.833333
object function value:4972.222222
0
0
0
0
2
3
5
17
22
26
28
0
0
0
4
7
11
26
32
37
40
0
0
0
0
0
0
25
32
35
38
0
0
0
0
0
0
0
0
6
11
0
0
0
1
2
4
21
27
30
32
0
0
0
0
0
0
0
2
4
6
0
0
0
1
3
4
19
23
29
30
0
0
0
0
0
0
27
33
37
40
0
0
0
0
0
0
0
3
5
8
0
1
3
5
6
8
18
23
29
31
0
0
0
0
0
0
0
0
33
36
0
0
0
0
0
2
15
21
26
29
0
1
3
5
6
7
18
23
28
32
0
0
0
0
1
5
20
25
31
33
0
0
1
3
4
5
17
23
26
29
0
0
0
1
2
4
19
25
30
32
0
0
0
0
5
7
22
31
34
36
0
0
0
0
0
2
21
27
33
35
0
0
0
0
5
9
27
35
42
45
0
0
2
4
5
7
22
27
32
34
0
2
4
6
7
9
22
30
32
35
0
0
0
0
8
11
30
34
41
44
0
0
0
0
0
0
17
21
25
28
0
0
0
0
0
0
0
1
5
8
0
0
0
0
0
0
0
0
3
6
0
0
0
0
0
0
0
0
0
0
0
0
0
0
0
0
0
3
5
7
0
0
0
0
0
0
0
4
39
42
0
0
0
0
0
0
32
38
44
47
0
0
0
0
0
0
0
0
0
2
0
0
0
0
0
0
0
2
4
6
0
0
0
0
0
1
26
36
38
41
0
0
0
0
0
0
0
0
0
0
0
0
0
0
2
3
20
25
28
30
0
0
0
0
0
0
33
38
45
48
0
0
0
0
0
0
21
28
31
33
0
0
0
0
4
6
23
28
31
34
0
0
0
0
0
1
24
30
34
37
0
0
0
0
0
0
0
0
0
0
0
0
1
3
4
9
24
30
35
37
5
9
12
15
17
18
32
38
44
47
1
5
8
10
11
13
23
29
33
35
13
17
23
25
26
27
29
33
35
37
2
5
11
14
16
19
36
39
47
50
3
8
10
12
13
15
27
32
40
42
16
21
26
28
29
30
32
36
39
41
6
11
14
17
19
23
29
37
42
45
10
14
21
23
24
26
28
34
40
42
7
13
15
19
21
22
29
36
40
43
0
5
6
9
11
13
36
42
49
52
2
8
11
13
14
16
25
34
37
39
15
19
25
27
28
29
31
36
42
44
9
13
20
22
23
25
35
39
48
50
14
19
21
22
24
25
26
29
32
38
7
11
15
18
20
21
37
42
50
53
2
7
8
11
13
14
32
40
45
48
5
10
12
17
19
20
39
43
52
55
14
19
25
27
28
31
36
40
47
49
2
6
9
14
16
17
19
25
30
32
10
15
21
23
25
28
36
41
50
54
17
23
28
29
31
32
33
36
38
39
9
14
17
19
20
22
24
32
36
38
7
10
14
17
19
22
39
43
52
55
7
12
18
21
23
24
40
43
53
56
1
9
13
15
16
18
23
31
34
40
15
20
25
26
28
30
31
38
43
44
2
7
8
11
13
17
41
46
55
58
5
10
15
20
22
23
41
44
56
59
5
11
13
15
18
20
25
34
38
40
11
16
23
25
29
33
41
45
55
57
11
17
24
26
27
28
30
34
36
40
10
16
19
21
22
24
27
37
41
43
7
13
18
21
24
25
32
39
44
47
15
19
24
27
29
33
37
42
48
49
12
16
22
24
30
33
45
49
61
63
3
8
10
16
22
26
34
41
47
50
11
16
21
24
26
31
34
40
45
49
17
21
27
31
32
36
43
47
59
61
13
18
24
26
32
38
44
48
61
63
9
14
18
20
25
27
36
43
51
53
9
13
17
22
27
34
42
46
57
60
8
12
18
24
27
35
43
47
58
62
13
18
23
26
27
28
30
39
43
45
3
7
10
12
14
15
20
25
29
34
5
10
11
14
17
19
34
41
48
51
15
21
27
29
33
37
46
50
60
62
6
12
20
23
25
30
33
41
50
53
1
5
8
10
12
13
18
24
28
32
9
14
16
18
29
34
38
44
51
53
13
17
22
26
28
32
36
43
49
51
64
