time_cost:2268915ms
ontime_proportion:0.733333
max_delay:26
avg_delay:3.977778
avg_flowtime:27.888889
object function value:2596.296296
0
0
0
0
0
0
0
0
0
0
1
0
0
0
0
0
0
11
17
20
23
0
0
1
4
6
8
15
20
21
24
0
0
0
0
1
2
14
18
21
22
0
0
0
0
0
0
14
20
24
25
0
0
0
0
1
4
17
25
27
29
0
0
1
4
5
7
19
23
25
28
0
2
5
6
7
9
10
15
19
22
0
0
2
5
6
8
11
16
18
21
0
0
0
0
0
0
0
0
0
4
0
0
0
0
0
1
14
20
22
27
0
0
0
0
0
0
2
4
7
8
0
0
0
0
0
0
19
25
29
37
0
0
0
0
0
0
0
0
0
2
0
0
0
0
2
3
8
13
23
26
0
0
0
0
0
0
0
0
2
5
0
0
0
0
0
1
18
25
27
29
0
0
7
10
12
13
20
27
30
33
0
0
0
0
0
0
0
0
0
0
0
0
0
0
0
0
15
20
22
24
0
4
5
7
9
11
12
16
17
19
0
0
0
0
0
1
24
30
36
37
0
0
0
0
0
0
19
22
28
33
0
0
0
2
4
6
23
27
33
36
0
0
0
0
0
0
25
32
35
38
0
0
0
0
0
0
0
0
0
0
0
0
0
0
0
0
15
20
24
29
0
0
0
0
0
0
0
1
2
4
0
0
0
0
0
0
24
28
32
34
0
0
0
0
0
0
0
0
0
0
0
22
25
26
27
29
30
34
37
39
0
0
0
0
3
5
18
26
29
30
0
0
0
0
0
2
9
13
14
16
0
2
4
7
9
11
23
29
31
35
0
0
0
0
0
0
0
2
4
6
0
0
0
0
1
3
26
33
36
39
0
0
0
0
0
0
0
0
0
2
0
0
0
0
0
0
0
0
1
4
0
0
0
0
0
0
0
1
6
9
0
0
0
0
0
0
0
0
0
0
10
17
20
21
22
24
26
32
37
38
1
6
8
10
11
12
13
18
20
22
3
6
8
11
12
14
16
19
21
24
4
14
17
18
19
21
27
35
38
39
18
24
27
28
29
31
32
37
40
43
21
24
26
29
30
32
34
37
39
42
3
8
11
14
16
17
18
23
26
29
8
13
15
16
17
18
25
32
35
38
7
12
17
20
22
23
26
35
39
42
1
6
8
10
11
12
13
18
20
23
22
26
28
32
33
35
37
40
42
45
7
10
14
18
19
21
28
35
38
41
17
21
28
31
32
34
36
39
41
44
22
27
29
32
34
36
37
40
43
46
2
8
11
12
15
17
31
39
42
43
12
16
18
19
20
21
29
37
42
43
22
29
31
33
35
36
37
43
45
47
21
28
31
32
33
35
36
42
45
46
1
4
6
9
11
13
29
38
42
45
6
11
18
20
21
23
36
45
46
48
23
31
33
35
36
37
38
43
45
48
4
9
12
14
16
18
33
42
46
48
9
12
14
17
18
20
31
41
43
46
10
15
16
18
21
23
31
41
45
47
28
33
35
36
37
38
40
46
48
49
1
6
9
12
14
15
16
21
24
27
23
30
34
37
39
41
42
45
47
50
4
9
12
13
14
15
31
40
44
45
7
12
15
16
17
19
33
45
48
49
27
31
33
36
37
39
41
45
47
50
4
7
14
17
18
24
32
42
46
49
21
29
32
35
37
38
39
44
47
52
12
17
18
21
23
25
38
48
49
51
30
35
37
40
41
43
45
49
51
54
6
11
13
15
16
17
32
42
50
52
26
33
36
39
41
43
44
47
49
52
6
10
11
13
14
16
17
21
22
24
1
6
9
12
14
15
33
44
52
55
28
38
41
42
43
45
47
52
54
55
16
23
25
26
27
29
35
47
55
56
25
31
32
36
38
40
42
48
49
52
0
8
10
11
12
13
38
47
50
51
29
35
36
41
43
45
47
51
52
55
26
37
38
41
43
45
47
51
52
55
1
4
6
7
8
9
11
15
17
18
0
4
5
7
8
10
11
15
16
19
4
9
10
13
23
25
34
42
50
53
31
38
41
42
43
45
46
51
54
55
6
11
13
14
17
19
34
47
53
54
6
11
12
15
20
22
40
49
51
54
57
