time_cost:2522735ms
ontime_proportion:0.722222
max_delay:29
avg_delay:3.755556
avg_flowtime:32.422222
object function value:2858.518519
0
0
4
6
8
9
10
22
31
33
36
0
0
0
0
0
0
1
5
6
11
0
0
0
0
0
0
0
0
3
4
0
0
0
1
2
3
13
22
24
26
0
0
0
0
2
4
6
10
27
35
0
0
0
0
0
0
0
0
2
3
0
0
0
0
0
0
17
24
26
28
0
0
0
0
0
0
0
3
4
7
10
15
17
21
24
25
41
53
56
58
0
0
0
0
4
6
16
21
24
25
0
0
0
0
0
0
0
0
0
0
0
0
0
0
0
0
0
0
0
2
0
0
1
2
3
4
23
29
31
32
0
0
0
0
0
0
0
0
0
0
0
2
10
13
15
16
23
30
33
40
0
0
0
2
4
6
31
38
40
41
0
0
0
0
0
0
0
2
4
7
0
0
0
0
0
2
19
24
27
28
0
0
0
0
1
3
10
14
21
23
0
0
1
4
6
8
13
18
19
22
0
0
0
0
0
0
24
30
32
35
0
0
0
1
8
10
30
38
41
42
0
0
0
1
3
5
13
19
25
27
0
0
0
0
0
0
14
18
20
27
0
0
2
3
5
6
21
25
27
28
0
0
0
0
0
0
2
4
5
8
0
0
0
0
0
0
20
23
25
26
0
0
0
0
0
0
0
0
0
2
0
1
3
6
8
10
33
41
43
46
0
0
0
0
6
8
27
33
35
40
0
0
0
0
0
0
22
27
29
30
0
0
1
2
3
7
32
41
43
44
0
0
0
0
0
3
21
26
28
29
0
0
0
0
1
2
19
26
29
32
0
0
0
0
0
0
0
2
5
6
0
0
0
0
0
0
0
1
4
5
0
0
0
0
2
5
27
33
35
36
0
0
0
0
0
2
30
36
38
39
0
0
0
0
0
0
29
45
48
51
0
0
0
0
0
1
25
32
34
35
6
10
13
14
22
24
41
52
57
58
10
14
18
21
23
25
33
40
42
45
10
19
22
24
25
27
37
47
50
51
5
10
14
19
21
23
38
51
54
57
8
14
16
18
20
21
34
42
44
46
1
8
10
12
13
14
26
34
36
38
8
13
16
17
18
20
21
27
30
32
7
14
16
18
20
21
39
49
51
54
5
8
10
11
12
13
27
32
34
35
0
5
12
15
19
20
28
38
41
44
9
12
14
15
16
17
30
37
39
40
2
11
17
20
22
23
28
37
40
43
18
23
26
27
28
30
35
45
48
49
7
12
15
16
17
19
25
33
36
37
13
17
19
22
26
28
33
43
45
48
1
6
9
12
14
15
24
33
36
39
2
6
7
10
12
14
17
22
30
38
22
30
33
36
38
39
40
48
51
54
5
8
14
17
20
22
36
48
50
53
27
35
38
39
40
42
43
54
57
58
14
19
22
23
24
26
31
41
44
45
7
10
12
15
17
19
34
40
42
45
10
15
17
22
27
29
39
50
53
56
0
5
7
9
10
11
34
44
46
48
6
10
11
13
14
16
17
23
24
27
12
18
21
22
23
25
26
34
37
38
4
11
14
17
19
20
27
35
38
41
12
16
20
23
26
28
39
48
51
54
4
7
9
12
13
14
33
39
41
43
1
4
6
7
8
9
24
31
33
34
11
16
18
19
20
21
32
41
43
44
19
27
30
33
35
36
37
44
47
50
22
26
28
29
30
31
35
43
45
46
3
7
8
10
11
13
14
20
23
25
20
25
27
30
32
34
35
44
46
51
16
20
23
24
25
27
31
38
41
42
24
28
30
33
35
37
38
49
51
54
4
7
9
12
16
18
28
36
38
41
10
16
19
20
21
23
24
28
32
33
3
6
8
11
12
16
36
42
45
48
12
17
20
21
22
24
35
46
49
50
7
11
12
14
15
17
18
24
25
27
15
21
24
25
27
30
42
50
53
54
6
10
11
17
18
20
30
36
37
39
13
16
18
19
21
28
39
47
49
50
16
21
23
24
25
26
36
43
45
46
18
24
26
28
29
30
42
50
53
55
0
3
22
25
29
31
39
51
54
57
17
29
32
33
34
36
37
45
48
49
15
20
28
31
33
35
39
46
50
53
59
