time_cost:5458ms
ontime_proportion:0.633333
max_delay:37
avg_delay:5.311111
avg_flowtime:31.722222
object function value:3724.074074
0
0
0
0
1
2
4
22
28
31
33
0
0
0
0
1
3
15
23
25
26
0
0
0
0
0
0
0
0
0
0
0
0
0
0
0
0
16
23
25
27
0
0
0
0
0
0
0
0
0
0
0
0
0
0
0
0
0
0
0
1
0
0
0
0
0
0
0
0
0
1
0
0
0
0
2
4
25
36
40
44
0
0
0
0
0
0
0
0
2
3
0
0
2
3
4
6
8
13
15
16
0
0
1
4
6
8
10
17
18
21
0
0
0
0
0
0
0
0
0
0
0
0
0
0
2
4
29
43
45
50
0
0
1
3
4
5
22
31
33
35
0
0
0
0
0
0
0
3
57
60
0
0
0
0
0
0
0
0
3
6
0
0
0
0
0
1
28
36
38
39
0
0
0
0
0
0
0
0
0
0
0
0
1
3
5
7
42
50
52
54
0
0
0
0
0
2
13
20
23
25
0
0
0
0
0
0
1
9
11
14
0
2
5
8
10
11
26
35
38
41
0
0
0
0
0
0
0
0
3
8
0
0
0
0
0
1
44
54
61
62
0
0
0
0
0
0
28
40
43
46
0
0
0
0
0
0
0
0
1
4
0
0
4
7
8
10
32
44
46
51
0
0
0
0
0
0
25
36
38
41
0
0
0
0
0
0
37
44
52
55
0
0
0
0
0
0
0
2
4
7
0
0
0
0
0
0
24
31
34
35
0
1
42
45
47
49
50
53
55
58
0
0
0
0
1
2
11
18
21
23
0
0
0
0
0
0
0
1
16
19
0
0
0
0
0
0
0
17
20
21
0
0
0
0
0
0
0
0
0
0
18
28
31
32
33
35
36
44
49
50
0
0
0
0
3
5
40
50
54
57
0
0
0
0
0
0
0
20
23
26
0
0
0
0
0
0
3
7
8
12
4
7
9
12
14
16
17
21
23
26
18
25
28
29
30
32
33
38
41
42
36
44
46
48
49
51
52
56
61
63
0
5
8
11
15
16
27
39
42
46
1
5
6
9
11
13
15
19
20
23
10
15
17
20
23
25
28
42
45
48
27
38
39
42
44
46
48
52
53
56
2
7
9
10
11
13
15
20
22
23
14
20
22
25
26
28
30
34
36
39
13
17
29
32
33
35
37
41
43
46
34
42
45
48
50
52
53
56
58
62
13
23
26
29
31
32
33
38
41
44
5
9
12
13
19
21
40
47
51
52
6
11
12
17
22
24
26
35
37
40
17
30
33
36
38
39
40
45
48
51
5
10
13
16
18
19
20
25
28
31
5
21
24
25
26
28
29
34
37
38
5
10
13
14
16
18
31
44
48
49
31
43
49
52
54
56
58
62
63
66
0
4
7
8
9
11
21
33
36
37
14
24
27
28
29
31
32
36
39
40
10
16
18
20
22
23
24
38
40
43
1
4
6
9
11
13
18
28
30
33
19
24
26
29
30
32
34
37
39
42
7
12
15
16
17
19
39
47
50
51
5
12
15
18
21
22
23
30
33
40
10
16
34
37
39
40
43
51
56
60
11
19
21
23
24
25
35
45
49
51
0
5
7
8
9
11
30
39
42
43
7
11
13
16
18
20
25
33
35
38
10
15
18
19
20
22
24
33
36
39
14
18
21
22
23
25
26
30
33
34
10
15
17
19
22
23
44
53
59
61
9
14
16
17
21
23
45
57
65
66
4
9
11
13
15
17
31
47
50
53
20
25
28
29
32
34
35
39
42
44
28
43
46
49
52
54
56
60
62
65
21
33
35
38
40
42
43
46
48
51
9
14
17
18
19
21
22
27
30
31
23
29
31
34
36
38
45
57
62
65
9
13
16
17
18
20
28
41
44
45
38
46
48
50
51
53
54
58
60
62
1
6
9
11
13
15
18
31
34
36
20
28
30
31
35
37
40
50
52
54
8
11
13
18
20
22
23
26
31
34
4
9
11
12
13
15
17
22
24
25
2
7
10
13
15
16
17
22
25
31
20
26
29
30
34
36
40
47
51
52
2
5
8
11
13
17
31
41
43
46
5
8
10
11
12
13
15
18
20
21
68
