time_cost:6126ms
ontime_proportion:0.611111
max_delay:30
avg_delay:4.755556
avg_flowtime:35.611111
object function value:4075.925926
0
0
0
0
0
0
0
0
0
0
0
0
0
0
0
0
0
0
0
0
2
0
0
0
0
0
0
0
0
0
1
0
0
0
2
5
7
18
23
24
26
0
0
1
4
6
8
18
22
24
28
0
0
0
1
2
4
25
29
32
35
0
2
4
7
8
10
25
29
35
38
0
0
0
0
0
0
18
24
27
30
0
0
0
0
0
0
3
20
34
37
0
0
0
0
0
0
0
1
3
6
0
17
20
21
22
24
25
30
33
34
0
0
0
0
0
0
0
2
4
7
0
0
0
0
0
2
31
40
45
47
0
0
1
3
4
5
19
24
28
30
0
0
0
0
0
0
1
2
44
47
0
0
0
0
0
0
0
1
2
4
0
0
0
1
3
5
29
38
43
45
0
0
0
0
2
4
20
26
28
32
0
0
0
0
0
0
20
26
28
31
0
0
0
1
2
3
20
28
30
31
0
0
2
3
4
6
17
23
27
28
0
0
0
0
0
1
22
28
30
35
0
0
1
4
5
7
28
36
46
49
0
0
0
0
0
0
28
36
43
44
0
0
0
0
0
0
16
20
23
24
0
0
0
0
0
0
0
0
0
0
0
0
0
0
1
2
20
26
29
31
0
0
0
0
0
0
0
0
0
0
0
0
0
0
0
0
0
0
0
4
0
0
0
0
0
0
15
22
25
28
0
0
0
0
0
0
0
4
47
50
0
0
0
0
0
2
23
28
34
39
0
0
0
0
0
0
25
31
35
36
0
0
0
0
0
0
0
0
48
51
0
3
5
6
7
8
33
40
47
48
0
0
0
0
0
0
22
25
28
29
0
0
0
0
0
0
0
0
37
41
0
0
0
0
1
3
30
36
38
40
0
0
0
0
0
0
0
0
31
34
0
0
0
0
0
0
0
0
0
0
0
3
8
11
12
14
26
31
38
41
2
5
7
10
12
14
17
21
26
30
12
15
17
20
21
23
30
41
51
54
0
5
8
11
13
14
19
27
31
34
17
24
26
27
30
31
36
43
50
51
4
9
12
15
17
18
23
30
34
45
7
12
15
17
23
25
33
42
49
50
2
5
7
12
14
16
26
33
40
43
11
16
22
24
28
29
34
43
50
52
17
24
26
27
31
32
37
44
51
52
5
8
10
13
15
17
22
27
29
32
11
16
22
25
29
30
35
45
52
55
14
20
25
27
31
33
36
45
52
54
13
18
21
22
26
28
32
46
54
55
9
14
16
18
33
35
39
49
58
59
4
11
14
16
17
19
28
34
37
38
9
15
18
21
22
23
30
37
40
42
10
14
17
18
19
21
28
33
37
38
1
4
6
14
16
18
24
33
37
41
2
7
10
13
15
16
20
30
34
37
8
13
16
18
29
34
39
47
55
56
4
7
9
12
18
20
23
33
37
40
14
19
20
22
23
25
33
39
41
43
13
18
22
24
27
29
34
40
43
45
0
6
13
16
17
19
27
39
43
46
9
12
20
23
25
27
31
39
55
58
16
21
24
25
32
34
38
46
54
55
0
3
5
8
10
12
24
29
32
39
3
8
11
12
14
16
26
31
36
37
11
17
21
23
25
27
32
38
40
42
15
19
23
24
25
26
31
34
38
39
5
8
11
14
26
28
34
39
42
46
7
11
14
17
20
22
27
35
43
47
12
18
21
23
35
37
40
51
59
60
5
10
12
13
20
22
29
36
39
40
0
4
8
11
29
31
37
41
46
49
8
13
15
18
28
30
36
41
45
48
8
11
17
22
24
26
30
38
56
59
0
5
7
8
9
11
39
45
49
51
5
10
13
16
18
20
26
35
40
45
14
18
22
23
24
25
34
37
42
44
16
21
24
26
36
38
40
49
58
60
15
21
24
27
34
36
40
49
57
58
11
17
19
21
22
24
35
41
45
47
5
14
17
20
27
29
34
41
54
57
8
12
16
19
30
32
38
43
48
51
5
10
13
17
19
20
21
26
31
45
8
14
20
22
23
24
37
43
47
49
3
8
11
14
16
17
23
35
40
47
10
16
18
20
21
22
37
43
49
51
61
