time_cost:2560067ms
ontime_proportion:0.811111
max_delay:28
avg_delay:3.288889
avg_flowtime:25.844444
object function value:1750.370370
0
0
0
0
0
0
0
0
0
0
0
0
0
0
0
0
1
4
11
14
15
0
0
0
3
5
6
7
12
15
18
0
0
0
0
0
0
0
0
0
1
0
0
0
0
0
0
9
14
17
20
0
0
0
0
0
0
0
0
0
1
0
0
0
0
0
0
0
0
2
3
0
0
0
0
0
0
0
0
0
0
0
0
0
1
3
5
9
14
16
19
0
0
0
0
0
0
0
0
0
0
0
0
0
0
0
1
10
16
18
21
0
0
0
0
0
0
8
16
19
20
0
0
0
0
0
0
9
14
19
20
0
0
0
0
0
2
8
14
15
18
0
0
0
0
0
0
9
12
18
21
0
0
0
0
0
1
13
19
20
22
0
0
0
0
0
0
0
0
1
6
0
0
0
0
0
0
0
0
0
2
0
0
0
0
1
2
12
16
18
19
0
0
0
0
0
0
12
20
22
24
0
0
0
0
0
0
0
0
0
0
0
0
1
2
3
4
14
17
20
22
0
0
0
0
0
0
0
0
0
0
0
0
0
0
0
0
16
20
23
26
4
6
9
11
12
13
15
22
32
35
0
2
4
5
6
7
15
19
21
22
0
0
0
0
0
0
0
0
0
0
0
0
0
0
0
0
0
0
0
0
0
0
0
0
0
0
3
5
10
14
0
0
0
1
3
5
16
21
22
25
0
3
5
6
7
8
17
20
22
23
0
0
0
0
0
0
0
0
2
5
0
4
7
8
9
11
15
22
25
26
0
0
0
0
0
0
0
0
2
6
0
3
5
6
7
9
21
25
27
28
0
0
0
0
0
0
0
0
0
0
0
0
0
0
0
0
19
25
28
29
0
0
1
4
8
10
25
39
41
44
0
0
0
0
0
0
0
0
0
0
0
0
0
0
1
3
24
34
39
44
18
23
25
26
27
28
30
33
35
36
4
9
12
15
17
18
20
26
29
32
1
6
9
12
14
16
19
24
26
33
8
13
16
17
18
20
21
26
29
30
18
24
26
27
28
30
32
38
44
45
9
15
16
18
19
21
22
29
34
37
6
15
18
19
20
22
24
31
35
38
12
19
22
23
24
26
27
32
35
39
11
18
21
26
28
29
30
35
38
41
12
17
20
21
22
24
25
30
34
35
4
8
9
11
12
14
33
40
43
46
20
28
31
32
33
35
36
41
45
46
20
27
29
30
31
33
35
42
46
47
1
4
6
9
10
12
14
17
19
22
6
9
11
12
13
14
29
38
42
43
17
22
24
27
28
30
32
40
42
45
10
21
23
25
26
27
33
40
45
47
17
23
25
26
29
31
33
38
40
43
23
29
31
33
34
35
36
42
45
47
4
8
11
12
13
15
26
36
39
40
23
31
34
35
36
38
39
44
47
48
20
26
28
29
30
31
33
36
38
42
1
6
8
10
11
12
13
18
21
23
27
31
33
34
35
36
38
44
47
48
22
28
29
31
32
34
35
39
40
44
26
33
35
36
38
40
42
47
49
50
25
32
33
36
37
39
40
46
47
49
17
22
24
26
27
29
30
40
41
43
6
10
13
14
15
17
37
44
48
49
28
36
38
39
40
42
44
49
51
52
29
35
36
40
42
44
46
50
51
54
5
9
12
13
15
17
29
40
43
44
16
24
26
28
29
30
31
41
44
46
10
36
39
42
44
45
46
51
54
57
1
25
29
34
36
37
38
43
46
49
17
29
32
33
35
37
41
47
50
51
4
8
10
13
17
19
41
49
50
53
21
29
32
35
37
38
39
44
47
50
7
12
14
15
16
17
33
47
49
50
21
28
31
37
39
40
41
46
49
52
28
35
38
41
43
44
45
50
53
56
1
4
6
9
10
14
29
38
41
44
26
33
36
37
38
40
41
46
49
50
5
9
12
13
14
16
44
53
56
57
13
22
26
29
31
33
34
40
42
45
0
6
9
10
16
18
35
43
45
46
1
4
6
10
12
16
32
42
44
47
26
33
36
37
40
42
43
47
50
52
1
11
14
17
19
21
41
51
54
57
2
7
9
10
11
15
47
54
57
58
59
