time_cost:6525ms
ontime_proportion:0.688889
max_delay:28
avg_delay:4.277778
avg_flowtime:31.633333
object function value:3165.555556
0
0
0
0
0
0
0
29
41
45
46
0
2
4
6
7
9
17
27
30
32
0
0
0
0
0
0
0
0
0
2
0
1
4
6
7
23
36
49
51
53
0
0
0
0
0
0
0
0
0
0
20
32
34
36
37
39
41
45
47
49
0
0
2
4
6
8
24
34
44
48
0
0
1
2
3
4
15
23
25
30
0
0
0
0
0
0
0
0
8
11
0
0
0
0
0
0
16
27
29
31
0
0
0
0
0
0
0
0
0
3
0
0
1
3
4
6
9
15
19
21
0
0
0
0
0
0
0
0
3
6
0
1
3
5
6
7
27
38
41
43
0
0
0
0
0
0
0
0
0
0
0
0
0
0
0
0
12
22
24
26
0
0
0
0
1
2
21
33
35
37
0
0
0
0
0
0
1
27
33
36
0
0
0
0
0
0
0
0
0
1
0
0
0
0
0
0
0
0
0
5
0
0
0
0
0
0
0
25
28
31
10
19
22
24
25
27
29
41
44
46
0
0
0
0
0
0
14
22
25
28
0
0
0
0
0
1
11
18
20
22
0
0
0
0
0
0
10
15
35
38
0
0
0
0
0
2
16
30
32
34
0
0
0
0
0
0
0
0
0
0
0
0
0
0
2
30
37
52
54
56
0
0
0
0
0
3
25
39
43
45
0
0
0
0
0
0
13
19
21
24
0
0
0
0
0
0
0
0
1
3
0
0
0
0
4
14
34
47
50
52
0
0
0
0
0
0
24
34
37
40
0
0
0
0
0
0
0
1
3
5
0
0
0
0
0
0
0
0
2
4
0
0
0
2
3
13
34
47
49
51
0
0
0
0
0
0
0
0
0
1
0
0
0
0
0
0
0
0
0
0
0
0
0
0
1
5
32
45
48
49
0
0
0
1
3
5
34
48
52
56
1
4
7
16
18
26
31
41
44
47
13
18
21
24
26
28
30
34
37
43
9
16
19
22
24
25
27
32
35
38
23
35
38
41
43
44
46
51
54
57
18
31
33
35
37
39
41
46
48
50
0
4
6
8
10
11
28
40
42
46
4
10
13
16
19
23
33
45
48
50
28
35
40
43
44
46
47
50
53
58
8
14
17
19
20
22
31
44
46
50
4
12
15
18
20
21
23
28
31
34
4
9
12
14
17
19
21
29
32
33
1
4
5
7
8
10
14
23
26
30
14
21
23
25
27
29
31
39
41
43
17
29
32
33
34
36
38
44
47
48
4
10
13
14
15
17
19
24
27
28
0
4
6
8
9
10
12
16
18
20
23
32
34
35
36
37
39
43
47
48
11
17
20
23
24
25
33
44
47
50
3
6
9
12
13
14
16
19
39
45
24
38
42
44
45
46
48
52
54
56
14
23
26
29
30
31
33
37
39
40
20
32
35
38
40
41
43
48
51
54
1
4
7
10
21
30
32
43
46
49
8
15
17
19
21
23
28
40
42
46
8
13
16
19
21
27
36
49
52
55
7
12
14
16
17
19
26
37
40
42
3
8
11
14
16
17
19
24
27
30
8
13
18
20
25
34
36
48
51
52
0
15
18
19
20
22
25
36
38
40
1
4
5
7
8
10
11
14
15
17
5
8
11
15
17
19
21
24
27
31
0
5
6
8
10
12
33
47
49
51
4
7
10
13
14
15
17
20
23
26
7
11
13
15
16
17
19
25
27
29
28
37
40
42
43
45
46
49
52
55
9
17
19
21
23
29
31
43
45
47
5
12
15
17
19
21
24
37
39
41
16
27
29
30
31
32
34
41
44
45
20
30
32
34
35
36
38
42
45
47
0
5
7
8
10
31
37
51
53
54
13
20
22
23
24
25
27
32
34
35
3
7
9
10
11
12
19
28
30
32
9
16
19
22
23
24
26
29
32
36
6
11
12
14
15
17
18
21
22
26
4
9
14
17
26
35
37
47
50
53
14
22
24
26
27
28
30
39
42
45
7
12
15
18
19
20
22
25
28
31
29
41
43
45
46
48
50
54
56
58
13
20
23
27
29
33
35
38
49
53
4
8
10
12
13
15
24
35
37
39
59
