time_cost:5746ms
ontime_proportion:0.566667
max_delay:35
avg_delay:5.622222
avg_flowtime:35.611111
object function value:4520.370370
0
0
0
0
0
0
0
0
29
35
37
0
0
1
2
4
5
20
24
31
32
0
0
0
0
5
6
26
34
38
41
0
4
6
10
12
14
28
35
40
43
0
0
0
0
0
0
0
0
0
0
0
0
0
1
2
4
22
29
34
36
0
0
0
0
0
0
25
33
35
38
0
0
0
0
0
0
0
0
0
2
0
1
3
4
6
7
19
24
31
32
0
0
0
0
0
0
25
32
37
39
0
0
0
0
0
0
0
0
2
7
0
3
5
12
14
16
29
36
41
44
0
0
0
0
0
2
25
32
34
37
9
16
22
23
25
26
27
30
32
33
0
4
9
12
14
16
28
34
36
39
0
2
4
6
7
8
18
23
28
30
0
0
1
3
4
6
23
32
36
38
0
0
1
4
6
7
28
34
38
42
0
0
0
1
2
3
19
25
27
29
0
0
0
0
0
0
0
0
0
2
0
0
0
0
0
0
0
0
1
4
0
0
0
0
0
0
0
0
0
0
0
0
0
0
0
0
30
36
41
44
0
5
7
9
10
12
23
31
36
38
0
0
0
0
0
0
0
0
0
1
0
0
0
0
0
0
0
0
0
0
0
0
0
0
0
0
32
40
45
48
0
0
0
0
0
0
0
0
0
0
0
0
0
0
1
2
17
22
26
28
0
0
0
0
0
0
0
0
0
0
0
0
2
5
7
10
31
38
44
47
0
0
0
0
6
8
33
39
45
48
0
0
0
0
0
0
0
0
0
2
0
0
0
1
2
8
25
33
38
40
0
0
0
0
0
0
0
1
2
6
0
0
0
0
0
0
34
39
43
46
0
0
0
0
0
1
28
34
39
41
0
5
7
9
10
12
20
29
31
33
0
0
0
0
0
2
29
35
41
43
0
0
0
0
0
0
0
1
4
7
11
15
18
20
21
22
24
28
30
32
8
12
17
19
20
22
30
37
43
45
12
19
26
28
29
31
32
37
43
47
0
5
6
9
12
13
34
40
44
47
9
14
16
19
23
25
33
38
41
46
13
17
19
21
22
24
26
30
32
34
7
11
14
16
17
19
21
25
28
30
2
6
9
11
13
14
19
23
33
35
3
7
10
17
19
20
22
26
29
31
9
14
17
21
23
24
38
43
50
53
9
13
16
19
22
24
25
31
34
36
1
6
8
10
11
13
20
31
33
35
11
14
19
22
24
25
36
43
50
53
15
19
24
26
27
28
30
34
37
39
16
21
27
29
30
32
33
41
48
50
14
19
28
30
31
33
34
41
48
50
3
7
10
13
15
16
21
26
32
34
18
22
30
32
33
34
36
40
47
49
7
12
14
16
17
19
29
35
39
41
1
7
9
14
16
18
37
44
51
55
16
20
26
28
29
30
32
36
39
41
0
4
8
15
17
18
21
26
32
34
5
10
11
14
16
17
36
41
46
49
2
6
9
11
13
14
18
22
25
27
10
14
18
21
23
27
40
46
53
57
12
18
21
24
26
27
39
45
53
56
17
21
25
26
28
29
34
38
44
45
5
10
12
16
18
20
40
45
54
57
12
17
22
24
25
27
29
37
41
43
12
16
20
23
25
29
43
47
56
59
4
9
12
18
20
22
41
47
58
61
4
9
11
16
18
23
41
48
57
60
6
12
13
16
19
20
39
44
49
52
6
10
16
21
24
26
39
42
47
50
9
17
23
26
28
30
44
49
59
62
15
20
29
31
32
34
35
42
49
51
4
8
20
23
25
33
41
44
51
59
12
15
23
26
28
32
44
49
61
64
13
18
21
25
26
28
34
39
45
49
11
16
23
25
30
32
37
42
49
51
10
14
19
22
24
31
39
44
50
53
0
3
5
8
10
11
41
45
52
55
5
10
14
17
26
29
44
49
60
63
5
9
12
19
21
22
24
28
31
36
15
19
24
27
29
37
46
51
64
67
6
11
15
17
19
20
22
26
34
36
14
18
26
29
36
37
46
51
63
66
7
12
15
24
34
36
45
51
62
65
16
22
29
31
34
36
39
46
56
58
14
19
23
25
28
30
37
41
47
49
69
