time_cost:3023313ms
ontime_proportion:0.677778
max_delay:36
avg_delay:6.922222
avg_flowtime:32.733333
object function value:3313.333333
0
0
0
0
0
1
3
11
16
18
20
0
0
2
5
7
8
17
22
24
29
0
0
0
0
0
0
0
4
5
9
0
0
0
4
6
7
31
37
42
44
0
0
0
0
0
0
0
0
2
4
0
0
0
0
0
0
14
17
19
23
0
0
0
1
2
4
7
11
14
20
13
17
18
21
23
24
26
35
37
42
0
0
0
0
5
14
37
47
53
56
0
0
0
0
0
0
35
45
51
53
0
0
0
0
0
2
36
46
51
53
0
0
0
0
0
0
0
0
3
5
0
0
0
0
2
4
15
19
22
24
0
0
0
0
0
0
0
2
4
6
0
0
0
0
0
0
0
0
0
7
0
0
0
0
0
0
22
28
31
33
0
0
0
0
5
12
34
43
48
51
0
0
0
0
0
0
0
0
2
4
0
3
4
7
9
10
31
39
42
45
0
0
0
2
4
5
7
11
16
19
0
0
0
2
4
5
7
11
12
18
0
0
0
0
0
0
32
39
43
46
0
3
6
8
10
11
13
17
20
24
0
0
0
1
3
5
17
23
25
26
0
0
0
0
0
0
0
0
0
4
0
0
0
0
4
6
33
44
46
49
0
0
0
0
1
8
44
54
60
63
0
0
0
0
1
2
4
9
10
13
0
0
0
0
0
6
44
54
58
61
0
0
0
6
7
9
46
56
62
63
0
0
0
0
0
0
29
38
41
47
0
0
0
0
1
2
9
13
16
18
0
0
1
4
6
7
9
14
15
22
0
0
0
0
4
8
45
55
61
62
0
0
0
0
2
3
11
15
25
28
0
0
0
0
3
11
33
41
47
49
0
0
0
0
0
1
27
35
37
38
0
0
0
0
0
0
0
1
3
10
0
0
0
0
0
0
0
3
5
6
0
0
0
0
0
0
43
54
58
61
26
32
34
38
40
41
43
46
49
53
8
12
13
16
18
19
28
36
40
44
0
4
6
8
9
10
24
30
32
34
6
11
15
17
19
22
28
36
40
45
5
10
11
14
16
17
28
37
38
41
30
37
40
42
44
45
47
51
56
58
10
15
29
31
32
35
37
48
50
52
34
46
48
51
53
54
56
59
61
64
8
14
17
20
22
23
36
42
53
56
17
23
28
30
31
32
41
52
55
57
1
5
8
10
12
13
18
25
31
33
13
19
22
25
27
29
42
52
57
60
26
34
35
38
40
41
43
48
49
52
9
13
16
18
20
21
23
30
33
40
2
6
9
11
12
14
16
22
25
27
5
10
14
16
17
19
24
29
32
34
4
9
11
13
14
16
19
24
27
30
4
8
13
16
18
19
32
40
45
48
12
16
20
22
23
25
29
36
40
44
8
13
16
18
19
21
24
33
35
37
28
35
37
40
42
44
45
50
52
55
21
28
31
34
36
37
39
43
47
49
13
18
20
22
25
26
33
39
46
50
28
35
38
41
43
44
46
51
52
55
0
4
7
9
11
12
14
18
21
23
1
6
8
10
11
13
14
19
21
23
4
8
13
15
17
18
20
24
27
29
2
6
9
11
13
14
16
20
23
28
21
28
30
31
33
34
35
39
42
43
24
30
33
35
36
37
39
43
45
47
20
25
27
28
30
31
32
35
37
40
5
9
11
14
16
18
36
45
52
57
17
25
28
30
32
33
35
41
45
47
21
26
28
36
38
39
41
44
46
49
9
13
18
20
22
23
28
32
38
40
13
17
31
34
36
37
38
41
43
46
20
25
28
30
31
33
34
38
41
43
1
4
6
7
9
10
23
28
30
33
11
15
18
21
23
25
26
32
34
38
24
31
33
35
36
38
40
48
50
52
20
27
30
32
34
35
37
41
44
46
3
8
10
12
13
15
16
21
23
25
2
5
7
10
15
16
19
23
25
28
21
30
32
35
37
39
41
49
52
55
22
27
29
32
34
36
37
41
43
46
10
21
23
26
28
30
38
50
55
58
17
21
26
28
29
30
32
40
43
45
16
20
22
25
27
29
30
34
37
43
3
9
11
13
14
16
24
33
35
37
24
32
35
37
38
40
41
45
48
50
66
