time_cost:2839354ms
ontime_proportion:0.833333
max_delay:29
avg_delay:2.677778
avg_flowtime:27.088889
object function value:1569.629630
0
0
7
10
11
13
14
27
44
47
48
0
0
0
0
0
0
0
0
1
2
0
0
0
0
0
0
0
0
0
2
0
0
0
0
0
0
0
0
0
0
0
0
0
0
0
0
0
0
0
1
0
0
0
0
0
0
0
0
0
0
0
0
0
0
0
0
0
0
0
1
0
0
2
4
5
6
16
23
26
28
0
0
0
0
2
4
33
38
41
44
0
0
0
0
0
0
0
0
1
7
0
0
0
0
0
1
19
26
28
29
0
0
0
0
0
1
9
21
23
26
0
0
0
0
0
0
0
0
1
2
0
0
0
0
0
0
0
0
0
2
0
0
0
0
0
0
0
0
0
0
0
0
2
5
7
9
14
22
24
27
0
0
0
0
2
3
40
47
50
52
0
0
0
0
0
0
14
17
20
22
0
0
0
0
1
2
26
31
36
39
0
0
0
0
0
0
0
0
0
0
0
0
0
1
2
3
8
14
15
16
0
0
4
6
8
9
41
47
50
52
0
0
0
1
3
4
16
20
22
23
0
0
0
0
0
0
0
0
0
0
0
0
0
0
1
2
29
37
40
41
0
0
0
0
0
0
0
0
0
0
0
0
0
0
0
0
30
40
43
45
0
0
0
0
0
0
0
0
0
2
0
0
0
0
0
2
16
21
23
24
0
0
0
0
0
0
45
53
56
57
0
0
0
0
0
0
8
13
16
19
0
0
0
0
0
0
18
21
23
24
0
0
0
0
0
0
0
5
8
13
0
0
0
0
0
0
0
1
2
4
0
3
4
5
6
8
21
27
30
32
0
0
0
0
0
0
27
34
37
40
0
0
0
0
0
0
0
1
3
8
0
2
5
6
7
8
10
15
18
21
0
0
0
0
0
0
0
1
2
3
0
0
0
0
0
0
37
43
44
47
3
10
13
16
20
21
24
34
37
38
21
27
28
30
31
35
45
55
57
59
6
12
15
17
21
22
31
41
44
46
6
9
11
12
13
14
28
35
36
37
8
11
14
19
21
23
31
39
41
42
11
16
17
18
19
21
22
27
30
31
14
18
21
24
25
26
27
31
36
40
25
37
39
42
44
46
47
52
54
57
22
28
31
32
33
34
35
41
44
45
3
8
9
10
11
13
29
35
36
37
36
42
45
46
47
48
49
55
58
59
5
10
12
15
17
19
20
25
28
31
13
18
20
23
25
27
30
37
39
42
2
15
18
22
23
24
25
30
33
36
25
33
35
37
39
41
42
45
47
48
5
10
14
15
20
21
34
40
43
44
16
25
27
30
32
34
39
47
49
52
28
33
35
36
38
39
40
45
47
48
21
28
32
34
35
36
44
52
55
57
8
11
13
14
16
17
18
23
25
26
4
9
11
14
18
20
24
31
33
36
11
15
18
21
23
25
31
35
38
42
11
15
16
17
19
20
23
27
29
30
3
7
10
12
13
14
16
20
23
25
12
17
20
23
24
25
26
31
34
38
10
14
15
16
20
21
30
34
36
37
1
5
8
12
13
14
38
44
47
50
9
15
18
21
22
23
24
28
31
35
15
23
28
30
31
32
34
43
46
48
1
5
6
7
8
9
18
22
24
25
1
6
7
8
9
11
33
39
40
41
9
18
21
22
23
24
32
37
42
43
14
23
25
28
30
32
33
39
41
44
5
8
11
14
18
20
30
34
37
40
0
3
5
6
8
9
10
13
15
17
7
13
14
16
17
19
20
26
27
28
6
13
14
15
16
18
19
24
25
26
18
25
29
32
34
35
42
50
53
56
25
31
34
36
37
38
41
49
52
54
1
5
8
11
12
13
14
19
22
25
2
6
9
13
14
15
19
27
30
32
23
28
31
33
34
35
37
41
44
46
13
18
19
20
21
23
29
36
37
38
13
18
21
22
25
26
44
54
57
58
0
3
5
6
9
10
43
50
52
54
4
8
11
14
15
16
29
36
39
42
5
11
14
16
17
18
20
24
27
29
11
14
15
17
21
22
34
40
41
42
0
4
7
10
11
12
19
28
31
34
13
16
17
18
24
25
37
41
42
47
60
