time_cost:10490ms
ontime_proportion:0.711111
max_delay:21
avg_delay:3.177778
avg_flowtime:26.977778
object function value:2788.148148
0
0
0
0
0
0
0
0
0
1
2
0
0
0
0
0
0
1
4
6
9
0
0
0
0
0
0
25
28
29
30
0
0
0
0
3
5
41
45
46
47
0
0
0
0
0
0
25
28
30
32
0
0
0
0
0
0
25
30
32
35
0
0
0
0
0
1
24
29
32
34
0
0
0
0
1
3
27
30
31
32
0
0
0
0
0
1
19
24
25
28
0
0
0
0
1
2
33
37
39
40
0
0
0
1
2
4
14
17
18
25
0
0
0
0
0
1
23
29
30
33
0
0
0
0
0
0
0
0
2
4
0
4
6
9
10
12
34
39
41
44
0
0
0
0
0
0
0
0
0
1
0
0
0
0
0
0
0
0
1
2
0
0
0
0
0
0
31
36
38
40
0
0
0
0
3
4
39
44
46
48
0
0
0
0
0
0
0
0
0
5
0
2
3
6
7
8
23
28
29
32
0
0
0
0
0
0
0
0
0
0
0
0
0
1
4
5
39
43
44
46
0
0
1
3
4
5
14
19
21
23
0
0
0
0
0
0
0
0
0
3
0
0
0
0
0
0
24
27
28
29
0
0
0
1
2
4
14
19
21
24
0
0
3
4
6
8
14
18
21
22
0
0
0
0
1
3
13
16
18
20
0
0
0
0
0
0
0
0
0
1
0
6
11
13
22
24
38
41
43
45
0
0
2
5
8
10
36
41
43
46
0
0
0
0
0
0
12
17
18
21
0
3
4
5
10
12
43
48
49
50
0
1
2
3
4
6
23
26
28
29
0
0
0
0
0
0
0
0
0
0
0
0
0
0
0
0
0
0
0
0
0
0
0
0
0
1
21
26
29
31
0
0
0
0
0
0
38
42
43
44
0
0
0
0
0
0
0
3
5
6
0
0
0
0
0
0
0
0
0
0
11
15
16
17
22
24
37
40
41
42
15
19
20
21
22
23
25
29
30
31
1
6
7
10
11
12
14
19
20
24
15
20
21
22
23
25
28
33
34
35
25
28
29
30
31
33
37
40
41
43
10
14
15
16
17
19
21
27
29
30
9
13
15
16
20
21
30
33
35
38
4
9
11
17
21
22
29
34
36
38
7
12
14
17
18
20
30
35
37
40
6
11
13
16
18
20
28
35
37
39
4
7
9
10
12
13
16
21
23
24
9
14
15
18
19
20
23
28
29
32
11
16
18
20
21
22
36
41
43
45
33
36
38
40
41
43
44
47
49
51
19
24
25
26
27
29
37
42
43
44
5
9
12
13
15
17
19
23
26
29
3
6
8
13
18
23
37
43
45
48
9
14
19
22
23
25
40
46
48
51
1
8
15
18
19
21
26
33
37
40
4
8
10
11
26
28
42
46
47
50
20
24
27
28
30
32
35
39
42
43
9
13
16
17
19
21
28
32
35
36
3
6
8
9
12
13
36
39
41
45
2
6
9
10
12
14
16
20
23
25
6
10
11
12
13
14
34
38
40
41
6
9
10
11
24
27
35
38
40
41
31
34
36
38
39
41
42
45
47
49
12
16
17
19
21
23
28
31
32
33
28
31
33
34
36
37
40
43
45
46
27
32
34
37
38
40
41
46
48
51
1
5
6
7
9
11
17
26
28
30
19
23
26
27
29
31
33
37
40
41
15
21
23
25
26
27
32
37
40
42
20
25
26
27
28
30
33
38
39
41
1
4
6
7
9
10
12
15
18
20
8
13
14
15
16
17
29
34
35
36
31
35
36
37
38
39
41
45
46
47
1
4
6
7
9
10
12
15
17
18
12
16
17
18
20
22
33
37
38
42
6
11
12
15
17
18
20
25
26
29
8
12
13
14
16
18
21
25
27
28
19
23
24
25
26
27
32
36
40
41
28
33
34
35
36
38
40
45
46
47
4
8
9
11
13
15
17
21
22
23
24
29
30
31
32
34
39
44
45
46
7
12
14
15
24
28
44
49
50
51
6
10
13
15
17
25
38
42
45
46
2
7
9
12
13
15
16
21
23
26
10
14
16
23
25
27
42
46
47
48
4
9
11
14
15
17
18
23
25
28
52
