time_cost:2245044ms
ontime_proportion:0.755556
max_delay:26
avg_delay:3.533333
avg_flowtime:26.522222
object function value:2328.518519
0
0
3
6
7
19
21
35
39
42
43
0
0
0
0
0
0
19
22
24
25
0
0
0
1
3
5
12
18
21
22
0
2
3
4
5
7
25
28
34
35
0
0
0
0
0
3
44
49
50
53
0
0
0
0
0
0
0
0
2
3
0
0
0
0
0
0
31
36
39
41
0
0
0
0
0
0
0
0
0
0
0
0
0
0
0
0
0
0
0
0
0
0
0
0
0
7
48
52
53
54
0
0
0
2
4
6
16
20
22
24
0
0
0
0
0
0
0
0
0
0
0
0
0
0
0
0
6
10
11
12
0
0
0
1
2
4
13
18
20
22
0
0
0
0
0
0
0
0
1
2
0
0
0
0
0
0
30
35
36
37
0
0
0
0
1
3
20
26
27
28
0
0
0
0
0
0
0
0
0
0
0
0
0
0
0
0
0
0
1
2
0
0
0
0
0
4
34
40
41
42
0
0
2
3
6
8
33
36
38
39
0
5
7
10
14
16
27
32
35
38
0
0
0
0
0
0
40
43
45
46
0
0
0
0
1
2
35
39
40
41
0
0
0
0
0
1
15
20
21
26
0
0
0
0
0
0
0
0
4
9
0
0
0
0
0
0
0
0
0
2
0
0
0
0
5
7
40
43
45
47
0
0
0
0
1
2
34
41
43
45
0
2
3
5
7
9
33
37
38
40
0
1
2
3
7
9
32
35
36
37
0
0
0
0
0
0
19
25
26
27
0
0
0
0
1
2
9
14
21
25
0
0
0
0
0
0
0
0
0
2
0
0
0
0
0
0
15
17
18
19
0
3
5
7
8
10
19
22
24
26
0
0
1
4
5
6
8
13
14
19
0
0
0
0
0
0
30
34
37
38
0
0
0
2
3
5
7
10
12
16
0
0
0
0
0
0
0
2
5
8
29
32
33
34
35
37
38
41
42
43
1
4
5
6
7
9
27
30
31
32
19
24
26
29
30
32
35
41
47
50
10
13
15
16
19
20
28
31
35
36
13
18
20
23
24
26
28
33
35
38
35
40
41
43
44
46
48
53
54
55
2
7
9
11
12
13
17
23
27
30
23
29
30
33
34
35
37
42
43
48
2
9
11
14
15
17
18
23
30
33
10
15
16
17
18
20
22
27
28
30
24
27
29
31
33
34
35
38
40
41
2
5
7
8
10
11
12
15
17
22
8
13
15
18
19
21
22
27
29
32
9
13
14
15
17
19
22
26
27
28
13
16
19
20
22
23
30
33
38
44
17
20
22
24
25
27
31
34
36
38
6
9
10
11
13
15
16
19
20
21
12
16
19
20
22
24
26
30
33
34
3
6
10
12
23
25
39
42
44
46
5
10
11
12
24
26
44
49
50
51
1
5
6
7
9
11
40
45
46
47
17
22
23
26
27
28
30
36
37
40
2
6
9
12
15
17
19
23
26
28
8
13
15
17
18
19
22
27
29
31
19
24
26
29
30
32
36
41
43
46
37
40
42
44
45
47
48
51
53
55
13
22
25
26
28
30
44
50
53
54
2
7
8
10
13
15
17
22
23
24
5
8
10
12
13
15
16
20
22
24
1
6
7
10
11
12
39
45
46
49
4
9
10
11
12
14
22
27
29
30
7
12
13
14
17
19
27
32
35
36
23
26
28
30
31
33
36
39
41
43
7
12
13
18
20
22
24
29
32
36
15
19
20
21
22
23
27
31
34
36
6
11
12
15
16
17
30
36
38
41
33
37
38
39
40
41
43
47
48
49
16
21
22
23
26
28
43
48
49
50
1
4
6
8
9
11
26
29
33
35
32
35
36
37
38
40
41
44
45
46
35
40
41
42
43
45
47
53
54
55
3
8
11
13
15
16
43
48
50
52
11
16
18
21
22
24
25
31
33
36
5
8
9
10
11
13
14
17
18
20
10
15
16
19
20
21
25
30
31
34
22
25
27
28
30
31
32
35
37
38
5
8
9
10
11
13
14
17
18
19
16
19
20
21
24
26
27
30
31
32
8
12
13
14
16
18
21
25
26
27
29
33
34
35
36
37
39
43
44
45
56
