time_cost:4463ms
ontime_proportion:0.611111
max_delay:33
avg_delay:5.666667
avg_flowtime:31.588889
object function value:3941.851852
0
0
0
1
3
4
6
42
48
54
56
0
0
0
0
0
0
23
26
32
36
0
0
0
0
0
0
0
0
0
1
0
0
0
1
3
5
36
43
49
50
0
0
0
0
0
0
38
46
53
56
0
3
5
8
9
11
26
30
41
44
0
0
0
0
1
3
22
25
41
44
0
0
0
0
0
0
0
0
0
2
0
0
0
0
0
0
0
0
0
0
0
0
0
0
0
0
0
0
1
4
0
0
0
0
2
4
28
32
34
37
0
0
1
3
4
6
32
38
44
45
0
0
0
0
0
0
13
16
18
21
0
0
0
0
0
2
36
43
46
47
0
0
0
0
0
0
0
0
0
0
0
3
5
6
7
8
35
41
45
46
0
0
0
0
0
0
0
1
3
4
0
0
0
0
0
1
31
37
40
47
0
0
3
4
5
7
15
19
22
23
0
0
0
0
0
0
11
24
28
31
0
0
0
0
0
0
0
0
0
1
0
0
0
0
0
0
0
3
7
10
0
0
0
0
0
0
0
0
0
1
0
0
0
0
0
0
0
0
0
0
0
4
5
7
8
10
11
15
16
18
0
0
0
2
3
5
37
44
49
52
0
2
3
6
12
14
33
40
45
48
0
2
4
7
32
34
41
47
54
58
0
0
0
0
1
2
29
33
38
40
0
0
0
0
0
0
20
29
32
33
0
4
6
8
11
13
26
32
36
37
0
1
3
4
6
7
33
38
40
41
0
0
0
0
0
0
0
0
0
0
0
0
0
0
0
0
0
0
0
0
18
21
26
27
28
32
44
51
61
62
0
0
0
0
0
0
36
42
45
48
0
0
0
0
0
1
34
40
48
51
0
0
0
0
0
1
28
35
40
43
0
0
0
0
1
3
34
41
46
48
0
1
3
6
7
9
34
40
43
47
7
12
15
16
22
25
29
36
39
40
10
14
18
21
22
25
27
30
35
38
6
11
14
15
18
20
43
50
60
61
6
10
11
13
14
16
19
23
30
32
10
13
17
20
21
23
25
28
30
33
21
37
42
45
47
48
49
54
57
60
2
6
7
10
14
16
18
24
25
32
6
10
11
17
20
23
25
31
33
38
2
9
15
17
25
29
38
42
51
53
8
13
15
17
18
21
23
28
30
31
0
3
21
24
26
29
30
35
38
41
9
14
18
21
23
24
25
30
33
36
14
18
20
21
24
27
32
36
38
39
2
10
13
17
19
20
21
26
29
32
7
11
14
15
27
29
33
40
44
46
4
7
9
12
13
15
17
20
22
26
6
10
13
15
16
18
19
23
24
26
15
20
25
28
30
32
34
38
39
42
5
9
10
13
15
17
19
23
27
34
16
27
31
34
36
37
38
43
46
49
3
8
11
12
13
15
16
21
24
25
15
19
23
26
28
30
32
36
38
44
14
17
21
24
25
27
29
34
37
42
26
30
34
35
36
38
39
43
49
50
1
6
8
9
10
12
14
19
21
22
11
16
21
22
24
26
37
45
53
54
13
17
21
24
26
28
30
34
35
38
30
38
42
45
46
48
50
53
56
59
28
34
36
38
39
40
41
46
48
50
10
14
16
18
20
22
23
27
29
31
12
16
20
22
24
27
43
49
59
60
2
6
9
12
15
17
30
35
41
42
10
17
20
21
22
24
25
31
34
35
9
14
17
23
25
26
27
32
35
38
1
5
6
8
9
11
12
16
17
19
20
24
31
34
36
38
40
44
45
50
26
33
37
40
42
44
45
48
50
53
0
5
7
8
9
11
13
18
22
23
4
9
12
15
17
18
19
24
27
30
31
39
43
46
48
50
52
55
59
62
6
11
12
15
17
19
21
25
26
29
36
42
48
49
50
51
53
56
60
61
33
41
48
49
50
52
53
58
61
62
3
6
8
11
16
18
19
22
24
27
8
11
15
18
20
22
23
26
28
31
5
8
10
13
31
34
42
49
56
59
2
7
10
11
12
14
15
20
23
24
16
21
26
28
30
31
38
46
52
54
7
12
15
16
18
20
22
27
29
30
24
30
31
36
38
40
42
46
47
50
63
