time_cost:2086124ms
ontime_proportion:0.744444
max_delay:36
avg_delay:4.288889
avg_flowtime:30.844444
object function value:2583.703704
0
0
0
0
0
0
1
31
37
39
40
0
0
0
0
0
0
0
0
0
2
0
0
0
0
0
0
0
0
0
2
0
0
0
0
0
0
0
0
2
5
0
0
1
4
6
8
11
19
21
24
0
0
0
0
0
1
12
17
19
22
0
0
0
0
0
0
15
22
24
26
0
2
5
6
7
8
26
32
35
36
0
0
0
0
4
6
31
36
39
42
0
0
0
0
0
0
14
19
20
21
0
0
0
0
0
1
47
61
64
65
0
0
0
0
0
0
0
0
0
0
0
0
0
0
0
0
0
0
2
3
0
0
0
0
3
4
15
18
20
21
0
0
0
0
0
0
0
0
0
3
0
0
0
0
1
3
11
16
19
20
0
0
0
0
0
0
0
0
2
3
0
0
3
6
7
8
23
29
35
38
0
0
0
0
0
1
12
18
19
23
0
0
0
0
0
0
0
0
1
4
0
0
0
0
0
0
29
37
39
40
7
12
15
18
19
20
22
29
32
35
0
0
0
0
0
0
36
43
45
48
0
0
0
0
1
3
14
21
25
26
0
0
0
0
0
0
11
17
18
21
0
2
4
5
8
9
39
48
50
51
0
0
0
0
0
0
21
23
26
28
0
0
0
0
1
3
11
19
21
22
0
0
0
0
0
0
0
0
0
2
0
0
0
0
2
4
12
17
20
21
0
0
0
0
0
0
0
0
0
2
7
11
14
16
17
18
42
51
54
56
0
0
0
0
0
0
0
1
3
7
0
2
5
7
8
9
27
33
36
38
0
0
0
0
0
0
0
0
0
0
0
0
0
0
0
0
18
22
23
24
0
0
0
0
0
0
0
59
62
65
0
0
0
0
3
4
27
35
38
39
0
0
0
1
4
6
46
56
58
59
0
0
0
0
3
5
43
53
56
59
14
21
24
25
26
27
35
45
48
49
2
5
8
11
13
15
16
19
22
25
27
34
38
39
40
41
43
53
56
57
21
28
29
30
31
32
33
36
37
38
10
15
18
21
22
23
34
40
45
48
9
16
18
20
27
29
30
36
38
39
0
8
11
14
15
16
44
56
59
61
0
3
4
5
6
7
17
22
25
26
0
6
10
11
12
13
26
31
34
35
14
18
19
20
21
22
32
39
40
41
9
12
15
18
21
23
24
29
32
35
14
19
22
25
27
28
39
47
50
53
4
7
9
10
12
14
24
33
35
36
9
15
16
17
18
20
21
26
27
28
7
12
13
14
15
17
19
24
25
27
1
4
7
10
23
25
26
32
35
38
6
11
12
13
14
16
24
32
33
34
30
37
40
43
45
47
48
58
61
64
10
16
20
23
24
25
43
55
58
61
20
24
30
33
35
37
40
50
53
56
14
17
19
20
25
27
28
35
37
40
3
13
17
19
20
21
23
27
30
32
2
7
8
9
10
12
34
43
44
45
4
7
12
19
21
23
24
27
30
33
3
6
8
9
13
15
40
49
51
52
19
26
30
31
32
33
38
46
49
50
8
12
15
19
20
21
22
26
29
32
5
14
17
18
20
21
32
42
46
47
0
3
4
6
7
8
21
24
26
27
3
8
9
11
25
27
28
34
35
36
7
11
14
16
27
29
31
35
38
40
19
24
27
30
33
35
37
44
47
50
7
13
14
15
16
17
18
22
23
24
21
27
30
33
34
35
40
50
53
56
0
5
6
8
9
11
29
35
36
38
5
10
11
13
15
17
19
23
25
27
20
27
28
30
31
33
36
45
48
51
16
23
24
25
26
28
29
38
39
40
18
21
22
23
24
25
27
30
33
34
17
22
24
26
29
31
33
37
40
44
1
6
7
8
9
11
25
33
34
35
0
3
5
8
10
11
12
15
18
19
6
10
13
16
18
20
24
30
34
37
5
9
10
12
13
15
17
21
22
24
4
9
11
16
18
20
21
30
32
36
16
23
26
29
30
31
32
40
43
46
4
9
10
11
12
13
26
32
33
34
9
14
16
17
20
21
43
54
56
58
2
8
11
14
16
18
31
39
42
46
1
4
7
14
21
23
46
58
61
64
66
