time_cost:2165570ms
ontime_proportion:0.833333
max_delay:23
avg_delay:2.166667
avg_flowtime:26.866667
object function value:1562.222222
0
0
0
0
0
0
2
10
15
17
20
0
0
0
0
0
0
10
15
16
19
0
0
0
1
2
3
12
16
18
19
0
5
7
10
11
13
15
20
22
25
0
1
4
5
7
9
16
20
23
25
0
0
0
0
0
1
13
18
20
23
0
0
1
2
3
5
12
17
19
20
0
0
0
0
0
0
0
2
3
4
0
0
0
0
0
0
16
21
24
25
0
0
0
1
2
3
15
19
21
22
0
0
0
0
0
0
0
0
0
0
0
0
0
0
0
0
1
3
4
5
0
0
0
0
0
0
0
0
2
4
0
0
0
0
1
2
15
19
20
21
0
0
0
0
0
0
0
0
0
2
0
0
0
0
0
0
0
3
5
8
0
0
0
0
0
1
14
18
20
24
0
1
3
5
6
8
16
19
21
23
0
0
0
0
0
0
14
20
22
25
0
0
0
0
0
0
0
2
4
6
0
0
0
0
0
0
0
12
15
16
0
0
0
1
2
4
15
20
23
26
0
0
0
0
0
0
18
21
24
25
0
0
0
0
6
8
20
23
25
26
0
0
0
0
3
6
17
21
25
28
0
0
0
0
0
0
0
0
0
0
0
0
0
0
0
0
0
0
0
3
0
0
1
2
4
6
20
24
27
28
0
0
0
0
0
0
0
0
0
0
0
0
1
2
4
6
19
23
27
28
0
0
0
0
0
0
19
24
26
29
0
0
0
0
5
8
19
24
25
28
0
0
0
0
0
0
0
2
4
7
0
0
0
0
5
7
19
24
30
32
0
3
5
6
8
10
25
29
32
33
0
0
0
0
1
3
20
25
26
28
0
0
0
7
9
11
24
28
31
32
0
0
0
0
0
0
0
0
0
1
0
5
7
10
11
13
24
29
32
35
0
1
2
3
6
9
21
24
26
27
11
16
18
20
21
22
23
28
30
34
11
15
18
19
21
23
25
29
32
33
19
22
23
24
25
27
28
31
33
35
4
9
11
14
15
17
27
32
34
37
11
16
17
20
22
23
28
34
37
40
3
7
8
9
10
11
23
27
28
30
10
17
19
22
23
25
27
32
36
39
5
10
11
12
13
15
27
32
33
34
8
13
14
15
16
18
26
31
32
33
18
22
25
26
28
30
33
37
40
41
5
8
10
12
13
15
28
31
34
36
1
5
8
9
11
13
32
36
39
40
21
26
27
28
29
31
33
38
39
40
5
10
14
17
18
19
31
36
37
40
2
5
6
7
8
10
27
32
33
37
24
28
29
30
32
34
37
41
42
43
20
25
27
30
31
33
34
39
41
44
3
8
10
12
13
14
32
39
41
43
9
14
24
27
28
30
33
41
43
46
22
27
28
31
32
33
36
41
43
46
9
14
20
23
24
26
34
39
41
44
2
6
7
8
9
11
35
39
40
41
24
28
31
32
34
36
38
42
45
46
0
4
5
8
16
18
38
42
45
46
24
27
29
30
32
33
34
37
39
40
22
27
29
32
33
35
36
41
43
46
29
34
35
36
37
39
41
46
47
48
14
19
22
24
25
26
39
44
46
48
2
7
8
10
11
13
37
43
44
45
8
11
12
13
14
16
37
40
41
43
6
10
13
14
18
21
36
40
43
44
29
34
36
38
39
40
42
47
49
51
8
11
13
14
18
20
40
43
46
47
31
35
36
37
39
41
43
47
48
49
7
11
12
13
15
17
41
45
46
47
28
33
34
37
38
39
41
46
47
50
31
34
35
36
37
39
40
43
44
46
8
12
13
16
20
22
41
45
46
47
32
36
37
38
40
42
44
49
50
51
30
33
38
39
41
43
45
49
51
52
28
33
35
38
39
41
42
47
49
52
6
9
10
11
17
19
38
42
44
45
9
14
15
18
19
20
39
44
46
49
3
6
7
10
26
28
46
49
50
51
1
5
8
11
20
23
42
46
49
51
4
9
10
11
19
21
44
49
50
51
7
12
14
16
17
18
42
48
50
52
5
12
14
16
19
21
43
46
48
50
5
8
9
10
13
15
39
44
45
47
33
38
39
40
41
43
45
50
51
52
53
