time_cost:2122107ms
ontime_proportion:0.800000
max_delay:31
avg_delay:2.800000
avg_flowtime:27.155556
object function value:1905.185185
0
0
0
0
0
1
2
7
13
16
19
0
0
2
5
7
9
10
16
18
24
0
0
0
0
0
1
12
15
16
18
0
0
0
0
0
0
0
0
0
1
0
0
0
0
1
2
10
13
15
16
0
0
0
0
0
0
0
0
2
3
0
0
0
0
0
0
13
16
17
24
0
0
0
0
1
2
11
16
19
21
0
0
0
2
3
4
9
14
21
23
0
0
0
2
4
6
10
15
18
21
0
0
0
0
1
2
8
13
14
17
0
1
2
3
4
5
9
12
13
14
0
0
0
0
0
0
0
0
0
0
0
0
0
0
0
1
15
18
21
23
0
0
0
0
0
0
12
17
19
20
0
0
0
0
0
0
11
17
19
25
4
7
10
13
14
15
16
20
23
27
0
5
7
8
10
11
16
19
22
23
0
0
1
4
6
7
21
26
27
28
0
0
0
0
0
0
0
0
0
1
0
0
1
2
3
5
11
22
26
27
0
0
0
0
0
0
0
0
1
3
0
0
0
0
0
1
6
11
13
14
0
3
5
8
10
12
13
18
20
24
0
0
0
0
0
0
0
2
3
5
0
10
13
16
18
20
21
24
27
30
0
0
0
0
0
0
0
0
0
0
0
0
1
2
5
6
19
24
26
28
0
0
0
0
2
3
17
21
27
29
0
0
0
0
0
0
0
0
0
0
0
0
0
0
0
0
15
20
23
26
0
0
0
0
0
0
17
21
24
26
0
1
2
3
4
6
7
13
14
15
0
0
0
0
0
0
10
14
16
17
0
0
0
0
0
0
0
0
0
1
0
0
0
0
0
1
17
26
29
32
0
0
0
0
5
7
16
23
26
29
0
0
0
0
0
0
0
0
0
4
0
1
4
6
7
8
19
27
31
36
0
0
0
0
0
0
0
23
26
29
8
13
16
17
18
19
20
25
28
29
3
8
9
10
11
12
23
29
32
33
22
28
29
30
31
32
33
38
39
40
0
4
5
7
8
10
12
16
17
23
6
11
12
14
15
17
28
41
42
44
7
11
12
15
16
18
22
28
29
31
0
4
7
10
11
12
21
26
29
37
15
20
21
23
24
26
27
32
33
34
2
7
8
9
12
14
25
32
33
34
0
5
8
11
13
15
23
30
33
36
5
8
9
10
11
12
24
30
31
32
13
17
20
22
23
24
26
31
34
36
19
23
24
26
27
29
31
41
43
45
13
20
23
26
27
28
29
33
36
40
22
28
30
31
33
35
36
42
45
46
20
30
33
34
35
36
37
42
46
48
4
10
11
13
15
17
29
42
44
47
14
18
20
21
23
25
26
33
35
36
18
24
25
27
28
30
32
38
39
41
1
6
7
10
12
14
28
34
35
37
17
23
26
27
28
29
30
35
38
39
18
30
33
35
36
37
39
44
47
49
25
33
35
36
38
40
41
46
48
49
1
4
6
7
9
11
32
45
47
48
9
12
15
19
21
23
26
33
36
40
24
35
38
39
40
41
42
47
50
51
26
33
36
39
41
43
44
47
50
53
5
10
13
16
17
18
27
36
39
40
25
35
38
40
41
42
44
48
51
53
5
10
11
12
14
16
32
39
40
41
22
27
30
32
33
34
36
40
43
45
0
3
9
12
14
16
32
38
41
46
29
39
41
42
44
45
46
50
52
53
3
9
15
18
19
21
35
52
53
55
29
36
39
42
45
47
48
51
54
57
29
38
41
44
46
48
49
52
55
58
0
3
5
6
8
9
25
36
39
40
1
5
7
8
12
14
35
50
53
55
4
9
11
12
17
19
36
54
56
57
32
43
44
45
47
49
50
56
58
59
12
29
32
33
34
35
36
41
44
45
32
45
46
48
49
51
53
57
58
60
2
6
9
11
12
13
15
19
22
24
25
39
42
43
44
45
46
55
59
60
32
44
45
46
48
50
51
56
57
58
22
29
32
33
34
36
37
42
45
51
6
12
31
33
34
36
38
55
57
59
4
9
10
11
18
20
33
41
42
44
18
26
30
33
36
38
39
53
55
56
4
9
17
21
23
25
30
39
41
46
61
