time_cost:3027765ms
ontime_proportion:0.677778
max_delay:35
avg_delay:6.844444
avg_flowtime:32.444444
object function value:3303.703704
0
0
0
0
0
0
0
0
0
0
1
0
1
7
11
12
14
39
50
53
56
0
0
0
0
0
0
0
0
3
6
0
0
0
0
0
0
0
0
0
0
0
0
0
0
0
0
0
2
4
6
0
0
1
2
5
7
42
56
59
60
0
35
38
41
42
43
45
58
61
64
0
0
0
0
1
3
21
33
36
38
0
0
0
0
0
0
0
0
0
1
0
0
0
0
1
2
8
15
18
21
0
0
0
0
0
0
0
0
3
4
0
0
0
0
0
0
35
40
48
52
0
0
0
0
1
2
30
37
45
47
0
0
0
0
2
6
30
39
46
48
0
0
0
0
0
0
33
44
52
54
0
0
0
0
0
0
0
0
0
0
0
0
0
0
0
4
29
34
40
41
0
2
5
8
10
12
14
17
20
23
0
0
0
0
0
0
0
0
2
5
0
0
0
0
6
10
42
59
63
64
0
0
0
0
0
0
12
18
23
24
0
0
0
0
3
8
34
38
44
46
0
0
0
0
2
4
30
35
44
46
0
0
2
5
7
8
41
55
59
62
0
0
0
0
0
0
12
19
22
26
0
0
0
0
0
0
0
0
0
0
34
45
47
49
50
51
53
57
59
61
0
0
0
1
2
4
13
20
24
25
0
0
1
3
4
6
8
12
14
16
0
0
0
0
3
5
30
38
42
43
0
0
0
0
0
0
0
0
0
3
0
0
0
0
4
6
42
55
57
60
0
1
3
5
6
8
10
14
16
18
0
0
0
0
0
0
46
59
62
63
0
0
0
0
0
0
21
29
34
39
0
0
0
0
0
0
0
0
0
1
0
0
0
0
0
0
0
0
1
2
0
0
0
0
0
0
29
34
41
43
0
0
0
0
1
2
11
16
19
22
0
0
0
0
0
0
0
0
0
1
6
12
20
22
27
29
35
46
50
52
7
16
21
24
26
27
31
41
47
50
5
9
12
15
16
17
25
32
41
44
3
6
16
19
21
25
27
32
41
44
0
6
13
17
18
20
30
40
42
45
1
5
7
9
10
12
14
18
20
22
5
10
15
18
20
21
23
28
31
36
12
17
18
20
22
24
25
31
32
34
25
31
35
37
39
41
42
47
48
50
8
14
16
18
21
23
25
31
34
36
4
9
12
13
14
16
18
23
26
27
14
21
25
27
28
30
32
36
39
41
21
27
33
35
36
38
40
44
46
48
20
26
32
34
36
38
39
44
46
48
23
32
36
39
41
42
44
49
52
55
12
19
22
25
30
32
34
37
43
47
0
4
6
7
8
9
11
15
19
21
5
10
13
16
17
18
36
45
49
52
5
9
10
13
14
16
18
25
29
31
7
13
19
21
23
25
27
35
37
39
33
44
46
47
48
49
51
61
63
64
18
25
29
31
32
34
36
40
42
44
2
5
6
10
13
15
16
24
27
29
8
13
18
20
21
23
25
29
31
34
1
4
5
7
8
10
28
32
36
40
17
26
29
31
32
34
40
54
57
59
0
5
7
9
11
13
15
26
30
32
28
38
40
42
44
46
48
53
55
57
4
10
13
16
25
28
37
48
60
63
2
5
8
11
16
18
20
23
26
29
2
7
10
13
15
16
18
23
26
29
17
23
28
29
30
31
33
37
40
44
4
7
10
13
15
17
19
22
25
30
15
26
29
32
34
35
37
42
47
50
12
20
24
26
28
30
31
36
38
41
7
12
13
15
17
19
20
25
28
32
7
13
16
19
21
22
24
29
34
37
0
3
6
11
12
13
39
52
56
59
9
15
17
19
20
21
23
30
33
35
3
8
9
11
13
15
16
21
22
24
28
35
39
42
44
46
48
51
54
57
17
26
28
30
31
33
35
39
44
46
1
9
11
13
24
27
32
41
43
45
3
8
11
14
17
19
25
33
37
41
21
27
34
36
38
40
42
46
48
50
3
7
9
11
12
14
16
22
26
28
13
19
30
33
34
37
39
47
50
53
12
16
21
24
25
26
28
31
37
40
21
28
31
34
35
36
38
41
44
47
8
13
15
17
19
21
23
28
35
37
65
