time_cost:2919754ms
ontime_proportion:0.711111
max_delay:36
avg_delay:5.000000
avg_flowtime:29.522222
object function value:2872.962963
0
0
0
0
0
0
3
23
28
30
32
0
4
5
6
18
21
27
30
31
32
0
2
4
6
7
9
10
13
15
17
0
0
1
2
4
6
11
15
16
17
0
0
0
0
0
0
0
2
4
5
0
0
0
0
0
0
10
11
12
15
0
0
0
0
0
0
0
0
0
0
0
0
0
0
0
0
19
24
25
28
0
0
1
4
5
7
27
32
38
41
0
0
0
0
0
0
25
29
30
31
0
3
4
5
7
9
20
23
24
25
0
0
0
2
8
10
57
61
62
63
0
0
0
2
3
4
5
14
16
18
0
0
0
0
0
0
52
57
59
62
2
17
20
22
24
26
31
35
38
39
0
2
3
4
9
10
30
34
35
36
0
0
0
0
2
4
56
60
61
62
0
0
0
0
0
0
0
0
0
1
0
0
0
0
0
1
12
17
18
19
0
0
0
0
0
0
0
0
0
0
0
0
0
0
0
0
0
0
0
1
0
0
0
0
0
0
0
0
0
3
0
0
0
2
3
5
24
29
32
35
0
0
0
0
0
0
12
14
22
28
0
0
2
4
5
7
8
11
13
16
0
0
0
0
0
0
0
0
0
0
0
0
0
0
0
1
20
23
25
27
0
0
0
0
0
0
0
1
3
4
0
0
0
0
0
0
0
0
0
0
0
0
0
0
0
1
29
34
38
42
0
0
2
3
5
7
16
21
24
25
0
0
0
0
2
4
27
34
37
40
0
0
0
0
0
0
0
1
2
4
0
0
0
0
0
0
19
24
26
29
0
0
0
0
1
2
10
18
22
24
0
0
0
0
1
3
28
31
33
38
0
0
2
5
6
8
49
54
57
60
0
1
4
9
10
12
50
53
55
57
0
0
0
0
0
0
7
10
12
13
0
0
0
0
0
0
0
0
0
0
4
7
8
9
10
12
13
16
17
18
5
8
10
11
15
16
24
27
29
30
22
27
29
31
32
33
34
39
41
43
1
5
6
7
9
11
13
17
18
24
11
16
19
23
26
29
56
61
63
65
4
9
11
13
14
15
39
46
48
50
6
12
13
14
15
19
39
44
46
47
10
13
15
17
18
20
21
24
26
28
9
12
14
15
17
18
36
39
41
42
16
20
21
22
23
24
45
49
50
51
0
5
7
11
17
20
49
54
56
59
22
27
29
31
32
33
34
41
44
46
6
11
12
15
16
17
24
29
30
33
15
19
20
21
23
25
27
31
32
35
11
16
17
20
21
22
39
44
45
48
2
7
9
12
13
15
16
21
23
27
16
20
21
23
25
29
31
35
36
37
24
29
33
37
39
41
54
59
61
63
23
29
31
34
35
37
44
49
51
54
31
36
38
41
42
44
45
50
52
55
12
17
18
19
23
27
54
58
59
60
10
15
17
19
20
21
22
27
31
33
1
7
10
12
15
16
39
44
46
48
15
18
19
20
21
26
53
56
57
58
7
12
15
18
19
21
36
41
43
46
15
19
20
21
22
23
44
48
49
50
5
10
11
12
13
15
17
22
23
24
11
16
19
22
23
24
29
34
35
38
27
31
34
35
37
39
41
45
48
49
4
7
9
11
12
14
29
34
36
38
42
45
47
48
50
51
53
56
58
59
28
33
34
37
38
39
48
53
54
57
5
10
12
15
16
18
19
24
26
29
18
22
23
24
25
26
44
48
49
51
5
10
15
17
18
19
32
37
42
44
0
4
7
8
25
29
56
60
63
64
7
12
14
16
17
18
20
26
28
30
7
12
13
14
15
19
25
30
32
34
35
39
42
43
45
47
52
56
60
61
0
4
5
6
7
8
48
52
53
54
0
5
6
7
8
10
37
42
43
44
31
36
37
38
39
41
44
49
50
51
16
19
21
22
24
25
32
37
41
42
17
20
22
25
27
28
29
32
34
35
20
24
25
26
27
28
30
34
35
39
19
22
24
25
27
28
49
52
54
55
12
15
17
19
20
22
24
27
30
32
1
6
7
10
11
12
14
19
20
23
2
7
9
12
13
15
20
25
27
30
0
5
6
9
11
13
15
20
21
25
66
