time_cost:2310883ms
ontime_proportion:0.744444
max_delay:33
avg_delay:4.544444
avg_flowtime:28.577778
object function value:2508.148148
0
0
0
0
0
0
0
12
17
19
20
0
0
0
0
0
0
0
0
2
11
16
19
20
23
25
27
30
36
37
39
0
0
0
0
0
0
48
57
60
62
0
0
0
0
0
0
0
0
0
1
0
0
0
0
0
0
0
0
1
4
3
33
36
37
38
39
40
45
48
49
0
1
4
7
8
9
12
16
19
22
0
0
0
1
3
4
11
14
16
22
0
0
0
0
1
2
29
36
39
42
0
0
0
0
1
2
19
24
28
29
0
0
0
0
0
0
0
1
3
6
0
1
4
7
9
11
19
25
28
31
0
2
3
4
6
8
41
50
51
52
0
0
0
0
2
4
20
27
28
29
0
0
0
0
6
7
49
57
60
61
0
0
1
2
3
5
16
24
25
26
0
0
0
0
0
0
45
51
54
57
0
0
0
0
0
0
0
0
0
0
0
0
0
0
0
0
0
0
2
5
0
0
0
0
0
0
0
0
0
1
0
0
0
0
0
0
0
0
0
0
0
0
0
0
0
0
0
0
0
0
0
0
0
0
0
0
0
0
0
3
0
0
0
0
0
0
0
0
1
5
0
2
4
5
7
8
12
15
17
18
0
0
0
0
0
0
22
31
33
37
0
0
0
0
4
6
24
31
32
33
0
0
0
0
0
0
16
21
23
24
0
0
0
0
0
1
15
22
24
27
0
8
25
28
29
30
36
44
47
50
0
0
0
0
0
0
0
0
1
2
0
0
0
0
1
3
18
22
24
26
0
0
0
0
0
1
13
17
18
19
0
0
0
0
0
0
0
0
0
11
0
0
0
0
14
16
49
57
58
59
0
0
0
0
4
6
21
27
29
30
0
0
0
0
0
0
0
0
0
0
0
0
0
0
0
0
6
12
15
18
0
0
0
0
0
0
0
2
5
6
28
32
35
38
40
42
43
47
50
53
17
22
24
25
27
29
32
38
40
41
2
7
8
9
11
13
40
48
49
50
4
9
10
11
12
13
14
18
20
24
0
4
6
7
9
11
14
19
21
24
0
3
5
7
9
10
41
45
47
48
28
31
33
34
36
38
39
43
46
47
1
6
7
8
11
13
36
43
45
46
25
31
33
34
36
37
38
41
43
44
11
16
19
20
21
22
23
28
31
32
6
11
15
16
18
19
25
35
38
39
6
13
15
18
22
24
31
40
42
45
5
8
9
10
11
12
13
18
19
20
4
8
11
13
14
15
17
21
24
27
3
7
8
10
11
13
15
19
21
24
9
12
15
16
18
20
35
43
44
45
31
38
41
42
43
44
45
51
54
55
29
34
36
37
39
41
46
55
57
58
0
15
18
21
23
25
26
29
32
36
3
6
8
9
13
15
45
49
51
52
9
14
16
19
21
23
24
29
32
35
18
24
27
29
30
31
33
37
40
42
7
10
13
16
20
22
27
32
35
39
1
4
6
9
13
17
27
34
36
38
15
21
22
23
24
26
29
36
37
38
1
6
9
12
13
14
21
28
34
37
10
14
16
17
19
20
21
24
26
27
8
12
13
15
16
18
25
30
31
33
8
15
16
17
18
20
21
26
27
28
14
19
22
25
26
27
46
54
58
61
30
36
38
43
45
47
48
53
55
58
35
40
43
46
48
50
51
54
57
60
12
17
19
20
22
23
24
27
29
30
1
9
12
13
14
15
16
21
24
25
0
5
8
9
10
11
16
23
26
27
7
13
15
20
22
24
25
30
32
35
5
11
14
15
16
17
28
36
39
40
7
13
14
15
16
18
20
26
27
28
10
16
17
18
25
27
30
39
40
41
5
8
9
10
13
14
42
49
50
51
5
9
12
15
19
20
44
50
53
56
29
33
34
35
37
38
39
42
45
46
11
16
17
18
20
22
23
35
37
39
2
5
6
7
8
9
37
44
46
47
8
19
22
23
24
25
26
33
38
41
18
24
27
30
31
32
33
37
40
43
1
5
10
13
15
16
20
27
30
33
5
9
12
14
15
16
21
27
30
32
15
19
21
22
24
25
34
47
49
50
1
4
6
7
9
10
24
32
35
36
63
