time_cost:5143ms
ontime_proportion:0.600000
max_delay:36
avg_delay:6.211111
avg_flowtime:31.566667
object function value:4052.222222
0
0
0
0
0
0
0
0
0
0
0
0
0
0
0
0
8
43
56
60
62
0
0
0
0
0
0
0
0
0
0
0
0
0
0
0
0
0
0
1
2
0
0
0
0
0
0
0
0
1
4
0
0
0
0
0
0
13
19
21
24
0
0
0
0
0
0
0
0
3
4
0
12
14
15
16
18
28
41
43
44
0
0
0
0
0
0
29
36
41
42
0
0
0
0
0
0
0
0
1
5
0
0
0
0
0
0
0
0
2
3
0
4
7
10
12
13
14
19
22
25
0
0
0
0
0
1
20
27
29
33
29
39
41
42
43
45
47
60
64
65
0
0
0
0
0
0
0
2
4
7
0
0
0
0
0
1
16
24
27
28
0
0
0
0
1
2
21
27
31
40
0
0
0
0
0
0
0
0
0
1
0
0
0
0
0
0
0
0
2
3
18
28
31
32
33
35
36
46
50
56
0
13
16
18
19
20
24
31
35
38
0
0
0
0
0
0
24
33
36
37
0
0
0
0
5
7
31
49
53
54
2
33
36
37
38
40
41
46
50
51
0
0
0
1
2
3
15
22
24
26
0
0
0
1
3
5
27
37
38
41
0
0
0
3
7
9
38
53
54
57
0
0
0
0
0
2
26
36
39
40
0
1
4
5
6
8
34
40
45
46
0
0
0
0
3
5
36
51
53
54
0
0
0
0
0
0
0
0
0
0
0
0
0
0
0
0
0
30
36
38
0
0
0
0
1
3
31
43
44
47
0
0
0
0
0
0
0
0
0
3
0
0
0
0
0
0
21
28
33
34
0
0
0
0
0
0
0
0
0
1
0
0
0
0
0
0
9
14
17
18
0
0
0
0
0
0
0
0
0
0
0
0
0
0
0
0
0
0
0
5
0
0
0
0
5
7
38
51
54
55
1
4
6
7
8
9
17
22
26
29
14
17
30
33
34
36
38
41
43
46
3
7
10
13
14
16
18
21
23
26
18
28
31
34
36
37
38
43
47
52
0
5
8
12
14
15
16
23
27
31
7
12
18
20
22
23
29
34
39
42
5
10
12
13
14
16
24
35
37
38
6
12
15
18
20
21
29
37
42
46
16
24
27
28
29
31
43
58
62
63
24
30
34
35
36
38
40
45
47
49
15
20
23
24
25
26
29
34
38
39
21
28
30
31
32
33
35
38
40
41
11
15
16
21
22
24
47
57
59
61
5
8
10
12
13
14
49
60
63
64
7
12
15
20
22
24
30
36
42
44
14
19
20
22
23
25
26
33
36
39
4
11
12
14
15
17
19
27
28
30
4
23
26
29
31
32
33
40
44
47
11
17
20
23
25
27
28
33
37
42
10
15
18
20
21
22
24
32
37
39
3
8
11
12
13
15
16
21
24
25
31
43
47
50
52
54
55
58
61
64
4
8
13
16
18
20
21
24
27
32
2
8
11
12
27
29
34
40
45
46
11
18
24
27
28
30
32
35
39
42
4
9
12
15
17
18
19
26
30
33
28
38
41
44
46
47
48
53
56
59
10
20
23
26
28
29
38
54
57
60
9
14
17
18
26
28
31
39
44
45
8
13
15
18
20
22
30
41
43
46
0
4
7
8
9
11
12
16
19
20
5
8
10
11
12
13
15
18
20
21
5
10
12
13
15
17
19
26
30
31
8
12
18
22
24
26
47
56
58
61
0
10
12
13
19
21
42
54
56
57
21
26
28
29
30
31
33
45
49
50
8
14
16
17
18
20
23
31
33
34
23
32
35
38
40
41
42
47
50
54
0
3
5
8
9
11
13
16
20
23
8
12
13
15
17
19
34
50
51
53
0
4
7
8
9
11
12
16
19
21
10
15
18
20
21
22
24
29
34
36
18
22
27
30
32
34
35
38
40
43
24
31
33
36
38
40
41
44
46
49
0
5
8
9
11
13
14
19
22
25
28
36
38
41
42
44
46
51
53
56
3
6
8
11
12
14
16
25
33
37
6
11
13
16
17
19
20
24
25
27
33
49
51
53
54
55
56
61
63
65
21
30
34
36
37
38
44
58
61
63
66
