time_cost:10287ms
ontime_proportion:0.611111
max_delay:27
avg_delay:5.955556
avg_flowtime:33.255556
object function value:3997.407407
0
0
0
0
0
0
0
25
31
34
36
0
0
0
2
3
5
36
46
48
50
0
0
1
2
5
23
33
45
50
51
0
0
0
0
0
0
0
0
2
4
0
0
0
0
0
0
0
0
3
6
0
0
0
0
0
0
0
0
0
0
0
0
2
5
7
10
27
38
41
44
0
0
0
0
0
0
0
0
0
1
0
0
0
1
3
5
22
33
35
40
0
0
0
0
0
0
0
0
1
3
0
2
3
5
6
8
28
37
40
42
0
25
28
31
33
35
37
41
44
48
0
0
0
0
0
0
0
0
0
0
0
0
0
0
1
2
32
45
48
52
0
0
0
0
0
0
0
0
0
1
0
0
0
0
0
0
0
2
12
18
0
0
0
0
0
0
0
0
0
2
0
0
0
0
4
7
28
38
43
47
0
0
0
0
0
0
0
0
0
2
5
8
11
15
16
18
21
28
31
32
0
1
3
4
5
6
31
40
42
43
0
0
0
0
0
26
35
45
48
51
0
0
0
0
0
1
27
37
39
43
0
0
0
0
0
0
0
0
0
0
0
0
0
0
3
4
26
34
37
40
0
0
0
0
0
0
22
29
32
40
0
3
5
6
7
8
10
15
17
18
0
0
0
0
0
0
32
44
48
54
0
0
0
0
2
4
36
47
51
52
0
0
1
2
6
34
41
51
55
56
0
0
0
0
1
3
12
17
18
20
0
0
0
0
1
3
23
32
33
35
0
0
0
0
0
0
21
34
36
37
0
0
0
0
1
3
31
41
44
50
0
0
0
0
0
0
39
49
51
52
0
0
0
0
0
0
0
0
0
0
0
0
0
0
4
6
40
51
54
55
0
0
0
0
0
0
17
24
26
32
0
0
0
0
0
0
13
21
23
28
0
1
4
7
8
9
22
28
31
34
0
5
6
8
10
12
16
21
22
24
2
7
8
10
20
27
40
51
53
55
26
33
35
36
37
38
40
44
47
48
6
11
17
18
26
35
39
51
54
55
0
3
6
9
10
11
29
41
44
47
2
5
6
8
9
11
12
20
21
24
8
13
16
20
22
24
28
37
40
46
18
25
30
32
33
34
36
40
44
46
5
11
13
14
15
16
19
30
32
35
5
9
11
12
13
15
19
26
28
29
0
9
14
16
21
33
35
47
49
51
7
11
13
14
15
16
18
22
24
26
17
24
25
27
29
31
32
44
46
48
11
16
19
21
22
23
25
32
34
36
12
21
24
25
26
28
30
35
38
39
4
11
13
15
18
25
38
48
50
52
3
8
11
15
17
18
20
29
38
41
1
6
9
13
15
16
18
23
27
30
3
8
10
11
12
13
15
19
21
22
2
5
8
11
13
22
32
44
47
53
4
7
8
10
11
13
14
17
18
20
21
26
29
33
35
37
39
42
45
48
9
15
17
18
19
20
25
32
34
35
8
13
16
19
20
21
23
26
29
32
16
25
28
29
30
32
34
39
43
45
0
18
21
23
24
27
42
50
52
54
11
16
18
19
20
21
23
31
33
39
7
12
27
30
32
33
36
48
52
55
10
16
19
22
23
24
28
38
42
44
16
23
26
27
28
32
40
51
54
55
17
24
25
27
28
30
31
35
39
41
8
13
15
16
17
18
24
32
35
36
9
15
17
19
20
22
24
28
30
32
5
9
12
15
16
25
29
42
45
51
0
3
6
9
11
13
15
18
27
37
25
32
35
38
40
42
44
47
50
53
7
12
14
16
17
19
26
36
37
40
3
6
9
12
13
14
16
19
22
25
1
4
5
7
8
11
35
47
48
50
15
22
25
28
30
31
33
38
41
44
8
14
15
17
31
37
41
50
52
54
6
13
16
17
18
20
22
27
32
33
2
5
8
11
12
13
15
20
23
26
19
30
32
34
35
36
38
42
46
50
11
18
20
22
24
26
27
35
36
38
11
21
23
25
26
28
30
36
41
43
11
17
20
23
25
30
35
48
51
54
15
22
25
27
28
30
32
36
38
40
5
10
11
13
15
17
38
50
51
53
13
18
21
24
26
28
30
34
37
42
57
