time_cost:6152ms
ontime_proportion:0.422222
max_delay:37
avg_delay:7.833333
avg_flowtime:40.022222
object function value:6111.851852
0
0
0
0
0
1
3
19
26
30
32
0
0
1
4
6
7
16
23
27
32
0
0
0
0
0
0
18
25
30
33
0
0
0
4
6
7
17
22
26
27
0
0
0
0
0
0
0
0
2
4
0
0
0
0
0
0
28
40
42
45
0
0
0
1
2
5
33
43
48
50
0
4
5
8
10
15
28
41
42
45
0
0
0
0
3
8
22
29
32
35
0
0
0
0
0
0
20
28
31
33
0
0
0
0
4
7
39
48
56
59
0
0
0
0
0
0
0
0
3
5
0
0
0
0
7
12
27
32
38
40
0
0
0
0
0
0
18
25
30
32
0
0
0
0
0
0
0
0
0
3
0
0
0
0
0
0
15
21
24
29
0
0
0
0
3
10
25
30
33
36
0
0
0
0
0
0
0
0
2
4
0
3
4
7
9
10
31
42
43
46
0
0
0
2
4
5
18
24
27
30
0
0
0
2
4
9
24
31
33
36
0
0
0
0
0
0
22
31
35
38
0
3
6
8
10
11
20
26
33
35
0
0
0
1
3
4
20
26
31
32
0
0
0
0
0
0
0
0
0
0
0
0
0
2
5
8
42
51
60
62
0
0
0
0
1
3
30
41
45
48
0
0
0
0
2
3
29
42
45
48
0
0
0
0
0
0
31
43
46
49
0
0
0
0
1
2
20
27
30
31
0
0
0
0
0
5
32
43
48
51
0
0
0
0
2
4
19
26
29
31
0
0
2
6
8
11
26
33
36
41
0
0
0
0
0
1
26
35
37
38
0
0
0
0
4
7
35
45
50
53
0
0
0
0
1
2
18
23
27
32
0
0
0
0
0
2
27
37
39
40
0
0
0
0
0
0
0
1
3
6
0
0
0
0
0
0
16
21
26
29
0
0
0
0
0
0
34
44
49
52
1
4
16
25
27
28
30
34
39
42
11
16
19
22
24
25
28
35
38
41
10
15
17
19
20
21
23
27
29
31
4
8
11
13
15
16
22
29
32
34
9
16
17
20
22
23
37
46
53
56
5
9
12
14
16
17
20
28
32
34
14
21
23
25
26
27
41
49
58
60
9
17
25
28
30
31
37
44
51
54
8
15
16
19
21
22
37
47
54
57
16
23
28
30
31
33
42
50
60
62
1
5
8
10
12
13
23
31
34
40
4
8
10
13
15
21
37
46
54
58
0
5
6
10
14
15
32
39
44
50
0
4
7
9
11
12
20
29
34
36
2
6
9
11
12
14
25
32
36
38
5
10
14
16
17
19
31
36
42
44
1
6
8
10
11
13
28
36
41
43
12
21
25
28
30
31
41
48
57
61
1
6
9
11
14
16
28
35
40
42
11
17
20
22
23
25
36
46
52
54
10
16
19
22
24
26
40
48
57
60
5
10
13
15
17
18
24
32
35
37
14
19
24
26
27
28
32
38
43
45
0
5
6
11
13
14
33
40
44
47
0
6
9
11
13
14
23
32
36
42
9
15
20
22
23
25
31
38
42
44
6
12
15
17
19
20
24
34
37
39
3
11
14
16
18
19
24
35
38
44
17
24
29
30
32
33
34
39
41
46
12
17
22
24
25
30
36
41
47
51
9
14
16
17
19
20
21
24
26
30
5
9
11
16
18
20
33
40
45
50
7
13
16
23
25
26
28
38
41
45
9
13
19
23
25
26
35
40
47
53
5
9
12
19
21
22
24
28
31
34
15
20
25
26
30
33
40
45
51
52
12
17
22
24
28
30
37
42
50
52
14
19
24
25
31
34
41
47
54
55
4
8
10
13
15
17
36
42
48
51
14
20
22
25
26
28
43
51
60
62
8
14
18
21
23
24
27
37
40
46
10
17
22
25
28
32
38
46
52
54
8
13
17
24
26
31
38
43
49
54
3
19
24
27
29
35
45
53
62
65
6
11
13
16
20
23
37
44
52
55
12
18
22
27
32
36
45
53
62
65
16
22
28
30
31
34
44
52
62
64
6
12
14
26
30
33
40
45
52
55
13
19
21
23
27
29
46
55
65
67
16
22
27
29
33
37
46
54
64
66
68
