time_cost:11240ms
ontime_proportion:0.577778
max_delay:34
avg_delay:7.844444
avg_flowtime:33.166667
object function value:4327.777778
0
0
0
0
0
0
0
34
46
49
52
0
0
0
0
0
0
24
36
39
43
0
0
0
0
0
0
24
32
35
40
0
0
0
0
0
0
20
31
32
34
0
0
0
0
0
0
0
0
0
2
0
0
0
0
0
0
34
45
47
48
0
0
0
0
0
1
21
24
38
40
0
0
0
2
4
6
11
16
18
20
0
0
0
0
0
0
0
0
0
0
0
0
0
0
0
0
0
0
1
3
0
0
0
0
2
4
34
46
49
54
0
0
0
0
0
0
40
49
53
56
0
0
0
0
0
2
34
44
47
50
7
13
16
18
20
22
24
29
31
33
0
0
0
0
0
0
19
31
34
37
0
2
4
6
7
8
32
44
46
51
0
0
0
0
0
0
0
0
1
3
0
3
4
6
7
9
38
52
53
56
0
0
0
0
0
0
0
0
0
0
0
0
0
0
0
0
0
0
0
4
0
0
0
0
2
4
31
41
44
47
0
0
0
0
0
0
0
0
2
4
0
0
0
0
1
3
25
37
42
44
0
1
3
4
5
6
19
28
36
37
0
0
0
0
0
0
15
25
28
31
25
37
40
42
44
46
48
53
55
57
0
0
0
0
2
3
33
45
48
51
0
0
0
0
3
5
41
55
56
58
0
0
0
0
0
0
0
1
3
5
0
0
0
0
0
0
0
0
0
1
0
0
0
0
0
2
32
45
46
48
0
2
4
6
8
10
44
58
60
62
0
0
0
0
0
0
40
55
57
59
0
2
4
6
8
10
14
22
25
27
0
0
0
0
1
2
12
17
20
22
0
0
0
0
0
0
0
0
0
2
0
0
0
0
0
0
0
0
0
1
0
0
0
0
0
0
0
0
0
0
0
0
0
0
0
0
0
0
0
0
0
4
6
8
9
11
23
35
37
39
3
7
9
11
12
13
15
19
21
23
25
38
41
42
43
45
47
52
55
56
2
5
16
19
20
21
23
26
29
32
1
5
7
9
10
12
14
21
23
25
2
5
8
15
17
19
21
24
28
31
9
13
15
16
19
23
28
38
40
41
7
10
13
16
17
18
20
27
30
33
10
17
19
21
22
23
31
43
46
48
5
9
11
13
14
15
18
27
31
33
12
22
25
31
33
35
37
40
43
52
10
17
19
21
23
25
27
36
38
45
6
10
13
14
15
27
35
49
54
55
30
39
41
42
43
44
46
50
52
54
4
10
13
14
15
17
19
24
34
35
7
12
13
15
17
19
20
26
27
29
3
6
7
9
10
12
13
16
17
19
4
9
10
12
13
15
16
19
20
22
18
30
33
38
40
41
43
48
51
54
8
14
22
23
25
28
37
52
54
55
0
15
18
22
23
25
27
34
36
38
1
4
7
10
12
14
16
20
23
26
1
19
22
25
27
29
31
35
38
41
7
12
15
18
20
21
23
28
31
34
9
13
16
18
21
23
24
33
34
36
8
15
18
20
23
25
30
39
42
46
17
23
26
28
29
31
37
45
51
53
16
30
33
34
35
37
39
49
52
53
10
14
27
30
31
32
43
56
59
62
13
23
26
29
31
33
35
40
44
47
2
7
12
13
26
29
36
47
50
51
4
9
11
13
15
17
19
24
26
28
16
27
30
31
32
34
36
42
45
46
12
16
19
22
24
26
28
32
35
38
3
6
9
12
14
16
18
21
24
27
22
33
36
39
41
42
44
49
52
56
6
13
14
20
27
32
41
57
58
60
13
20
23
26
28
30
32
42
46
49
27
36
39
42
44
46
48
52
55
58
30
41
42
44
45
47
48
51
52
55
0
3
9
12
13
14
16
19
22
25
30
39
42
45
47
49
51
56
59
62
33
43
45
46
47
48
50
54
58
59
3
8
10
15
17
19
35
47
49
51
12
18
21
24
26
27
29
34
37
40
9
14
17
18
19
21
23
29
32
35
15
30
33
36
38
39
41
46
49
52
12
17
20
21
22
24
26
33
36
37
4
7
12
15
16
17
28
39
42
47
5
10
13
16
18
20
22
25
28
33
5
11
14
23
25
27
29
42
44
47
64
