time_cost:2012130ms
ontime_proportion:0.744444
max_delay:34
avg_delay:4.244444
avg_flowtime:29.233333
object function value:2530.000000
0
0
0
0
0
0
0
0
4
6
7
0
0
0
0
0
0
0
0
2
5
0
2
3
5
6
8
16
21
24
26
0
0
0
0
0
0
7
12
16
18
0
0
0
0
0
0
0
0
0
1
0
0
0
0
0
0
0
0
1
4
0
3
8
9
10
11
34
44
47
48
0
1
7
10
13
14
45
53
56
59
0
0
0
1
3
4
17
20
23
32
0
0
0
0
1
2
12
17
20
25
0
0
0
0
2
3
18
23
26
27
0
0
0
0
0
0
1
3
5
20
0
1
4
8
12
14
21
26
29
32
0
2
3
4
5
7
31
36
37
38
0
0
0
0
0
2
16
22
23
24
0
0
0
0
4
5
20
25
28
29
0
0
1
2
3
5
6
11
12
13
0
0
0
0
0
0
28
32
35
38
0
0
0
0
0
0
0
0
0
0
0
0
0
0
0
0
0
3
5
10
0
0
0
0
0
0
0
0
0
3
0
0
0
0
0
0
0
0
0
0
0
0
0
0
0
0
0
0
0
0
0
0
0
0
0
0
0
0
0
5
0
0
0
0
0
0
0
0
1
2
0
6
9
10
12
13
45
51
53
54
0
0
0
0
0
0
14
22
24
27
0
0
0
0
3
5
18
23
24
25
0
0
0
0
0
0
28
32
34
36
0
0
0
0
0
1
21
27
30
33
0
0
3
6
7
8
30
35
38
41
0
0
0
0
0
0
0
0
1
2
0
0
0
0
7
9
48
58
60
61
0
0
0
0
0
1
16
21
23
24
0
0
0
0
0
0
0
0
0
11
0
0
0
0
1
3
16
21
25
26
0
0
0
0
5
7
39
42
44
45
0
0
0
0
0
0
0
0
0
0
0
0
0
0
0
0
17
24
27
28
0
0
0
0
0
0
0
1
5
6
5
8
13
16
18
20
34
38
41
44
14
22
24
25
27
29
36
40
42
43
11
16
17
18
19
21
26
31
32
33
2
5
7
8
9
10
18
23
25
27
23
31
33
34
36
38
42
46
48
49
3
6
8
9
11
12
32
39
41
42
25
29
31
32
34
36
49
58
60
61
1
6
7
8
9
11
21
26
27
28
11
14
16
17
20
21
33
37
39
40
17
26
29
30
31
32
39
47
50
51
7
15
18
19
21
22
43
50
53
54
12
18
20
23
25
27
34
41
43
46
7
10
11
12
15
17
22
27
28
29
12
18
21
23
24
25
27
31
34
36
5
9
10
12
13
15
21
28
29
31
11
14
15
16
17
18
37
41
42
43
22
27
30
31
32
33
40
48
51
52
36
42
44
45
47
49
50
56
58
59
0
6
9
12
14
16
19
24
27
30
15
20
22
24
26
28
48
56
59
60
2
9
11
14
21
23
39
44
46
49
5
10
13
15
16
17
22
29
32
35
4
8
12
15
17
19
29
35
38
41
1
6
8
9
11
12
15
20
23
29
6
11
12
14
15
17
28
35
36
37
14
18
21
24
25
26
27
31
34
37
9
13
15
16
18
19
20
24
26
27
8
12
14
16
17
19
35
39
40
42
2
7
8
9
10
12
16
22
25
27
12
17
20
23
24
25
47
53
56
60
0
12
16
19
23
25
42
50
52
55
26
33
36
39
41
43
44
47
50
53
18
22
24
25
27
28
29
34
36
37
7
12
15
19
20
21
26
36
39
40
2
7
10
11
12
13
29
36
39
41
9
14
16
19
21
23
24
29
32
38
5
11
14
18
19
20
25
34
37
38
6
11
12
13
14
16
23
28
29
30
0
5
6
7
8
10
11
16
17
18
8
11
13
14
16
17
31
34
35
36
11
15
18
21
22
23
39
44
47
50
5
8
9
10
11
12
39
43
45
46
0
5
7
8
16
18
31
38
39
40
2
5
6
7
8
9
27
30
31
34
10
15
18
21
22
23
30
37
40
41
14
18
23
26
28
29
48
57
60
63
10
15
18
22
23
24
25
32
35
39
24
29
32
34
35
36
44
52
55
57
21
24
26
27
29
30
47
55
57
58
3
8
10
18
20
21
23
29
31
34
64
