time_cost:2243931ms
ontime_proportion:0.822222
max_delay:23
avg_delay:1.355556
avg_flowtime:25.933333
object function value:1642.222222
0
0
0
0
0
0
0
0
0
0
0
0
0
0
0
0
0
12
18
19
20
0
5
6
7
8
10
22
27
28
29
0
2
4
5
7
8
21
24
26
27
0
0
0
0
0
2
17
22
23
24
0
0
0
0
2
4
13
17
20
21
0
0
0
1
2
4
21
24
25
26
0
0
0
0
0
0
18
21
23
24
0
0
0
0
0
0
0
0
2
4
0
0
0
0
0
0
11
14
16
18
0
0
0
0
0
0
8
15
19
20
0
0
0
0
0
0
0
0
0
1
0
0
0
0
0
0
20
25
26
30
0
0
0
0
0
0
0
0
0
0
0
0
0
0
0
0
0
3
4
16
0
0
0
0
0
0
0
9
13
14
0
0
0
0
0
0
1
3
4
7
0
0
0
0
0
5
27
32
33
34
0
0
0
0
0
0
0
0
1
5
0
0
0
0
0
2
16
19
21
29
0
0
0
0
0
0
0
0
1
12
0
0
1
2
3
5
17
24
25
26
0
0
0
0
2
4
24
29
31
33
0
0
2
4
5
6
25
30
32
34
0
0
0
3
4
6
13
18
20
23
0
0
0
0
0
2
18
23
24
26
0
0
1
2
5
7
17
22
23
24
0
2
5
6
8
10
17
21
24
25
0
0
0
0
0
0
0
0
2
4
0
2
3
4
10
12
27
32
33
35
0
0
0
0
0
0
0
0
0
1
0
2
4
6
7
9
24
27
29
31
0
0
0
0
1
2
14
19
20
23
0
0
0
0
0
0
0
0
0
0
0
0
0
1
3
5
28
31
34
36
0
0
0
0
1
3
13
16
18
20
0
0
0
0
0
0
0
0
0
0
0
0
0
0
0
0
0
1
3
5
0
1
2
3
5
7
27
31
32
36
0
0
0
0
0
0
0
0
0
0
8
13
14
15
16
18
20
26
27
28
19
23
24
25
26
27
31
35
36
38
14
19
21
23
24
26
30
33
35
37
14
17
18
19
21
23
25
28
29
30
0
3
4
5
6
8
10
13
14
15
9
14
16
19
20
22
25
31
33
36
10
14
15
16
17
18
29
33
34
35
3
6
8
10
11
13
22
25
27
31
12
17
19
21
23
24
33
38
40
42
13
16
17
18
19
21
22
25
26
27
5
9
10
11
12
13
32
36
37
38
4
8
9
10
12
14
22
26
27
30
5
10
12
14
15
16
28
33
35
37
19
23
24
25
26
27
30
35
36
37
8
13
15
17
18
19
29
35
37
39
16
20
23
24
26
28
30
34
37
39
12
17
24
26
27
28
35
40
42
44
21
25
26
27
29
31
33
37
38
39
16
19
20
21
22
24
32
35
36
37
24
28
29
30
31
32
36
40
41
42
2
6
9
10
12
15
35
39
42
43
23
27
28
29
30
31
34
38
39
41
7
12
14
16
17
18
19
24
26
28
3
7
8
9
11
14
33
37
38
39
23
27
30
31
33
35
39
43
46
47
6
9
11
13
14
17
30
33
35
37
9
12
14
16
18
20
38
41
43
45
2
6
9
10
13
21
40
44
47
49
4
8
9
10
11
12
33
37
38
39
3
8
10
11
13
15
31
36
37
38
5
10
12
15
18
20
37
42
44
47
15
18
19
20
21
23
39
42
43
44
11
16
17
20
21
22
40
45
46
49
3
8
9
12
20
25
41
46
47
50
27
31
32
33
34
35
37
41
42
43
25
30
31
32
33
35
37
42
43
44
6
10
11
12
15
29
44
48
49
50
25
30
32
34
35
37
38
43
45
48
10
15
16
19
24
29
42
47
48
51
6
9
11
13
14
16
17
20
22
26
2
6
7
9
10
11
34
38
39
41
1
4
6
7
9
10
34
37
39
40
6
11
12
13
16
20
37
43
44
45
26
29
31
33
35
37
38
41
43
46
1
5
6
7
9
11
17
21
24
25
0
4
5
6
7
17
41
45
46
47
31
36
38
40
41
42
43
48
50
52
9
14
16
18
20
21
42
47
50
52
8
11
13
14
16
17
36
43
45
46
0
5
13
17
18
20
36
41
43
46
53
