time_cost:2979172ms
ontime_proportion:0.666667
max_delay:33
avg_delay:5.855556
avg_flowtime:31.322222
object function value:3377.407407
0
0
2
4
6
7
9
33
42
44
46
0
0
0
0
0
0
0
0
0
0
0
0
0
0
0
0
0
1
3
5
0
0
0
0
0
0
0
0
0
1
0
0
0
0
0
0
10
15
18
20
0
0
0
0
0
0
0
1
3
5
0
0
0
0
0
0
8
13
16
18
0
0
1
3
5
7
23
28
30
32
0
0
0
0
0
0
0
0
0
0
0
0
0
0
0
0
0
0
0
1
0
0
0
2
4
6
17
22
25
27
0
0
1
2
3
5
11
19
22
25
0
0
0
0
1
3
9
13
17
19
0
0
0
0
0
0
0
0
0
0
0
0
0
0
0
0
0
0
0
2
0
3
5
6
7
11
46
58
61
62
0
0
0
0
0
0
0
0
0
2
0
0
1
4
5
6
28
37
40
43
0
0
0
0
0
0
0
0
2
7
0
0
0
0
0
1
15
22
24
28
0
2
5
6
7
8
19
23
25
28
0
0
0
0
2
4
16
21
23
25
0
0
0
0
0
0
0
0
0
0
0
0
0
0
0
0
29
34
37
40
0
0
0
0
0
0
23
28
31
34
0
4
6
8
9
10
18
24
26
28
0
0
0
0
0
0
0
1
2
4
0
0
0
0
0
3
16
20
23
26
0
0
0
0
1
2
24
31
33
35
0
0
0
0
0
1
34
45
47
49
0
0
0
0
0
0
0
0
0
1
0
0
0
0
0
4
25
29
31
32
0
0
0
0
1
2
22
26
29
32
0
0
0
0
0
0
12
18
26
31
0
0
1
4
6
7
45
55
58
61
0
0
0
0
0
0
19
24
26
27
0
0
0
0
0
0
26
32
34
35
0
0
0
0
0
1
45
57
59
61
0
0
0
0
0
0
0
0
0
0
0
0
0
0
0
0
10
15
18
19
15
20
22
24
26
28
30
37
39
41
19
25
28
29
30
33
35
44
47
48
13
16
19
22
24
29
31
35
39
42
17
21
24
27
28
29
31
34
38
41
5
9
11
12
14
40
43
54
56
57
16
19
20
22
25
27
42
52
56
58
12
20
22
24
29
32
34
43
45
47
3
8
10
12
13
14
25
35
37
39
0
4
6
7
8
9
47
58
61
62
0
5
6
8
10
12
27
34
35
37
20
24
26
27
29
34
38
47
49
50
3
7
9
11
14
16
39
52
54
56
29
40
42
44
46
48
50
56
59
61
5
10
12
14
16
18
20
26
28
30
4
8
10
11
12
13
22
27
29
30
0
5
7
9
16
23
42
53
55
57
6
11
12
15
17
19
20
25
27
30
0
3
6
9
11
13
24
31
34
37
16
21
23
24
26
27
30
37
39
40
14
17
20
23
25
27
29
33
36
39
17
22
25
26
27
30
32
39
41
42
6
12
14
16
18
20
25
30
32
34
12
15
18
21
23
25
27
33
36
39
2
6
9
12
14
16
32
37
40
46
2
7
10
11
12
15
28
38
43
44
20
24
27
30
31
35
39
47
50
53
1
5
7
11
13
15
34
40
42
44
9
12
14
16
17
19
21
27
29
31
7
12
16
17
19
21
37
49
52
53
11
16
19
22
24
25
27
32
35
40
4
13
15
17
18
19
24
29
31
33
7
10
13
18
21
23
36
44
47
51
11
19
21
26
28
30
32
39
42
46
3
9
13
17
19
22
26
31
34
37
16
22
24
25
32
41
47
58
61
62
20
28
32
35
37
38
40
50
53
58
1
6
9
10
11
13
33
40
44
45
7
14
16
18
19
21
25
36
41
43
8
11
12
14
15
17
19
24
27
29
22
26
29
32
33
36
42
49
52
55
15
19
21
24
25
27
29
41
43
45
5
9
11
18
20
23
32
38
40
42
5
12
15
18
20
21
25
30
33
36
5
10
12
14
21
37
42
53
57
59
10
15
17
19
32
39
45
55
57
59
11
17
23
26
28
31
33
41
44
47
1
6
8
10
11
12
38
47
49
51
0
3
4
6
7
9
23
26
27
29
15
18
19
21
22
24
30
36
37
39
9
14
16
18
21
25
34
41
43
45
63
