time_cost:2829064ms
ontime_proportion:0.722222
max_delay:33
avg_delay:3.488889
avg_flowtime:31.622222
object function value:2831.851852
0
0
0
0
0
0
0
0
0
0
0
0
0
0
0
0
0
0
0
2
3
0
0
0
1
2
4
10
15
17
18
0
0
0
0
0
0
0
1
3
4
0
0
0
0
0
0
0
3
6
7
0
0
0
1
2
4
18
23
26
28
0
2
5
6
7
9
35
41
44
45
0
0
0
2
4
6
20
24
26
28
0
0
0
1
3
5
22
27
30
31
0
0
0
2
3
6
28
34
37
38
0
0
0
1
2
3
21
25
27
28
0
0
0
0
0
0
11
19
22
26
0
0
0
0
0
2
27
31
36
38
0
0
0
0
0
2
23
29
32
33
0
0
0
0
0
1
14
20
23
25
0
0
0
0
0
0
0
0
0
0
0
0
0
0
0
0
5
8
10
12
0
0
0
0
0
1
29
33
45
48
0
0
0
0
0
0
0
0
0
0
0
0
0
0
0
0
0
1
3
6
0
0
0
0
0
0
0
0
1
4
0
0
0
0
0
0
20
24
26
29
0
0
0
0
0
0
28
34
36
38
0
0
0
0
1
3
29
32
36
37
0
0
0
0
0
0
0
1
3
5
0
0
0
0
0
0
0
1
3
6
0
0
0
0
0
0
19
22
25
26
0
3
7
10
11
13
23
27
29
32
0
0
0
0
5
7
31
34
49
54
0
0
0
0
0
0
23
29
31
32
0
0
0
0
0
0
26
30
32
35
0
0
0
0
8
10
36
41
45
46
0
0
0
0
2
3
33
38
45
48
0
0
2
5
6
8
32
35
37
40
0
0
1
3
4
5
16
24
26
28
0
0
0
0
0
0
0
0
1
3
0
3
8
11
18
20
26
32
34
38
0
0
0
0
0
0
16
22
25
26
0
0
0
0
0
0
0
0
0
0
0
0
0
0
0
0
0
0
1
2
8
14
17
20
22
24
31
39
42
45
14
20
23
25
27
29
46
53
56
58
0
4
5
7
8
10
15
19
20
22
0
4
5
8
10
12
32
37
38
41
1
5
6
9
11
13
16
22
28
31
4
9
11
12
13
15
50
56
61
62
17
22
23
26
33
35
46
54
56
58
10
14
15
17
18
20
25
30
34
36
0
6
8
11
12
14
38
46
49
50
19
25
31
34
35
37
47
53
56
59
17
20
22
23
26
27
38
42
44
45
0
5
9
10
18
21
29
36
38
39
13
17
19
24
26
28
29
34
36
39
5
10
12
13
14
16
19
26
28
29
22
26
29
30
31
33
34
38
41
43
8
12
15
18
20
22
35
40
42
45
10
13
15
16
20
24
32
37
39
40
4
9
12
13
14
16
41
48
51
52
16
20
22
25
26
28
32
37
39
42
22
27
30
33
35
36
42
50
53
57
9
14
18
19
22
24
42
48
52
53
13
17
20
21
28
31
43
51
55
56
14
19
20
23
25
27
33
44
46
49
9
13
14
16
17
19
21
25
28
32
1
6
8
9
10
12
37
44
48
49
5
9
10
13
15
17
19
23
24
27
11
16
19
20
32
34
47
56
61
62
2
30
33
36
38
39
40
45
52
55
1
5
6
12
30
32
47
55
58
61
7
11
14
15
16
18
25
31
34
36
16
21
23
26
37
40
50
55
59
62
1
5
6
8
9
11
19
23
31
33
5
11
12
14
15
17
24
29
30
33
13
17
19
20
21
22
24
28
30
31
19
23
25
26
27
29
39
46
49
50
1
5
7
8
9
10
30
36
38
39
11
17
20
23
25
26
27
34
37
40
14
19
21
23
24
25
27
38
40
42
6
12
14
15
16
18
38
44
48
50
11
14
16
19
28
30
45
51
53
56
3
8
10
12
13
15
24
30
32
34
14
17
19
22
24
26
32
36
39
42
3
8
11
12
13
15
20
26
29
30
4
7
12
13
17
19
28
32
34
35
5
10
13
14
22
25
32
41
44
45
8
12
14
18
23
26
34
39
41
44
9
15
17
18
19
21
25
32
35
36
9
14
17
18
20
23
29
38
41
42
7
10
12
15
21
23
43
48
50
53
21
25
26
29
36
38
48
55
58
61
63
