time_cost:10494ms
ontime_proportion:0.555556
max_delay:32
avg_delay:4.800000
avg_flowtime:35.777778
object function value:4637.037037
0
0
0
0
1
2
4
21
32
36
37
0
0
0
0
1
3
26
32
35
36
0
0
0
0
0
0
0
0
0
0
0
0
0
0
0
0
16
23
25
27
0
0
0
0
0
0
0
0
0
0
0
0
0
0
0
0
0
0
0
1
0
0
0
0
0
0
0
0
0
1
0
0
0
0
2
4
16
24
26
31
0
0
0
0
0
0
0
0
3
4
0
0
2
3
4
6
25
31
34
35
0
0
1
4
6
8
17
25
27
32
0
0
0
0
0
0
0
0
0
0
0
0
0
0
0
2
23
34
37
40
0
0
1
3
4
5
21
29
31
33
0
0
0
0
0
0
0
2
33
36
0
0
0
0
0
0
0
0
0
3
0
0
0
0
0
1
24
27
29
31
0
0
0
0
0
0
0
0
0
0
0
0
1
3
5
7
25
31
33
35
0
0
0
0
2
4
19
25
30
31
0
0
0
0
0
0
29
34
36
39
0
2
5
8
10
11
20
26
36
39
0
0
0
0
0
0
0
0
3
6
0
0
0
0
0
1
31
37
40
41
0
0
0
0
0
0
15
28
31
36
0
0
0
0
0
0
0
0
3
6
0
0
0
3
4
6
27
35
40
43
0
0
0
0
0
0
32
43
46
49
0
0
0
0
0
0
42
49
53
56
0
0
0
0
0
0
0
35
37
41
0
0
0
0
0
0
33
39
42
43
0
1
3
6
8
10
31
36
39
42
0
0
0
0
1
2
15
23
25
28
0
0
0
0
0
0
0
1
39
42
0
0
0
0
0
0
31
40
43
44
0
0
0
0
0
0
0
0
0
0
0
3
6
7
8
10
30
40
43
44
0
0
0
0
3
5
30
38
41
44
0
0
0
0
0
0
0
21
34
43
0
0
0
0
0
0
3
6
7
10
4
10
13
16
18
20
29
35
43
46
7
12
15
16
26
28
45
53
59
60
16
20
21
23
24
26
27
31
32
34
0
5
8
11
13
14
19
30
33
36
1
5
6
9
11
13
37
43
44
47
8
13
16
19
22
24
25
28
30
33
4
8
9
12
16
18
35
42
44
47
7
12
14
15
16
18
24
29
31
32
10
14
20
26
27
29
35
45
47
50
1
6
19
22
27
29
42
47
54
57
1
4
6
9
11
13
32
37
47
50
1
6
9
15
17
18
19
31
36
39
16
21
24
25
29
31
40
46
50
51
6
13
16
20
24
26
28
33
34
37
5
10
13
16
18
19
20
34
37
41
5
10
13
16
18
19
23
37
40
44
12
17
20
21
35
37
46
55
59
61
15
20
23
24
35
37
45
53
61
62
5
9
12
15
22
24
38
44
47
55
0
20
23
27
30
32
34
44
49
50
15
20
23
24
25
27
28
36
39
40
8
13
16
18
19
20
21
26
28
30
1
4
6
11
13
15
31
42
44
48
4
10
22
25
28
30
39
45
54
58
17
23
26
27
31
33
41
48
52
53
5
10
13
19
24
25
26
37
44
47
2
7
10
13
15
16
35
42
46
52
10
15
17
19
20
21
23
29
31
33
9
14
16
17
18
20
28
33
35
36
1
4
19
22
25
27
35
43
51
54
14
19
22
23
37
39
48
56
60
61
20
24
27
29
39
41
49
56
60
61
12
18
27
29
30
32
44
52
57
59
11
16
18
19
20
22
32
40
42
43
10
15
18
19
20
22
24
29
31
33
19
23
26
28
31
33
42
49
53
54
7
14
15
20
23
25
39
45
50
53
5
8
10
13
15
17
20
33
43
46
11
17
20
21
28
30
33
45
50
51
8
12
25
28
33
35
45
51
56
59
13
18
22
23
26
28
29
39
42
44
17
22
28
30
37
39
46
54
57
59
10
17
21
22
31
33
35
47
50
51
11
16
18
19
21
23
34
41
43
44
5
8
19
24
29
31
32
43
47
57
10
15
19
20
22
24
26
31
33
35
2
7
10
13
15
16
37
45
49
52
20
26
29
30
39
41
50
58
61
62
7
10
23
26
33
35
43
51
59
62
13
16
19
20
21
22
24
27
29
30
63
