time_cost:10076ms
ontime_proportion:0.555556
max_delay:27
avg_delay:6.222222
avg_flowtime:33.344444
object function value:4555.925926
0
0
0
0
0
0
0
41
49
50
51
0
0
0
2
3
4
17
24
27
29
0
0
1
3
4
5
10
17
20
22
0
0
2
3
4
6
24
35
39
40
0
0
0
0
0
0
0
2
3
4
0
0
0
0
0
0
0
0
0
0
0
0
0
3
5
6
44
50
52
55
0
0
0
0
2
3
32
40
42
44
0
0
0
0
0
0
0
0
0
1
24
29
32
34
35
36
38
45
48
50
0
0
0
0
0
0
30
40
43
46
0
0
0
0
0
1
33
38
39
40
0
0
1
2
3
4
36
42
43
45
0
0
0
0
1
8
38
49
52
54
7
12
25
28
30
32
34
43
45
48
0
0
0
0
0
0
0
0
2
5
0
3
6
8
9
10
31
39
42
44
0
0
0
0
9
12
39
51
52
56
0
0
0
0
5
7
33
44
45
46
0
0
0
1
4
6
42
49
51
52
5
8
9
11
12
13
15
18
19
22
0
0
0
0
0
0
0
0
0
0
0
0
0
0
0
1
20
26
30
31
0
0
0
0
0
0
36
47
49
50
0
0
0
0
0
0
0
35
38
39
10
13
15
19
21
22
23
27
29
30
0
0
0
0
0
0
0
0
0
5
0
0
0
0
0
1
27
35
38
39
0
0
0
0
0
0
0
1
10
13
0
0
0
1
5
7
33
42
44
49
0
0
0
0
0
0
0
0
1
2
0
0
0
0
0
0
15
23
26
27
0
0
0
0
0
0
0
0
0
0
0
0
0
0
1
2
29
38
41
43
0
0
0
0
2
4
28
35
37
38
0
0
0
0
0
0
14
24
27
30
0
0
0
0
1
3
24
37
38
39
0
0
0
0
0
0
0
0
1
2
0
0
0
0
0
0
21
32
35
38
0
0
0
0
0
0
42
50
52
53
9
14
17
20
21
22
23
27
30
33
13
20
22
23
24
25
26
30
31
32
8
13
16
17
18
20
38
48
51
52
20
23
24
25
26
27
28
31
32
33
6
11
13
16
18
20
23
29
31
34
19
27
30
31
32
33
35
46
49
50
0
4
5
7
8
10
35
45
46
48
10
14
17
21
22
23
35
42
45
48
21
29
32
35
37
39
40
43
46
49
21
35
37
40
42
44
45
50
52
55
5
9
12
14
17
18
24
32
35
37
14
17
20
23
27
29
39
45
48
52
3
6
9
10
12
14
29
38
40
41
20
30
33
34
35
36
37
46
49
50
2
9
10
11
12
14
37
48
50
51
2
6
9
12
14
16
17
22
26
29
6
11
14
17
19
21
32
41
44
50
29
40
41
42
43
45
46
53
54
55
8
13
14
15
16
18
19
24
28
31
0
3
6
9
11
13
14
18
27
32
9
16
23
26
28
30
31
39
41
44
13
16
17
21
22
23
25
32
33
34
4
8
14
17
18
19
34
44
47
50
1
4
7
12
14
16
17
21
24
27
0
4
7
10
11
12
13
17
20
23
5
12
13
14
16
18
29
38
39
40
7
10
12
13
15
16
28
33
36
37
4
10
12
15
17
19
20
25
29
34
12
18
20
23
25
27
28
33
35
38
1
7
8
9
10
11
13
21
22
23
1
5
15
18
19
20
25
30
34
37
3
9
12
14
16
17
34
41
42
43
17
20
23
26
28
30
31
35
38
43
9
14
16
18
20
22
39
49
51
52
4
8
11
14
15
16
17
21
24
28
8
14
15
17
19
21
36
47
48
49
14
19
22
25
26
27
33
41
44
46
11
20
23
26
27
28
29
50
53
56
20
25
28
30
32
34
44
52
53
55
9
15
18
21
25
27
29
37
40
43
3
7
10
12
13
14
16
27
30
32
0
6
9
10
11
12
16
26
29
30
18
24
27
28
29
30
31
37
40
41
24
32
35
36
37
38
39
44
47
48
10
15
18
23
30
32
39
48
50
54
5
10
11
13
23
25
42
52
53
54
2
5
6
7
8
9
16
22
23
24
4
11
14
15
16
17
18
23
26
27
13
20
21
22
23
25
26
31
32
33
0
3
5
6
8
9
26
33
35
36
57
