time_cost:10884ms
ontime_proportion:0.566667
max_delay:29
avg_delay:5.466667
avg_flowtime:37.355556
object function value:4578.518519
0
0
3
6
7
9
11
24
37
40
41
0
0
0
0
0
0
0
0
0
0
0
0
0
0
0
0
20
26
31
34
0
0
0
2
6
9
19
37
40
41
0
0
0
0
2
4
26
31
32
34
0
0
0
0
0
0
0
0
0
0
0
0
0
0
0
0
14
25
28
33
0
0
0
0
0
0
0
0
0
7
0
0
0
0
0
1
24
38
40
41
0
0
0
1
3
5
25
30
32
34
0
0
0
3
5
6
12
23
26
29
0
0
0
0
0
20
30
43
45
46
0
0
0
0
0
2
30
43
45
46
0
0
0
0
0
1
26
29
40
42
0
0
0
0
0
0
0
0
0
0
0
0
0
0
0
0
0
0
0
1
0
0
0
2
10
13
25
40
43
45
0
0
0
0
0
0
1
21
24
26
0
0
0
0
0
0
13
23
25
27
0
0
1
3
5
7
15
29
31
36
0
2
5
6
7
9
35
40
43
44
0
0
0
0
0
0
23
26
38
41
0
0
0
0
1
3
34
39
42
43
0
1
3
5
8
11
19
32
34
36
0
0
3
6
7
8
18
29
46
49
0
0
0
0
0
0
0
21
24
26
0
0
0
0
0
0
0
0
0
0
0
3
6
7
9
11
35
40
44
45
0
0
0
0
0
0
0
2
4
13
0
0
2
5
7
9
23
28
30
32
0
0
0
2
4
6
39
44
45
47
0
14
17
18
19
21
34
47
51
52
0
0
0
0
0
0
0
0
0
0
0
0
0
0
3
5
20
31
32
34
0
0
0
0
0
0
36
50
53
54
0
0
0
0
0
0
0
0
1
3
0
0
0
0
2
4
15
23
26
29
0
0
0
0
0
0
21
32
33
37
0
0
0
0
0
0
23
33
35
37
0
0
0
0
2
3
12
26
29
32
8
12
19
22
26
28
39
46
50
53
8
13
21
23
29
31
40
45
48
50
3
7
10
12
14
16
20
34
36
38
2
5
8
11
13
15
17
26
41
44
3
9
12
15
17
18
29
40
48
51
5
8
11
14
16
18
22
25
41
44
2
7
10
13
15
16
21
34
42
45
5
8
11
14
16
18
29
40
49
52
20
24
27
29
31
33
37
43
47
49
19
23
27
29
33
35
40
45
47
49
0
5
7
9
11
13
25
32
34
38
7
14
15
17
20
22
30
35
36
38
8
13
15
17
19
21
28
33
34
36
8
17
19
21
22
23
25
33
35
39
3
9
12
15
17
19
23
29
44
47
3
11
13
15
18
20
26
32
34
42
11
18
21
23
29
32
42
47
49
51
11
16
17
19
21
23
31
36
37
39
6
17
20
22
25
27
42
49
52
53
11
19
21
24
25
26
28
36
38
40
5
10
14
17
24
26
36
42
45
54
11
21
23
24
25
27
31
43
45
48
16
20
23
25
27
36
43
49
53
55
10
19
23
24
26
28
32
45
47
48
0
3
5
7
8
10
17
28
29
31
4
11
14
17
18
22
32
45
52
55
6
15
18
21
27
30
41
48
51
52
20
24
27
29
35
40
46
51
53
55
9
19
21
23
24
25
27
35
37
41
6
11
14
18
19
32
35
48
52
55
2
7
8
10
15
17
20
32
33
36
12
18
23
25
31
34
40
46
52
54
12
17
19
21
23
25
30
35
36
49
17
22
29
31
37
41
47
52
55
57
7
17
19
21
22
24
26
35
37
40
7
15
20
23
27
34
37
52
55
57
0
5
7
11
13
15
29
37
39
51
1
4
7
10
12
14
16
29
41
44
3
8
11
14
17
31
35
50
54
57
1
6
9
12
14
17
36
43
49
58
11
16
17
19
22
24
31
36
38
40
0
14
17
20
21
30
34
47
50
53
7
12
15
18
20
33
36
51
55
58
17
24
26
27
28
29
33
37
41
42
16
22
25
27
35
38
44
52
55
57
8
17
22
25
26
29
32
45
47
49
16
20
22
24
33
36
44
51
54
56
15
20
25
28
37
40
47
53
57
59
13
22
24
26
36
38
46
53
57
59
20
25
29
32
38
42
48
54
56
58
60
