time_cost:1563987ms
ontime_proportion:0.788889
max_delay:28
avg_delay:2.555556
avg_flowtime:28.277778
object function value:2053.703704
0
0
0
0
0
0
2
3
11
14
16
0
0
0
0
0
0
0
0
0
0
0
0
0
0
0
0
0
0
2
4
0
0
0
0
0
0
2
11
14
16
0
0
0
0
0
0
0
0
3
5
0
0
0
0
1
2
7
11
14
16
0
0
0
0
2
3
7
10
14
17
0
0
1
2
4
5
14
17
22
23
0
0
0
0
2
3
7
11
12
15
0
0
0
0
1
2
8
14
16
17
0
0
0
0
1
6
31
34
36
37
0
0
0
3
5
6
9
14
16
19
0
0
0
0
0
0
0
0
0
0
0
0
0
0
0
0
0
0
1
3
0
0
0
0
0
5
7
14
16
19
0
0
0
0
2
3
7
14
17
19
0
0
0
0
0
0
11
15
17
20
0
0
0
0
0
0
10
14
19
21
0
0
0
0
0
0
0
0
0
1
0
3
5
7
8
10
12
16
18
20
0
3
5
7
8
10
12
16
19
21
0
2
7
9
10
12
13
18
21
25
0
0
0
0
0
0
0
0
0
0
0
0
0
0
0
0
0
0
0
3
0
0
2
4
5
7
14
18
22
24
0
0
0
0
0
0
12
17
21
28
0
5
10
12
13
15
17
21
23
25
0
0
0
0
0
0
11
19
24
29
2
6
9
11
13
14
16
20
23
25
0
0
2
6
10
12
19
24
27
36
0
0
0
0
0
1
17
22
25
29
0
0
0
0
0
0
9
12
15
22
0
0
1
4
6
7
16
23
26
31
0
0
0
0
0
0
3
8
13
15
0
0
0
0
0
0
0
0
0
2
8
11
15
17
18
20
21
25
29
31
0
0
0
0
0
0
20
23
29
31
0
0
0
0
0
0
0
0
0
1
0
0
0
0
0
4
21
25
31
39
0
0
0
0
0
0
0
0
0
0
6
10
11
14
16
17
19
24
28
31
10
14
17
20
22
24
25
29
31
34
11
18
21
24
26
27
29
32
34
37
11
16
20
22
23
24
26
30
33
35
7
12
20
22
24
26
27
32
35
37
0
5
6
9
11
13
22
30
33
39
5
9
11
13
15
16
24
29
35
36
10
15
20
23
25
26
28
33
36
41
14
18
24
27
29
30
32
35
37
40
15
22
25
27
28
30
32
36
40
42
14
19
24
27
29
30
32
36
37
41
21
25
31
34
36
38
39
43
45
49
3
8
11
14
16
17
31
37
44
47
15
23
25
28
30
31
33
38
42
48
22
27
34
36
38
39
41
45
48
50
17
21
27
29
31
32
34
39
50
52
0
3
5
6
8
9
35
39
48
49
5
9
11
16
18
20
30
37
41
44
2
7
9
11
12
14
15
20
23
25
6
17
19
21
22
23
27
36
40
43
23
28
36
39
41
42
44
49
50
53
23
32
40
42
43
45
46
51
53
55
20
24
29
32
34
36
37
41
44
49
3
8
12
14
15
17
30
38
42
44
0
3
5
8
10
11
28
31
40
43
4
7
9
10
12
13
24
31
39
40
0
3
5
8
10
11
28
37
47
50
21
27
32
34
36
37
39
43
47
50
3
7
8
11
13
14
36
40
49
52
20
26
28
31
33
34
36
40
45
54
20
26
31
33
35
36
38
42
48
50
25
30
39
42
44
45
47
50
52
55
30
34
43
45
46
47
49
53
55
57
5
9
10
13
15
19
36
41
52
55
28
33
42
44
45
47
49
53
55
57
1
5
8
10
16
18
31
41
47
49
2
5
7
8
11
13
34
37
45
46
18
27
34
36
37
39
40
44
55
57
22
28
33
38
39
41
43
47
49
51
2
6
8
10
11
15
37
41
57
59
19
24
28
31
33
34
36
39
44
47
25
33
37
38
40
41
42
45
50
52
34
38
46
48
49
50
52
56
59
61
27
34
38
39
41
43
44
47
51
52
17
21
27
29
30
32
38
42
57
59
29
36
42
45
47
49
51
56
57
60
27
35
39
41
42
44
46
50
52
56
24
30
36
38
41
42
44
48
51
54
14
26
31
33
36
38
39
44
49
52
26
34
38
40
42
44
46
50
52
54
62
