time_cost:2893218ms
ontime_proportion:0.733333
max_delay:24
avg_delay:3.133333
avg_flowtime:27.444444
object function value:2581.481481
0
0
0
0
0
0
0
20
23
25
32
0
0
0
1
3
5
12
15
17
20
0
6
9
11
12
13
22
27
30
32
12
14
17
19
20
21
27
34
37
41
0
0
0
0
0
0
14
17
20
21
0
0
0
0
0
0
0
3
4
6
0
0
0
0
0
0
9
12
14
16
0
0
0
0
0
0
0
1
4
12
0
0
0
0
0
0
0
2
5
8
0
0
0
0
0
0
0
0
0
0
0
0
0
2
6
8
35
45
47
50
0
0
0
0
0
0
0
0
2
6
0
0
0
0
0
0
0
0
3
4
0
0
0
0
0
0
0
0
1
3
0
1
4
5
8
9
40
48
51
52
0
0
0
0
0
0
0
0
0
0
0
0
0
0
0
0
0
2
5
6
0
0
0
0
1
2
16
20
21
22
0
0
0
0
0
0
14
21
23
26
0
0
0
0
0
0
10
13
14
15
0
0
0
0
2
4
29
35
38
41
0
0
0
0
0
0
0
0
0
3
0
2
3
5
6
8
15
20
22
24
0
0
0
0
0
1
22
26
27
29
0
0
0
0
0
0
0
0
0
0
0
0
0
0
0
0
0
0
0
3
0
0
1
2
5
6
27
30
33
34
0
0
1
2
3
4
16
19
21
23
0
0
0
0
0
0
0
0
0
1
0
3
5
8
10
12
23
32
35
38
0
0
0
0
0
0
0
0
0
0
0
0
0
0
0
1
11
16
17
18
0
0
0
0
1
3
23
27
28
30
0
0
0
0
0
0
0
0
0
0
0
0
0
0
4
6
26
31
34
35
0
0
0
2
3
4
31
40
43
45
0
0
0
0
0
0
0
0
1
4
0
0
0
0
0
1
24
31
34
35
0
0
0
0
0
0
0
0
0
0
0
0
0
0
0
1
25
30
32
34
5
9
12
15
18
20
35
45
48
51
16
23
26
27
28
29
35
48
51
52
17
23
26
27
28
29
41
49
52
53
3
13
16
17
18
19
28
37
40
41
18
25
29
32
33
34
38
45
48
53
10
17
20
23
24
25
26
31
37
40
0
5
6
7
8
10
11
16
17
18
0
4
6
7
9
10
30
34
36
39
6
9
11
12
19
21
38
44
46
47
2
6
9
11
12
13
29
37
40
42
19
24
27
30
31
32
33
42
45
48
15
18
19
20
21
22
32
35
36
37
6
13
16
17
18
20
33
39
42
43
14
17
20
23
25
27
35
40
43
46
1
5
6
8
9
11
13
17
18
22
2
6
7
9
13
15
31
36
40
42
9
12
13
14
16
18
27
31
34
35
12
18
21
23
24
25
29
38
41
43
0
4
7
9
10
12
21
26
29
31
1
6
7
8
9
11
22
27
28
29
22
28
30
33
35
37
38
43
45
48
7
11
12
13
17
19
28
33
35
36
4
11
14
15
17
20
33
38
41
42
4
8
9
11
12
14
17
22
23
28
10
17
20
21
22
23
26
34
37
38
6
10
11
13
14
16
19
23
25
28
10
16
18
21
23
25
30
36
38
42
23
28
31
34
36
38
39
48
51
54
15
25
27
28
30
31
33
37
39
40
1
5
8
11
15
17
31
41
44
47
5
8
11
12
19
21
35
44
46
47
8
12
13
15
16
18
21
27
29
31
10
20
23
24
25
26
27
34
37
38
5
10
11
12
13
15
16
21
22
23
19
23
26
29
31
33
34
37
40
43
3
7
8
10
11
13
18
22
23
25
8
12
15
18
19
20
25
31
34
37
23
28
32
35
37
39
41
46
49
53
6
10
11
13
14
16
19
23
24
29
0
28
31
34
35
36
37
42
45
49
26
32
35
38
39
40
41
49
52
55
6
10
11
14
15
17
19
24
25
27
15
20
23
26
27
28
35
46
49
54
9
15
18
21
23
25
30
40
42
45
8
11
13
14
16
18
32
43
45
50
1
7
10
11
13
15
35
41
44
45
15
20
24
25
26
27
40
47
50
51
3
6
8
9
11
16
21
26
28
30
23
28
31
35
36
37
38
45
48
52
12
15
16
17
18
19
30
34
35
36
56
