time_cost:6392ms
ontime_proportion:0.722222
max_delay:25
avg_delay:2.177778
avg_flowtime:29.433333
object function value:2758.888889
0
0
0
0
0
0
0
0
2
4
5
0
0
0
0
0
0
0
0
0
1
0
0
1
2
4
6
28
32
33
34
0
0
0
0
0
0
27
31
32
33
0
0
0
0
0
1
15
20
22
25
0
0
0
0
0
0
0
0
0
0
0
2
3
6
7
8
22
27
28
31
0
0
0
0
2
4
19
24
26
29
0
0
0
0
0
0
0
0
0
1
0
2
3
4
6
8
27
31
32
33
0
0
0
0
0
0
0
0
1
2
0
0
0
0
2
3
22
25
27
28
0
0
3
4
6
8
16
20
23
24
0
0
1
2
4
5
25
28
30
32
0
0
0
0
0
0
35
40
41
44
0
0
0
0
0
0
0
0
0
1
0
0
0
0
0
0
0
1
3
6
0
0
0
0
0
0
0
0
6
9
0
0
0
0
0
0
29
32
34
37
0
0
0
0
0
2
29
34
35
36
0
0
0
0
0
0
18
22
23
26
0
0
0
0
0
0
0
0
2
7
0
0
0
0
0
0
0
0
0
2
0
0
0
0
1
4
29
33
34
35
0
0
0
0
5
10
33
36
37
38
0
0
0
0
0
0
0
1
2
3
0
0
0
0
0
6
31
35
36
37
0
0
0
0
0
0
26
29
30
31
0
0
0
0
0
0
17
21
24
26
0
0
0
0
0
0
0
0
0
0
0
1
3
5
8
11
34
37
39
41
0
0
0
0
0
2
16
19
21
24
0
0
0
0
1
2
29
34
35
39
0
3
5
7
9
10
26
29
31
34
0
0
0
1
2
4
24
29
30
31
0
0
0
0
1
3
23
31
33
36
0
0
0
1
3
5
18
22
25
27
0
0
0
0
0
0
0
0
0
0
0
4
5
6
7
8
24
28
29
30
0
0
0
0
0
0
0
0
0
1
4
9
11
14
15
17
21
26
37
40
4
9
11
18
19
20
21
30
32
35
20
23
24
25
26
28
32
35
36
37
9
13
14
15
19
23
28
32
33
34
13
16
18
19
21
22
25
28
30
34
7
11
13
15
18
19
20
23
25
26
12
17
18
19
22
24
31
36
37
38
1
5
8
9
11
13
21
25
28
29
19
22
23
24
25
27
32
35
36
37
10
13
15
17
20
21
22
25
27
28
2
6
9
10
12
14
18
27
30
31
0
3
5
8
9
11
31
34
38
40
6
11
13
15
16
17
24
30
32
34
10
15
17
20
27
29
40
44
47
48
13
17
18
19
20
22
26
30
31
32
7
12
15
17
23
24
31
36
38
41
14
18
20
21
24
28
37
40
42
43
5
10
11
14
15
16
28
33
34
38
0
5
6
9
10
11
34
39
40
43
0
3
5
7
10
12
40
43
45
47
11
16
17
18
24
31
44
48
49
51
6
11
14
21
25
26
30
35
37
39
0
5
7
10
11
13
34
39
41
44
10
15
16
17
31
34
43
47
48
53
3
7
10
14
16
18
20
24
27
28
5
10
12
15
16
18
19
32
40
43
5
10
12
14
15
16
36
41
43
45
15
18
19
20
21
24
26
30
31
32
15
18
19
20
21
23
25
28
29
30
2
6
9
12
17
19
35
46
49
50
15
20
21
22
30
33
43
48
49
50
13
16
17
18
23
25
28
31
32
33
7
14
15
18
23
25
40
45
46
49
1
6
8
11
12
14
35
40
42
45
13
18
19
23
33
36
45
52
53
54
4
8
10
12
13
15
40
43
45
47
10
15
16
17
24
26
29
34
37
38
2
12
15
16
19
21
23
32
35
39
16
19
21
22
29
31
42
45
48
49
17
21
22
23
34
37
47
51
52
53
14
19
20
21
32
35
45
50
51
52
2
7
9
22
28
29
34
40
43
45
10
15
16
17
26
28
33
38
39
40
10
16
18
20
28
30
39
42
44
46
11
16
17
20
26
30
36
41
44
45
9
13
14
15
18
20
22
26
27
31
6
10
14
15
17
19
36
49
52
53
17
21
22
23
30
32
41
45
47
48
12
15
17
19
28
30
35
38
43
46
6
13
16
19
21
26
45
49
52
53
55
