time_cost:3280292ms
ontime_proportion:0.722222
max_delay:27
avg_delay:4.144444
avg_flowtime:29.088889
object function value:2747.407407
0
0
0
0
0
0
0
0
0
0
0
0
0
0
0
0
1
10
15
18
21
0
0
0
3
5
6
22
29
34
37
0
0
0
0
0
0
0
0
0
1
0
0
0
0
0
0
12
17
20
23
0
0
0
0
0
0
0
0
0
1
0
0
0
0
0
0
0
0
2
6
0
0
0
0
0
0
0
0
0
0
0
0
0
3
5
7
26
30
32
35
0
0
0
0
0
0
0
0
0
0
0
0
0
0
1
2
29
34
36
39
0
0
0
0
0
0
22
25
28
29
0
0
0
0
0
0
15
19
22
23
0
0
0
0
0
2
7
11
15
18
0
0
0
0
0
0
23
27
29
32
0
0
0
0
0
1
12
16
18
20
0
0
0
0
0
0
0
0
1
5
0
0
0
0
0
0
0
0
1
3
0
0
0
0
1
2
24
33
35
36
0
0
0
0
0
0
35
43
45
47
0
0
0
0
0
0
0
0
0
0
0
0
3
5
7
8
28
33
35
36
0
0
0
0
0
0
0
0
0
0
0
0
0
0
0
0
19
25
31
37
0
2
4
6
7
8
27
35
37
39
0
2
4
5
7
9
34
40
42
43
0
0
0
0
0
0
0
0
0
0
0
0
0
0
0
0
0
0
0
0
0
0
0
0
0
0
4
6
11
14
0
0
0
1
3
5
11
15
18
21
3
6
8
9
10
11
33
38
40
41
0
0
0
0
0
0
0
0
1
7
0
8
14
15
17
19
34
40
43
44
0
0
0
0
0
0
0
0
3
6
0
3
5
7
8
13
36
42
44
46
0
0
0
0
0
0
0
0
0
0
0
0
0
0
0
0
20
25
28
29
0
0
0
3
5
7
16
20
22
25
0
0
0
0
0
0
0
0
0
0
0
0
0
0
0
2
31
36
38
41
11
14
16
17
20
21
33
39
41
42
12
19
22
25
27
28
29
36
43
46
1
4
6
9
11
13
30
37
39
42
0
17
20
21
22
24
39
47
50
52
17
22
24
25
27
29
45
54
56
57
9
13
14
16
17
19
20
24
25
27
2
13
15
16
18
20
27
37
39
40
5
10
13
14
15
17
18
23
26
29
1
6
9
12
16
17
36
44
48
51
16
27
30
31
32
34
37
46
50
51
4
8
9
11
12
14
22
26
27
29
28
34
37
38
39
41
44
53
56
57
14
19
21
22
23
25
28
35
37
38
17
22
24
27
28
30
33
39
42
45
0
3
5
6
8
12
32
37
39
40
19
23
25
28
29
31
46
52
54
57
19
29
31
33
34
35
36
44
46
48
6
11
14
15
20
22
31
40
42
43
9
14
16
18
19
20
26
32
34
36
10
14
17
18
19
21
24
32
35
36
6
11
14
15
20
22
42
50
53
54
14
17
19
20
22
26
39
47
51
52
14
21
23
25
26
27
29
41
43
45
7
10
12
13
14
15
23
28
30
31
6
10
11
13
14
16
17
21
22
24
15
21
23
24
25
27
37
45
47
48
5
9
10
12
13
15
20
24
25
28
0
4
5
7
8
10
32
39
40
42
19
23
26
27
29
31
43
52
55
56
9
15
17
18
21
23
35
43
45
46
3
7
8
11
15
17
24
29
30
37
13
18
21
22
23
25
26
30
33
35
4
9
12
16
17
18
20
28
31
33
7
12
15
18
25
26
41
49
52
55
1
6
12
15
21
22
32
41
44
48
0
4
7
8
9
11
31
37
40
41
8
12
13
16
18
20
24
28
29
32
11
16
19
22
24
25
26
33
36
40
6
27
29
30
31
32
40
45
47
48
7
12
16
19
22
23
35
44
47
50
10
16
19
22
24
25
38
46
49
52
20
25
27
30
31
33
36
42
45
48
15
22
25
27
28
30
34
41
46
47
24
30
33
34
35
37
43
49
52
53
21
26
28
31
33
35
36
44
47
50
0
5
7
8
9
11
27
35
37
39
4
7
9
12
13
15
32
39
41
44
23
30
33
34
35
37
39
47
50
51
2
8
11
14
16
17
24
31
34
37
14
20
22
23
27
29
40
47
49
50
58
