time_cost:5207ms
ontime_proportion:0.511111
max_delay:37
avg_delay:5.888889
avg_flowtime:36.100000
object function value:5092.222222
0
0
0
0
0
0
0
0
0
0
1
0
2
5
6
10
12
41
46
52
53
0
0
2
3
4
5
14
18
20
21
0
0
0
0
0
0
25
28
31
33
0
0
0
0
2
4
14
20
21
24
0
0
0
0
0
2
24
29
32
33
0
0
0
0
2
4
26
30
33
36
0
0
0
0
8
17
46
49
54
55
0
0
0
0
0
0
0
5
33
36
0
0
1
4
6
8
28
32
34
37
0
0
0
0
0
0
21
26
29
30
0
0
0
0
0
0
0
0
0
1
0
0
0
0
0
0
0
0
0
0
0
0
0
0
4
6
17
21
23
25
0
0
0
1
5
7
21
26
28
29
0
0
0
0
0
0
0
4
7
8
0
1
4
7
9
10
28
33
37
40
0
0
0
1
2
4
16
20
21
24
0
0
0
0
0
0
21
26
29
31
0
0
0
0
2
4
30
34
36
39
0
0
0
0
13
15
42
47
54
55
0
0
1
3
4
6
26
30
32
34
0
0
0
0
0
0
0
2
4
5
0
0
0
0
0
0
0
0
0
0
0
0
0
0
0
0
0
0
2
6
0
1
3
6
8
10
29
32
36
42
0
0
0
0
0
0
30
34
39
42
0
0
0
0
0
11
40
43
53
56
0
0
0
0
0
0
0
0
0
4
0
0
0
0
4
6
25
29
31
33
0
0
0
0
0
0
0
0
2
5
0
0
0
0
0
0
12
21
24
27
0
0
0
0
1
2
23
28
30
32
0
0
0
0
0
0
0
0
0
2
0
0
0
0
0
0
34
37
42
45
0
1
3
5
6
7
14
19
21
23
0
0
0
0
0
0
14
18
20
22
0
0
0
0
6
8
32
36
40
43
0
0
0
0
0
0
0
3
5
6
0
0
0
0
1
2
25
30
39
42
15
19
22
23
29
31
43
50
56
57
9
13
14
16
17
19
20
24
25
27
10
15
19
20
26
28
43
48
55
56
8
12
14
17
18
19
21
24
26
27
1
5
6
9
11
13
34
38
42
45
3
9
12
13
30
32
47
52
57
58
6
11
17
20
22
24
36
39
45
48
10
17
18
22
23
25
28
32
33
35
22
26
30
31
32
33
47
51
56
57
2
7
10
13
15
16
30
35
45
48
19
24
25
27
28
30
43
47
55
57
19
23
24
26
33
35
49
53
57
59
1
4
6
9
12
14
38
41
58
61
14
22
24
26
28
29
44
53
59
61
13
17
19
21
25
26
31
34
36
37
5
10
12
13
19
22
26
32
34
36
21
25
27
29
34
36
49
54
57
59
10
15
16
18
19
21
24
28
30
32
23
26
29
30
36
37
52
55
59
60
0
5
9
10
11
13
24
29
32
33
6
10
12
15
17
19
35
39
43
46
5
10
12
13
15
20
23
28
30
31
11
16
18
20
23
26
28
33
35
36
4
9
15
18
20
22
38
42
46
49
10
14
15
17
24
28
29
35
36
38
18
25
27
30
38
40
53
58
62
64
1
6
9
15
17
18
33
40
49
52
3
7
8
11
13
15
17
21
23
26
5
10
13
14
31
34
48
54
61
62
8
12
14
17
19
21
39
43
48
51
10
13
20
23
24
26
37
44
63
66
9
14
18
19
26
28
47
55
61
62
1
6
9
17
19
20
32
37
48
51
17
24
26
28
37
39
53
57
60
62
1
5
6
13
15
17
19
23
27
30
13
20
22
24
33
36
52
58
62
64
3
14
17
19
21
23
26
31
34
35
4
9
12
15
17
18
19
24
27
34
16
21
23
25
35
37
54
59
64
66
7
12
15
17
21
24
28
34
36
37
12
18
21
23
41
43
57
62
67
68
7
11
13
19
24
26
39
43
51
54
8
12
16
20
22
24
37
41
51
54
12
17
20
21
40
42
55
60
67
68
0
3
7
10
14
16
41
44
64
67
11
16
19
22
39
41
53
59
66
67
6
14
17
18
26
28
31
36
39
40
21
25
28
30
42
44
57
61
66
68
17
22
26
27
36
38
50
56
62
63
2
6
7
11
13
15
17
22
30
33
69
