time_cost:2026634ms
ontime_proportion:0.633333
max_delay:39
avg_delay:6.977778
avg_flowtime:30.800000
object function value:3693.333333
0
0
0
0
0
0
0
0
0
0
1
0
0
0
0
3
5
16
22
23
25
6
12
15
16
17
19
29
35
38
39
0
0
1
3
5
7
36
42
43
45
0
0
0
0
0
1
10
16
19
20
0
0
0
1
2
4
15
20
22
23
0
1
3
5
6
7
28
34
37
39
0
0
0
0
0
0
20
26
30
32
0
0
0
0
0
0
0
0
0
2
0
3
5
7
8
9
14
20
25
27
0
0
0
0
0
0
0
0
0
0
0
2
4
5
6
7
36
43
45
46
0
0
0
0
0
0
0
0
0
0
0
0
0
0
7
9
50
57
62
64
0
0
0
0
0
0
0
0
0
2
0
0
0
0
0
0
0
0
1
4
0
0
0
0
0
0
0
0
0
1
0
0
0
0
0
0
0
0
0
7
0
0
0
2
7
8
45
54
57
60
0
0
0
0
0
0
0
0
1
2
0
0
0
0
0
0
20
23
26
27
0
0
0
0
4
6
34
40
42
45
0
0
0
0
0
0
53
60
63
66
0
0
0
0
0
0
0
1
5
10
8
12
14
16
23
25
49
54
56
58
0
0
0
0
0
0
12
17
22
25
0
0
0
0
0
0
0
1
4
5
9
13
16
17
18
20
21
26
29
30
0
0
0
0
0
0
54
62
67
68
0
1
3
6
7
9
11
14
16
20
0
8
12
14
15
16
17
22
24
26
0
0
0
0
0
0
0
0
0
0
0
0
0
0
1
3
11
19
22
23
0
0
0
0
0
2
29
33
35
38
0
0
0
0
0
0
26
31
33
40
0
0
0
0
0
0
0
0
2
9
40
44
47
50
51
52
54
62
66
67
0
0
0
0
0
2
25
30
31
35
0
0
1
2
3
4
24
28
30
31
0
0
2
5
8
10
51
58
60
63
44
50
53
54
55
57
59
64
66
67
11
16
18
20
21
22
26
31
33
35
9
12
14
16
20
21
29
35
38
39
1
6
8
9
10
12
14
19
21
22
22
26
29
30
31
33
34
38
41
42
6
10
12
13
14
15
17
20
22
24
3
6
8
12
20
22
42
48
50
53
2
6
9
10
22
24
47
53
56
57
9
15
18
21
23
24
26
31
34
38
26
30
32
33
34
35
37
40
42
43
10
16
17
24
26
28
30
34
35
38
5
8
10
13
15
17
39
44
46
49
31
38
40
41
42
44
46
51
53
54
0
5
8
11
13
14
15
33
37
40
1
9
13
16
26
28
51
59
63
67
22
27
28
30
31
33
34
38
39
42
36
46
49
52
53
55
57
60
63
66
24
33
35
37
38
39
40
45
48
50
1
6
9
14
16
17
18
23
26
29
6
13
15
17
19
20
32
39
41
43
1
5
8
9
10
12
16
22
25
26
22
28
29
31
35
37
42
49
50
52
8
14
16
19
24
26
50
56
60
63
4
9
12
13
14
16
17
22
25
26
0
3
5
6
8
9
51
56
58
59
24
29
31
34
35
37
39
42
44
47
13
18
20
21
22
23
25
31
34
35
0
4
5
8
12
14
43
50
52
55
27
33
36
37
38
40
42
48
52
53
5
10
14
15
17
19
24
29
32
33
5
11
13
14
15
17
19
24
26
27
4
8
9
11
12
14
15
19
20
23
31
36
39
42
44
45
46
51
54
57
13
18
19
22
24
26
28
32
33
38
8
13
16
17
18
20
23
28
31
32
3
8
11
15
17
18
19
24
27
31
6
12
13
15
16
18
40
47
48
50
13
17
20
22
23
25
28
33
35
37
6
18
22
23
27
29
31
36
40
41
4
9
11
12
13
15
17
22
24
25
32
43
45
48
50
52
54
58
59
62
0
4
5
8
10
12
23
29
30
33
11
16
18
19
26
28
54
63
66
67
9
15
16
18
19
21
32
39
41
43
27
35
37
38
39
41
45
52
54
55
20
28
31
32
33
35
36
40
43
44
19
25
28
31
33
34
37
46
57
60
20
25
28
29
30
32
33
37
40
41
11
16
19
21
25
27
31
36
39
41
14
18
21
23
24
26
27
32
33
36
69
