time_cost:3037803ms
ontime_proportion:0.655556
max_delay:43
avg_delay:5.811111
avg_flowtime:29.800000
object function value:3437.777778
0
0
0
0
1
3
4
34
40
45
47
0
0
0
0
0
0
0
1
4
6
0
0
0
0
0
0
0
1
3
6
0
0
0
0
0
0
0
0
0
0
0
0
0
0
0
0
0
0
2
4
0
0
0
0
0
0
0
0
0
1
0
0
0
0
0
0
47
55
59
61
0
0
0
0
0
0
0
0
0
1
0
0
0
0
3
4
12
20
25
28
0
0
0
0
0
0
0
0
0
0
0
0
0
0
0
1
15
21
23
26
0
0
0
0
0
0
0
0
0
2
0
0
0
0
0
0
0
0
0
0
0
0
3
5
6
8
30
35
39
41
0
0
0
2
4
5
14
21
22
28
0
0
0
0
1
3
10
17
19
21
0
4
7
9
11
12
14
23
26
30
0
4
6
8
9
10
18
24
26
28
0
0
0
0
0
0
0
0
0
0
0
0
0
0
0
0
0
0
0
3
0
0
0
0
0
0
0
64
69
71
0
2
5
7
13
15
49
63
66
68
0
0
0
0
0
0
0
0
6
11
0
47
51
53
55
56
58
62
65
67
0
0
0
0
1
3
9
16
18
20
0
3
4
7
9
10
12
16
18
21
0
0
0
0
0
1
23
29
31
36
0
0
0
0
0
0
0
0
1
4
0
0
0
0
0
0
14
18
21
23
0
0
0
0
0
0
0
1
3
6
0
0
1
4
6
7
11
17
21
24
0
0
0
0
1
2
40
44
57
60
0
7
10
12
13
15
16
20
23
25
0
0
0
0
0
0
0
0
0
0
0
0
1
3
4
6
14
29
32
34
0
0
0
0
0
0
19
33
35
39
0
0
0
0
0
0
11
18
21
23
0
0
0
0
0
0
48
61
68
70
0
0
0
0
5
7
17
31
34
36
39
46
49
51
52
53
55
59
61
63
1
8
10
12
13
15
43
52
55
57
37
46
48
51
53
54
56
61
63
66
36
43
47
49
50
55
56
60
63
65
8
14
16
18
19
22
24
28
30
33
10
14
17
20
22
23
28
34
36
39
17
22
31
33
34
36
38
42
44
46
9
14
16
19
20
22
24
28
30
32
8
14
17
19
22
24
25
30
33
35
36
43
47
49
51
52
54
58
61
63
8
12
15
16
22
25
26
32
34
37
4
7
9
12
14
15
16
19
21
22
9
13
16
18
19
21
22
26
29
31
0
6
8
10
11
13
14
22
24
26
5
10
12
15
17
20
22
26
28
30
4
8
9
13
15
16
18
22
23
26
3
10
13
15
20
24
25
30
32
35
23
27
33
34
36
37
38
41
51
52
25
29
34
36
37
39
51
67
71
73
5
9
14
17
20
22
31
35
41
44
43
54
57
59
60
62
63
68
71
73
42
50
54
56
57
59
60
65
67
69
11
16
18
19
23
25
44
52
56
57
2
6
8
10
11
12
41
47
52
56
9
15
19
21
24
26
51
67
70
72
5
12
14
17
18
19
21
25
27
29
13
20
23
25
26
27
29
33
36
38
32
38
41
43
44
45
47
51
53
55
2
5
9
17
19
21
22
27
29
31
42
48
54
57
59
61
62
66
68
71
1
9
12
14
15
17
18
22
25
27
19
25
27
29
30
31
34
38
43
45
6
12
14
17
19
20
26
34
36
39
7
12
14
15
17
18
19
25
28
29
5
10
12
14
15
17
18
23
25
27
4
9
10
13
16
18
20
24
29
32
19
24
26
30
32
33
40
46
49
54
1
4
6
7
9
10
17
20
40
41
9
15
19
21
22
24
25
31
34
36
35
40
46
48
49
51
53
57
60
62
5
9
12
14
15
17
30
35
39
43
4
11
12
15
17
18
20
27
28
31
32
39
44
47
49
50
52
57
58
61
33
37
41
44
46
47
49
54
62
65
13
18
21
23
24
26
27
32
34
36
2
5
7
8
10
11
14
18
20
23
21
25
29
32
34
36
47
56
65
68
0
4
7
9
10
12
13
17
20
22
4
7
9
10
12
14
46
53
57
58
7
12
17
19
21
22
24
28
32
34
26
31
38
40
42
43
45
49
52
54
74
