time_cost:5819ms
ontime_proportion:0.633333
max_delay:28
avg_delay:4.322222
avg_flowtime:34.900000
object function value:3830.000000
0
0
0
0
2
4
6
19
24
27
30
0
0
0
0
0
0
0
0
0
0
0
1
3
6
8
10
18
22
25
28
0
0
0
0
0
0
0
0
0
0
0
0
0
0
0
2
18
24
30
31
0
0
0
0
0
0
0
0
0
0
0
0
0
0
2
4
16
22
29
32
0
0
0
0
0
0
0
0
0
1
0
0
0
0
0
0
0
2
28
31
0
0
0
0
0
0
0
0
0
0
0
0
0
0
0
0
19
25
32
35
0
0
1
2
3
5
18
23
26
28
0
0
0
1
2
4
27
32
41
44
0
0
0
0
0
2
17
23
26
29
0
0
0
0
0
2
36
40
49
50
0
0
0
0
1
3
19
23
27
30
0
0
0
0
0
0
0
0
26
29
0
0
0
0
0
0
0
0
0
2
0
0
0
0
0
0
0
0
0
0
0
0
0
0
0
0
0
0
0
0
0
0
0
0
0
0
28
32
42
45
0
0
0
0
0
0
0
0
0
1
0
0
0
0
0
0
19
24
29
32
0
0
2
5
7
9
23
26
32
37
0
0
0
0
0
0
33
39
50
51
0
2
6
9
10
12
34
37
46
49
0
0
0
0
0
1
28
31
45
48
0
0
0
0
0
0
18
23
26
30
0
0
0
0
0
0
0
0
1
2
0
0
0
0
0
0
0
12
43
46
0
3
4
7
9
11
22
26
32
39
0
2
5
7
8
10
32
36
44
45
0
0
0
0
0
0
0
0
1
2
0
0
0
0
0
0
15
21
24
26
0
3
4
9
11
13
21
25
31
34
0
0
0
0
0
0
0
1
4
5
0
0
3
4
6
8
31
36
44
46
0
0
0
0
5
7
36
42
49
50
0
0
0
0
4
6
29
34
45
49
0
0
0
0
0
0
22
27
30
34
11
15
22
23
28
30
34
39
45
47
4
8
9
12
14
16
20
25
30
36
11
15
20
23
25
27
31
34
49
52
13
18
23
24
31
33
36
41
49
50
7
13
17
18
27
29
32
39
47
48
4
7
13
16
18
20
22
26
33
36
12
17
23
24
33
35
37
44
52
53
2
6
11
14
16
19
24
27
36
39
0
4
5
14
16
18
26
31
35
38
8
11
17
20
21
25
30
34
46
49
1
6
9
12
14
15
22
28
35
38
14
18
24
26
33
35
37
44
50
52
12
16
21
22
23
24
26
29
31
32
12
19
24
25
31
33
35
41
48
49
8
13
16
17
18
20
35
42
51
52
10
14
21
24
29
31
37
42
49
53
4
9
12
15
17
18
21
26
35
40
14
18
21
22
26
28
34
39
48
49
16
21
25
26
35
36
39
45
52
54
6
11
15
17
18
19
20
25
27
29
4
9
14
18
20
22
25
28
33
41
7
10
17
20
24
26
30
33
48
51
14
20
22
25
30
32
40
45
51
53
7
12
16
18
19
20
21
26
28
30
15
19
22
24
29
31
37
43
52
54
13
19
22
24
25
27
32
37
51
53
5
8
14
20
22
24
25
28
34
37
8
11
18
21
23
25
28
32
38
41
18
21
24
25
26
28
33
38
50
51
5
9
10
13
15
17
25
30
37
40
2
7
10
13
15
16
23
30
38
41
0
4
5
8
10
12
27
31
36
43
7
10
18
22
24
26
29
32
41
44
11
16
20
21
31
33
41
46
54
55
5
9
11
15
17
20
28
33
41
44
0
5
8
11
13
14
23
29
40
43
5
12
20
23
24
25
31
36
55
57
9
13
17
24
26
28
31
34
39
42
9
14
16
19
20
22
36
44
53
54
15
20
24
26
35
37
38
44
52
55
0
5
8
11
13
14
26
36
44
51
3
8
12
16
19
21
30
34
45
50
1
5
6
9
11
15
26
31
39
42
10
16
19
21
27
29
38
45
54
56
10
16
20
22
23
24
29
35
55
57
1
4
7
10
13
15
26
29
38
47
15
21
24
27
32
34
41
48
54
57
4
10
13
16
21
23
31
35
42
46
9
14
17
20
28
30
40
46
53
55
15
21
26
27
30
31
34
39
48
50
58
