time_cost:3072068ms
ontime_proportion:0.744444
max_delay:33
avg_delay:4.722222
avg_flowtime:29.722222
object function value:2546.296296
0
0
0
0
0
0
0
0
0
0
0
0
0
0
0
0
0
0
0
2
3
0
0
0
1
2
6
28
35
37
38
0
0
0
0
0
0
0
7
10
11
0
0
0
0
0
0
0
2
5
6
0
0
0
1
2
4
13
17
18
20
0
1
4
5
26
28
49
56
61
62
0
0
0
2
4
7
47
53
56
58
0
0
0
1
2
4
10
15
20
22
0
0
0
2
3
5
19
24
27
28
0
0
0
1
2
3
11
14
17
19
0
0
0
0
0
0
6
11
14
18
0
0
0
0
30
32
49
57
60
62
0
0
0
0
0
2
17
24
27
28
0
0
0
0
0
1
11
16
19
20
0
0
0
0
0
0
0
0
0
0
0
0
0
0
0
0
10
13
15
16
0
0
0
0
0
1
12
15
17
20
0
0
0
0
0
0
0
0
0
0
0
0
0
0
0
0
0
1
3
7
0
0
0
0
0
0
0
0
1
4
0
0
0
0
0
0
33
39
42
45
0
0
0
0
0
0
23
34
38
40
0
0
0
0
1
5
40
45
48
49
0
0
0
0
0
0
1
2
4
6
0
0
0
0
0
0
0
1
3
6
0
0
0
0
0
0
51
54
61
62
0
3
8
12
14
16
26
32
34
37
0
0
0
0
8
10
48
54
58
61
0
0
0
0
0
0
14
20
23
24
0
0
0
0
0
0
44
49
52
55
0
0
0
0
4
6
29
38
41
42
0
0
0
0
1
2
38
44
47
52
0
0
2
5
6
8
43
47
52
55
0
0
1
3
4
5
17
22
24
26
0
0
0
0
0
0
0
0
1
3
0
5
7
11
12
14
16
19
21
24
0
0
0
0
0
0
25
34
37
38
0
0
0
0
0
0
0
0
0
0
0
0
0
0
0
0
0
0
1
2
4
9
12
15
17
18
22
34
38
41
15
20
22
24
26
27
39
47
50
52
22
27
28
30
31
33
34
38
40
42
0
4
6
9
11
13
35
40
43
48
5
10
11
16
18
20
22
26
27
30
1
6
8
9
21
23
35
42
45
46
1
5
6
8
9
11
13
17
18
20
5
9
10
13
21
23
35
41
42
44
5
10
12
13
14
16
21
33
35
36
12
18
20
23
24
26
31
38
40
43
20
23
25
26
27
28
34
37
40
41
0
5
10
11
16
18
30
40
42
43
8
11
13
19
21
23
24
30
32
35
12
18
20
21
22
24
26
32
34
35
17
22
26
27
28
30
33
41
46
47
2
5
7
11
12
14
16
21
23
26
3
6
8
9
10
13
27
33
35
36
20
28
31
32
33
35
44
51
55
56
0
3
5
8
9
11
13
16
18
21
20
28
32
35
37
38
39
44
47
50
5
10
13
14
15
17
18
25
28
29
9
25
28
29
30
32
44
49
53
54
31
37
43
46
48
50
52
56
58
61
24
28
29
31
32
34
43
48
50
52
28
34
36
37
38
40
42
49
52
53
7
17
21
24
26
28
30
37
38
41
6
18
21
22
23
25
26
31
34
35
26
31
34
37
40
42
47
53
57
60
31
36
37
40
42
44
47
52
55
58
9
13
16
17
18
20
21
27
30
31
2
5
9
12
16
18
23
26
28
31
0
4
6
8
11
17
29
37
38
40
11
15
16
18
19
21
25
30
31
33
16
20
22
23
24
25
27
31
33
34
4
7
9
10
11
12
15
18
20
21
0
3
5
6
7
8
37
41
46
50
2
7
10
13
15
16
19
29
35
41
15
20
22
24
25
26
37
43
46
48
4
9
11
12
13
15
19
24
26
27
28
31
35
38
39
41
46
51
54
57
7
12
15
17
20
21
29
38
41
43
9
12
14
17
19
21
29
36
40
43
3
8
11
12
13
15
16
21
24
25
4
7
9
10
11
12
14
18
20
21
9
14
17
18
20
22
23
28
31
32
19
27
29
33
35
37
38
41
43
46
7
12
14
15
17
19
33
39
44
45
11
22
25
28
29
31
32
37
41
42
17
22
24
27
28
30
32
35
37
40
25
29
30
33
35
37
40
47
49
52
63
