time_cost:2842057ms
ontime_proportion:0.811111
max_delay:24
avg_delay:2.044444
avg_flowtime:28.844444
object function value:1850.370370
0
0
0
0
0
0
0
0
2
4
7
0
0
0
0
0
0
0
0
0
1
0
0
1
2
4
6
22
26
27
28
0
0
0
0
0
0
20
24
25
28
0
0
0
0
0
1
21
26
28
32
0
0
0
0
0
0
0
0
0
0
0
2
3
6
7
8
26
32
33
36
0
0
0
0
2
4
18
23
26
29
0
0
0
0
0
0
0
0
0
1
0
2
3
4
6
8
30
34
35
36
0
0
0
0
0
0
0
0
1
2
0
0
0
0
1
2
27
30
32
33
0
0
3
4
6
8
17
21
24
26
0
0
1
2
4
5
27
31
33
38
0
0
0
0
0
0
17
22
23
26
0
0
0
0
0
0
0
0
0
1
0
0
0
0
0
0
0
1
3
6
0
0
0
0
0
0
0
0
1
4
0
0
0
0
0
0
2
4
6
10
0
0
0
0
0
3
20
25
26
27
0
0
0
0
0
0
19
23
24
27
0
0
0
0
0
0
0
0
2
3
0
0
0
0
0
0
0
0
0
2
0
0
0
0
2
5
31
35
36
37
0
0
0
0
5
7
38
41
42
43
0
0
0
0
0
0
0
1
2
3
0
0
0
0
0
2
23
27
28
29
0
0
0
0
0
0
18
22
23
24
0
0
0
0
0
0
14
18
23
24
0
0
0
0
0
0
0
0
0
0
0
1
4
6
8
10
40
43
45
47
0
0
0
0
0
2
18
21
23
24
0
0
0
0
1
2
19
24
25
28
0
3
5
6
8
10
37
41
43
45
0
0
0
1
2
4
15
21
22
23
0
0
0
0
1
3
21
24
26
28
0
0
0
1
3
5
24
29
32
33
0
0
0
0
0
0
0
0
0
0
1
5
6
7
8
9
28
32
33
34
0
0
0
0
0
0
0
0
0
2
4
9
11
15
27
29
40
45
47
50
14
19
21
24
25
26
32
37
39
41
0
3
4
5
32
36
48
51
52
53
13
17
18
19
28
31
43
47
49
53
12
15
17
18
20
21
28
31
33
36
11
14
17
18
21
22
31
34
36
37
1
6
7
8
9
11
38
43
44
45
9
13
16
17
19
21
30
34
37
38
10
14
15
16
17
19
35
38
39
40
8
11
13
14
16
17
18
23
25
26
3
7
10
14
17
19
26
30
33
35
0
3
7
9
10
12
24
27
29
31
6
11
13
15
16
17
30
35
37
40
11
16
17
18
21
23
34
38
39
43
14
18
19
20
22
23
32
36
37
38
13
19
21
23
24
25
28
33
35
37
7
10
12
13
19
20
45
48
50
51
7
13
15
20
23
26
33
39
41
44
0
5
6
9
10
11
23
28
29
32
1
4
6
8
13
15
45
48
50
52
24
28
29
30
32
34
36
40
41
42
0
6
14
17
19
24
36
41
43
45
0
6
11
14
21
23
31
36
38
41
9
13
14
15
17
19
23
27
28
30
5
10
14
25
27
29
33
38
41
44
12
17
19
22
23
25
26
32
34
39
2
7
9
11
12
13
24
29
31
33
9
12
13
14
15
17
20
23
24
25
12
15
16
18
26
28
37
40
41
42
11
15
18
21
26
29
41
45
48
51
7
12
13
14
15
17
25
30
31
32
5
8
9
10
11
13
30
33
34
35
15
20
21
24
29
30
43
48
49
53
13
18
20
23
24
26
32
39
41
44
15
20
21
22
23
25
31
36
37
39
6
9
11
13
14
16
34
37
39
41
8
13
14
15
17
19
21
26
27
28
20
24
27
28
30
32
44
49
52
53
17
21
23
24
30
33
45
50
52
53
7
14
15
16
31
34
47
52
53
54
2
7
8
9
10
14
35
40
41
42
9
14
16
19
20
21
22
27
31
33
9
14
15
16
19
21
27
34
35
36
3
6
8
10
11
13
29
33
35
37
4
10
11
12
25
27
36
41
42
43
5
9
10
11
13
15
27
31
32
33
15
19
22
23
25
27
41
45
48
49
13
17
18
19
23
27
40
44
45
46
5
8
10
12
13
15
34
37
39
41
3
11
14
15
21
23
37
41
44
45
55
