time_cost:3320841ms
ontime_proportion:0.722222
max_delay:30
avg_delay:4.933333
avg_flowtime:30.266667
object function value:2786.666667
0
0
0
2
4
5
7
12
18
20
22
0
0
0
0
0
2
12
16
18
28
0
0
0
0
0
1
14
18
22
24
0
0
0
0
0
0
0
0
1
4
25
31
32
35
37
38
40
44
45
48
0
0
0
0
0
0
0
0
0
3
0
0
0
0
0
3
37
42
54
56
0
0
0
0
0
0
0
5
8
10
0
0
0
0
0
0
0
0
0
0
0
0
0
0
0
0
36
44
48
50
0
0
0
0
0
0
0
0
2
7
0
5
7
9
10
12
15
20
22
24
0
2
6
19
21
22
33
37
42
47
0
0
0
0
0
0
28
36
39
43
0
0
0
2
3
5
32
41
45
47
0
0
0
0
0
0
0
0
0
0
0
0
0
1
2
4
27
33
36
39
0
0
0
0
1
3
13
18
21
23
0
0
0
0
0
0
31
35
41
43
0
0
0
0
0
0
0
0
0
1
0
0
0
0
0
0
0
0
0
0
0
0
0
0
0
0
0
0
0
0
0
0
0
0
0
0
0
0
0
0
0
0
0
0
1
4
35
41
47
49
0
0
0
0
1
2
29
33
37
43
0
1
2
5
7
8
10
14
16
19
0
2
4
6
7
9
11
16
18
20
0
0
3
6
8
10
13
18
26
29
0
0
0
0
0
1
37
42
52
54
0
0
0
0
0
0
0
0
0
0
0
0
0
0
0
0
0
2
5
8
0
0
0
0
4
6
34
40
43
45
0
0
0
0
0
0
25
29
35
38
0
0
0
0
4
8
39
44
50
53
0
3
5
8
10
12
23
29
31
34
0
0
1
4
6
7
11
14
16
19
0
0
0
0
0
0
0
1
40
45
0
0
0
0
0
0
3
8
10
12
0
0
0
0
0
0
0
0
0
1
0
4
6
8
12
14
31
37
40
42
7
11
12
18
22
24
39
46
49
54
24
29
34
37
39
40
42
47
48
51
8
12
19
22
24
25
27
32
34
37
4
9
11
14
15
17
18
23
25
30
6
10
12
14
15
17
19
23
26
28
0
3
5
6
8
9
28
31
38
39
26
31
33
35
37
38
39
42
44
45
7
11
14
16
19
23
35
39
51
53
30
34
40
42
43
45
47
51
53
55
7
13
15
17
18
20
21
26
28
30
0
3
5
7
9
10
17
22
26
27
9
13
17
20
22
24
25
29
32
41
9
13
16
18
19
21
24
29
34
36
2
6
9
11
13
14
17
24
27
30
29
33
37
40
42
44
45
49
53
56
5
10
13
15
17
18
20
24
27
29
5
8
11
16
21
22
33
39
43
46
3
8
12
14
15
17
18
23
25
27
23
28
30
33
35
36
38
45
49
56
3
8
9
12
14
15
17
22
23
28
19
27
29
31
32
33
35
39
42
44
11
15
24
26
28
30
41
46
52
54
15
20
23
25
27
28
30
34
37
45
29
34
39
41
44
46
47
51
56
58
6
11
13
15
16
18
19
24
26
28
0
4
6
9
11
13
14
18
20
27
15
21
24
26
28
29
31
35
38
40
4
9
11
15
17
19
20
25
31
33
15
20
23
25
27
29
39
43
56
58
26
30
36
38
39
41
43
47
50
52
28
33
38
41
43
44
46
51
55
58
11
15
20
23
25
26
33
39
45
47
26
32
35
37
38
40
42
47
54
56
1
6
7
10
13
20
34
39
44
48
3
7
10
12
14
15
17
21
24
26
23
28
31
34
36
37
39
44
45
48
12
16
22
24
25
27
33
37
43
45
11
15
19
21
23
25
32
36
43
45
23
28
33
36
38
39
41
46
47
50
15
20
28
31
33
35
36
40
50
53
9
15
17
20
22
28
36
41
47
52
6
12
14
16
17
19
20
27
29
32
29
38
41
43
44
46
47
52
54
56
1
5
8
10
11
13
14
18
21
24
21
25
29
37
40
42
44
48
53
56
2
7
8
14
21
22
34
43
46
49
8
13
15
17
18
20
22
26
29
31
3
10
15
16
20
21
23
29
31
39
8
12
14
17
20
22
29
32
41
44
19
25
27
29
30
31
42
46
52
54
60
