time_cost:5245ms
ontime_proportion:0.577778
max_delay:26
avg_delay:4.611111
avg_flowtime:37.355556
object function value:4467.407407
0
0
4
6
8
9
10
28
37
39
41
0
0
0
0
0
0
20
28
29
32
0
0
0
0
0
0
0
0
3
4
0
0
0
2
3
4
22
31
33
35
0
0
0
0
2
4
19
27
28
31
0
0
0
0
0
0
0
0
2
3
0
0
0
0
0
0
30
39
41
43
0
0
0
0
0
0
19
24
25
28
0
3
5
7
8
9
27
37
39
41
0
0
0
0
5
7
24
33
37
38
0
0
0
0
0
0
0
0
0
0
0
0
0
0
0
0
0
0
0
3
0
0
1
2
4
5
27
32
34
35
0
0
0
0
0
0
0
0
0
2
0
2
5
8
10
11
14
27
30
33
0
0
0
1
2
3
26
31
33
34
0
0
0
0
0
0
17
24
26
29
0
0
0
0
0
2
23
33
36
37
0
0
0
0
11
13
28
38
39
41
0
0
1
4
6
8
24
31
33
36
0
0
0
0
0
0
19
24
43
46
0
0
0
1
2
4
23
32
36
37
0
0
0
1
9
11
27
36
38
40
0
0
0
0
0
0
18
22
24
27
0
0
2
3
4
5
21
29
32
33
0
0
0
0
0
0
25
32
33
36
0
0
0
0
0
0
19
25
27
28
0
0
0
0
0
0
0
0
0
1
0
1
3
6
7
12
34
43
46
49
0
0
0
0
4
6
24
31
33
39
0
0
0
0
0
0
22
30
32
33
0
0
1
2
3
5
26
34
36
38
0
0
0
0
0
7
29
36
38
39
0
0
0
0
1
2
18
26
29
35
0
0
0
0
0
0
0
33
36
38
0
0
0
0
0
0
0
1
4
5
0
0
0
0
2
7
31
38
40
41
0
0
0
0
0
1
21
29
31
34
0
0
0
0
0
0
17
25
28
31
0
0
0
0
0
2
36
45
49
50
10
17
20
21
22
24
28
38
41
42
6
10
15
18
21
23
32
40
43
46
9
14
17
18
20
22
31
39
42
43
4
9
12
15
17
18
20
33
36
39
7
12
18
21
22
23
32
43
46
48
5
12
21
23
24
25
34
44
48
50
8
14
17
18
19
21
33
43
51
52
7
12
15
17
20
21
34
42
45
47
14
20
22
23
24
25
35
42
44
45
0
5
8
11
13
14
17
26
36
39
16
20
23
24
27
28
39
45
47
48
2
7
10
13
15
16
22
29
32
35
9
16
19
20
31
33
37
47
50
51
8
13
16
17
28
30
35
47
50
51
2
5
7
13
15
17
18
25
27
31
1
6
9
12
14
15
22
28
37
42
2
6
7
10
12
14
32
41
42
45
3
8
11
19
21
22
25
35
40
44
6
12
18
21
22
24
32
42
49
52
9
14
17
18
27
29
39
48
52
53
13
20
23
24
31
33
39
50
54
55
4
7
9
15
17
19
20
24
26
29
0
3
10
13
15
17
31
39
41
50
9
16
18
20
23
24
36
45
48
50
14
18
20
22
25
27
36
44
49
51
9
14
17
19
23
25
38
47
50
52
4
9
12
17
19
20
21
26
29
35
6
12
14
17
18
20
23
29
46
51
14
20
22
24
29
31
41
50
52
53
1
4
6
7
8
9
37
44
49
50
17
23
25
26
30
31
38
46
53
54
4
9
12
15
17
18
27
36
39
42
17
23
25
26
35
36
41
51
53
54
9
17
21
25
33
35
39
50
51
53
5
8
14
17
19
21
28
36
43
46
13
19
22
23
33
35
43
53
56
57
3
10
13
19
24
26
30
41
45
48
6
11
18
21
26
28
32
41
52
55
12
17
20
24
28
30
40
48
51
52
1
4
6
9
10
12
33
41
51
56
13
18
21
22
35
37
40
51
54
55
14
22
23
25
29
31
35
46
47
49
12
17
20
22
25
27
35
47
50
51
14
19
21
23
30
33
42
52
53
55
17
22
24
25
27
28
39
46
48
49
16
22
24
27
30
31
42
50
52
54
9
14
18
22
28
30
40
51
53
55
0
7
15
21
25
27
31
39
44
47
13
21
24
25
36
38
41
53
56
57
2
6
7
10
12
14
27
36
41
44
58
