time_cost:1942600ms
ontime_proportion:0.800000
max_delay:27
avg_delay:2.800000
avg_flowtime:27.511111
object function value:1917.037037
0
0
0
0
0
0
0
27
32
35
36
0
0
0
0
0
0
0
0
0
0
0
0
0
0
0
0
0
0
5
7
0
0
0
0
0
0
0
0
2
5
0
0
0
0
0
0
0
0
0
0
0
3
4
6
7
9
19
24
26
29
0
0
0
0
0
0
0
0
0
1
0
0
0
0
0
0
0
0
0
1
0
0
0
0
0
0
0
0
0
0
0
0
0
0
0
0
31
37
38
40
0
0
0
0
0
0
0
0
0
1
0
0
0
0
0
0
18
22
25
27
0
0
0
0
0
0
0
0
0
1
0
4
7
9
10
11
20
24
27
29
0
1
2
3
4
5
17
20
21
22
0
0
0
0
1
2
43
52
55
56
0
0
0
1
3
4
21
24
26
27
0
0
1
3
4
6
34
40
42
44
0
2
4
5
7
9
28
31
33
36
0
4
7
10
11
12
34
41
44
47
0
0
0
0
0
0
0
0
1
4
0
0
0
0
0
0
0
0
0
1
0
0
1
3
6
7
31
38
40
43
9
13
16
17
20
21
29
35
38
39
0
0
0
0
0
0
0
0
2
4
0
0
0
0
0
0
0
2
5
6
0
0
0
0
0
1
30
36
39
42
0
3
6
7
8
9
26
32
35
36
0
0
0
0
0
1
35
44
47
48
0
0
0
0
0
0
0
0
0
0
0
2
4
7
9
11
34
41
43
48
0
0
0
0
0
0
0
0
0
5
0
0
0
0
0
0
0
0
0
0
0
2
3
4
5
6
20
24
25
26
0
7
9
12
28
30
38
47
49
52
0
0
0
0
0
0
0
0
0
0
0
0
0
0
0
0
0
0
0
0
0
0
0
0
0
2
19
22
25
28
0
0
0
0
0
2
14
20
23
24
0
0
0
0
0
0
19
27
29
30
2
7
10
13
24
26
39
47
49
50
13
17
23
25
27
28
36
43
46
48
23
29
32
33
34
35
36
41
44
46
10
14
15
17
18
20
22
26
30
32
11
15
20
22
23
25
32
40
41
43
3
6
7
8
9
10
12
16
17
18
2
5
7
8
10
11
32
35
37
38
5
10
11
12
13
15
20
25
26
27
6
11
13
16
18
20
21
26
28
31
11
15
20
22
23
24
30
37
40
42
28
32
34
35
37
39
41
49
51
52
3
9
17
24
30
32
40
49
52
55
12
16
17
19
20
24
30
34
35
37
4
9
12
15
16
30
39
44
45
47
10
14
17
21
22
23
24
28
31
34
2
5
7
10
12
13
41
46
48
49
12
17
20
23
24
25
26
31
34
37
8
11
12
13
15
16
28
33
34
35
9
13
14
16
17
19
26
30
31
33
26
33
35
38
40
42
43
49
52
55
1
4
7
10
15
17
22
29
32
36
6
11
12
13
15
17
25
31
32
33
14
19
22
23
25
27
42
51
55
56
4
8
12
15
30
32
38
44
47
50
5
10
11
12
13
15
16
23
24
25
3
8
9
10
11
13
23
28
29
30
7
12
14
18
20
22
23
28
30
33
15
18
20
23
28
32
39
45
47
48
5
10
13
17
19
21
34
38
40
41
19
23
24
26
27
29
31
35
36
38
1
7
16
19
20
22
37
44
47
50
0
7
10
13
15
16
22
26
29
32
5
10
11
12
13
15
16
21
22
23
16
19
20
21
22
23
24
27
28
29
7
12
17
20
22
23
28
34
37
41
15
21
24
25
26
27
34
41
44
45
5
9
10
12
13
15
17
21
23
25
11
16
19
20
21
22
23
28
31
32
15
18
21
24
26
28
31
38
41
44
13
21
24
26
27
28
32
37
40
42
15
25
27
30
32
34
40
51
53
56
25
30
33
35
36
37
39
46
50
52
5
11
14
17
18
19
28
34
37
40
4
7
8
9
10
11
16
20
22
24
10
15
19
20
23
27
36
43
44
45
8
12
15
17
19
20
35
40
43
46
8
14
21
23
25
26
35
42
45
47
11
20
23
24
25
26
34
39
42
43
18
22
25
28
29
30
31
35
38
43
21
26
27
28
29
31
39
45
46
47
58
