time_cost:1994157ms
ontime_proportion:0.722222
max_delay:29
avg_delay:4.188889
avg_flowtime:27.500000
object function value:2694.444444
0
0
0
0
0
0
0
0
0
0
0
0
0
0
0
0
0
0
0
3
7
0
0
0
1
2
3
10
14
15
16
0
0
0
0
0
0
38
47
48
50
0
0
0
0
0
1
29
35
37
43
0
0
0
0
0
0
12
16
22
25
0
0
0
0
0
0
0
2
5
8
5
9
12
15
16
17
24
32
35
38
0
0
0
0
0
0
0
0
0
1
0
0
0
0
0
2
35
42
44
45
0
0
0
0
0
0
0
0
0
0
0
0
0
0
0
1
38
46
49
52
26
32
35
36
37
38
39
44
47
48
0
0
1
2
3
4
39
48
51
52
0
0
0
0
0
0
0
0
2
3
0
0
0
0
5
7
30
35
37
38
0
0
0
1
23
25
33
38
40
45
0
0
0
1
2
4
14
19
20
22
0
0
0
0
0
1
11
16
18
21
0
0
0
0
1
3
18
25
26
28
0
4
7
9
10
11
12
17
20
23
0
0
0
0
1
2
13
18
21
28
0
1
2
3
4
5
31
37
38
39
0
0
0
0
0
0
0
0
0
0
0
0
0
0
0
0
0
2
5
7
0
0
2
7
11
13
21
25
28
31
0
0
0
0
0
0
0
0
0
2
0
0
1
2
4
5
9
13
17
20
0
0
0
0
0
0
0
48
51
54
0
0
0
0
0
0
0
0
0
0
0
0
0
0
0
0
18
25
28
29
0
2
4
5
7
8
12
16
18
25
0
3
6
9
10
11
12
16
19
22
0
0
0
0
6
17
31
38
40
42
0
0
0
0
1
3
23
27
30
35
0
0
0
0
0
0
0
0
0
2
0
0
0
0
0
0
0
0
0
0
0
2
4
5
7
9
12
15
17
20
0
0
0
0
0
0
27
33
36
39
0
0
1
3
4
6
14
20
21
23
2
5
6
7
8
9
30
37
39
40
4
9
10
11
12
14
15
20
21
22
8
12
13
15
16
18
20
24
26
28
8
11
13
14
19
20
30
36
39
40
21
26
29
32
33
34
35
39
42
45
2
5
6
7
8
9
10
15
16
17
11
18
19
21
22
23
36
44
45
47
18
23
24
25
26
28
29
35
36
37
30
35
38
41
43
45
46
49
52
55
12
15
16
17
19
20
21
24
25
26
0
13
16
19
21
23
24
28
31
34
9
13
15
18
20
21
22
29
32
35
5
8
10
11
19
22
26
31
36
38
22
26
29
33
34
35
36
40
43
46
9
12
14
15
17
19
20
23
25
26
1
7
10
12
13
15
35
44
47
49
13
17
18
20
23
24
38
47
48
49
12
18
19
20
22
24
33
43
44
45
1
6
8
11
13
15
16
21
23
26
9
15
17
18
20
22
23
29
31
32
0
4
7
9
10
11
17
21
24
26
6
10
13
16
21
23
34
39
40
43
16
20
22
23
25
26
27
30
32
33
4
8
11
13
14
15
17
21
24
27
18
23
26
29
30
31
33
38
41
47
6
20
22
23
25
26
27
30
33
34
22
29
33
36
37
38
39
43
46
49
9
14
15
16
17
18
37
45
46
47
19
25
28
31
32
33
34
38
41
44
2
7
8
10
11
13
15
19
20
23
5
10
13
14
15
16
30
38
41
42
3
7
8
11
17
20
26
32
33
35
33
41
44
46
47
48
50
54
57
59
6
11
12
13
15
17
25
33
34
38
4
9
12
13
15
16
17
22
25
26
2
6
9
11
12
13
15
19
22
25
30
39
42
43
45
46
47
54
57
58
6
13
15
18
20
22
23
28
30
33
28
36
38
41
43
45
46
51
53
56
30
36
39
42
45
47
48
51
54
57
27
34
35
37
38
40
42
46
47
49
11
15
16
17
18
19
24
31
32
37
3
6
7
8
9
10
15
19
20
22
7
12
14
18
23
25
33
41
44
47
3
6
8
9
11
12
24
31
33
34
25
32
35
36
37
38
39
44
47
48
26
33
36
38
39
40
42
53
56
59
33
41
43
44
46
48
49
52
55
56
0
3
4
5
6
7
23
28
29
30
6
10
13
16
18
20
21
24
27
30
60
