time_cost:2940022ms
ontime_proportion:0.755556
max_delay:26
avg_delay:3.377778
avg_flowtime:30.044444
object function value:2445.925926
0
0
0
0
0
0
0
1
6
9
10
0
2
4
6
7
9
23
28
35
37
0
0
0
0
0
0
0
0
0
3
0
1
3
5
6
9
17
25
27
29
0
0
0
0
0
0
0
0
0
0
0
4
8
10
11
13
38
48
52
54
0
0
1
3
5
7
14
20
23
26
0
0
1
2
3
5
23
31
34
35
0
0
0
0
0
0
0
0
2
5
0
0
0
0
0
0
7
12
14
16
0
0
0
0
0
0
0
0
0
2
0
0
2
4
8
12
26
33
36
38
0
0
0
0
0
0
0
0
3
6
0
2
4
6
7
8
12
18
22
24
0
0
0
0
0
0
0
0
0
0
0
0
0
0
0
0
9
14
24
26
0
0
0
0
1
2
20
26
29
31
0
0
0
0
0
0
0
1
5
8
0
0
0
0
0
0
0
0
0
1
0
0
0
0
0
0
0
0
0
0
0
0
0
0
0
0
0
3
6
9
0
4
6
8
9
10
24
29
32
35
0
0
0
0
0
0
9
14
17
20
0
0
0
0
0
1
18
24
26
28
0
0
0
0
0
0
23
30
33
36
0
0
0
0
4
11
30
40
44
46
0
0
0
0
0
0
0
0
0
0
0
0
0
0
1
2
34
41
43
45
0
0
0
0
0
6
23
31
34
36
0
0
0
0
0
0
0
3
4
8
0
0
0
0
0
0
0
0
1
3
0
0
0
0
2
4
34
43
45
47
0
0
0
0
0
0
20
26
29
32
0
0
0
0
0
0
0
1
6
9
0
0
0
0
0
0
0
0
7
11
0
0
0
2
4
10
22
29
32
34
0
0
0
0
0
0
0
0
0
1
0
0
0
0
0
0
0
0
0
4
0
0
0
0
1
3
14
21
24
26
0
0
0
1
3
5
17
23
31
33
14
18
21
24
27
30
32
37
44
47
9
13
16
19
21
23
39
47
50
53
10
15
18
21
24
26
28
34
40
45
18
26
29
32
34
35
37
44
48
51
0
5
9
11
13
15
33
43
46
52
14
19
21
23
24
25
30
38
41
43
0
4
8
10
11
15
30
38
40
42
2
6
7
9
10
12
17
21
29
31
6
9
13
15
16
18
20
27
28
30
15
21
24
27
31
34
36
45
49
52
4
10
15
16
17
19
29
38
41
42
11
14
16
18
19
21
22
28
31
33
10
17
22
24
26
28
31
42
45
49
3
15
18
19
32
35
37
48
51
52
14
20
23
24
25
28
30
41
47
48
21
28
30
32
33
34
36
45
47
49
3
8
10
11
12
14
26
33
35
38
15
21
24
27
28
29
34
43
47
50
4
7
10
13
14
15
27
33
37
40
8
12
14
16
17
18
35
44
48
50
20
24
26
27
28
29
31
36
38
39
5
10
13
16
18
19
21
28
31
34
8
11
14
19
22
24
27
32
36
39
12
18
19
21
23
25
26
31
42
45
2
6
10
13
15
17
27
35
38
41
6
10
12
14
19
21
30
40
42
44
7
13
16
19
21
22
26
35
38
43
4
15
19
21
25
27
29
38
43
44
1
6
8
9
10
11
20
26
28
29
4
9
11
15
19
21
34
42
46
48
17
23
26
29
31
33
35
40
44
48
8
14
17
19
21
23
24
30
33
35
11
16
19
22
23
24
27
35
42
45
2
6
9
11
12
16
40
50
53
55
9
13
16
18
20
22
23
29
39
41
12
18
20
22
29
32
34
43
47
50
16
24
26
28
30
32
39
49
52
54
5
9
11
12
15
19
39
50
53
54
19
26
28
30
31
32
38
48
51
53
0
4
6
7
8
13
25
33
36
38
12
19
21
25
26
27
41
50
53
54
16
23
25
26
27
30
35
46
49
50
7
10
13
18
19
20
28
35
39
42
5
8
9
11
12
14
17
22
23
27
24
30
33
36
38
40
42
45
48
51
19
24
27
29
33
36
38
49
52
54
5
8
11
14
15
17
30
38
41
44
10
16
19
23
24
26
37
47
50
52
25
31
34
37
39
41
43
46
50
53
13
19
21
23
29
31
33
41
44
47
56
