time_cost:3041305ms
ontime_proportion:0.800000
max_delay:27
avg_delay:3.466667
avg_flowtime:26.277778
object function value:1875.925926
0
0
0
0
3
5
6
8
13
15
20
0
0
0
0
2
3
12
17
40
41
0
0
0
0
0
0
0
2
4
5
0
0
0
0
0
2
10
15
17
19
0
0
2
4
5
7
14
23
25
27
0
0
0
0
0
0
0
3
6
9
0
0
0
0
0
0
0
0
0
0
0
2
4
6
7
9
11
15
17
19
0
3
4
7
9
12
31
38
47
51
0
0
0
0
0
2
10
16
18
20
0
0
0
0
0
0
5
11
13
15
0
0
0
1
3
4
32
37
46
49
0
0
0
0
0
0
0
0
0
0
0
0
0
0
0
0
6
11
14
18
0
0
0
0
0
2
14
19
24
26
0
0
0
0
0
0
0
0
0
0
0
0
0
0
0
0
28
34
39
43
0
0
0
0
0
0
0
0
1
4
0
0
0
0
0
0
0
0
0
5
0
0
0
0
2
3
11
17
19
20
0
0
0
0
0
0
0
1
4
5
0
0
0
0
0
0
0
0
0
1
0
0
0
0
0
0
0
0
4
6
0
0
1
4
6
8
29
38
47
50
0
0
0
0
0
0
31
38
50
52
0
0
0
0
0
0
0
1
3
4
0
0
0
0
0
0
0
0
0
2
18
24
28
30
31
33
34
38
42
44
0
0
0
1
3
5
11
17
19
23
0
0
0
0
0
0
0
0
1
3
0
0
0
0
1
3
36
45
54
56
0
0
0
0
0
0
0
0
0
0
0
0
0
0
0
0
0
0
0
9
0
0
0
0
2
4
24
30
36
38
0
0
0
0
0
0
0
0
0
0
0
0
0
0
0
0
10
17
18
22
0
0
0
0
0
1
10
14
18
20
0
0
0
0
0
0
0
3
5
8
0
0
0
0
0
0
0
2
3
11
0
0
0
0
0
0
0
0
1
4
3
8
11
13
16
18
20
24
26
29
23
29
33
36
38
39
41
45
50
53
0
4
6
8
9
10
19
25
29
31
3
7
9
11
12
13
15
19
21
23
9
14
19
21
23
24
32
40
44
46
24
30
33
35
36
38
39
43
46
48
7
13
16
18
19
21
22
28
31
33
7
12
14
15
17
18
23
28
34
38
22
27
31
34
36
37
39
42
44
47
0
3
5
8
10
11
24
30
35
38
2
8
11
13
17
20
30
37
43
45
6
9
13
19
21
22
27
32
35
42
2
5
7
8
10
11
33
43
45
47
10
16
21
24
26
27
35
43
48
53
24
30
32
35
37
38
40
44
46
49
7
14
17
19
21
22
27
35
41
43
0
4
12
14
18
23
28
36
45
47
28
35
37
40
42
44
45
49
52
56
4
9
11
12
14
15
16
19
21
24
14
22
24
26
27
29
31
35
41
43
7
11
13
15
16
21
27
34
41
43
17
26
28
30
34
36
38
47
55
57
15
23
27
31
33
35
36
40
42
45
14
17
30
33
35
36
37
41
45
49
10
14
16
17
19
20
21
24
28
33
23
28
32
36
38
39
41
44
46
49
26
32
39
41
42
43
45
49
51
53
27
33
37
39
40
42
43
48
50
53
6
11
14
16
18
19
22
27
30
32
2
6
8
11
13
15
16
20
22
27
30
35
38
41
43
44
46
49
51
54
12
21
23
25
26
27
29
34
40
42
20
25
27
30
32
34
36
45
51
54
1
5
9
11
14
16
17
21
26
28
5
10
12
14
15
17
18
23
25
27
13
18
20
22
23
24
26
31
35
38
19
27
30
33
35
36
38
42
43
46
6
10
12
14
15
17
19
25
28
30
3
7
10
12
13
19
25
30
38
40
4
9
11
14
17
19
26
32
38
39
19
26
30
32
33
35
36
41
49
52
25
33
35
37
38
40
41
46
49
51
32
37
41
43
44
46
47
51
54
57
14
21
25
28
30
31
33
36
38
41
2
7
8
11
13
14
16
20
21
24
2
6
7
10
12
16
18
23
25
30
21
27
30
32
33
35
36
40
43
45
13
18
22
25
27
28
30
33
35
38
2
6
9
11
13
14
16
20
23
25
6
12
15
18
20
22
23
30
32
35
58
