time_cost:2139842ms
ontime_proportion:0.755556
max_delay:27
avg_delay:3.666667
avg_flowtime:28.977778
object function value:2410.370370
0
0
0
0
0
0
0
7
10
13
16
0
0
0
0
0
1
8
12
14
16
0
0
0
3
5
7
12
17
20
23
0
0
0
0
0
0
0
2
4
8
0
0
0
1
2
4
13
19
20
22
0
0
0
0
0
0
0
0
2
4
0
0
0
0
0
0
12
15
16
18
0
0
0
0
0
1
12
15
16
18
0
0
0
0
1
3
10
17
20
22
0
0
0
0
1
3
8
13
15
17
0
0
0
0
0
0
0
0
1
4
0
0
0
3
5
6
15
20
23
26
0
0
0
0
0
2
14
20
21
23
0
0
0
0
0
0
0
0
0
6
0
0
0
4
6
8
13
18
20
22
0
0
0
0
0
0
15
24
26
28
0
0
0
0
0
0
0
7
9
11
0
0
0
0
0
0
0
0
2
3
0
0
0
0
0
0
0
2
13
16
0
0
0
0
0
0
19
26
28
32
0
0
0
0
0
0
17
22
25
26
0
0
0
0
3
5
12
16
20
24
0
2
4
6
7
9
20
28
30
32
0
0
0
0
0
0
12
17
21
33
0
0
0
0
0
0
0
0
0
1
0
0
0
0
0
0
0
4
6
8
0
0
0
0
0
0
0
0
0
0
0
0
0
0
3
4
15
19
22
24
0
0
0
0
0
2
23
30
32
34
0
3
6
9
10
11
16
20
24
27
0
0
0
0
0
0
0
0
0
0
0
0
0
0
0
0
0
0
0
0
0
0
3
5
7
9
28
39
42
44
0
0
0
0
1
3
10
14
18
21
0
0
0
0
0
0
19
23
25
27
0
0
0
0
5
7
22
28
31
33
0
0
0
2
4
6
11
16
18
20
0
0
0
0
0
0
0
1
5
7
0
0
2
3
4
5
13
20
22
23
0
0
0
0
0
0
0
0
0
1
8
15
19
21
22
24
26
30
32
34
1
4
7
10
12
14
24
30
33
39
6
11
14
17
19
21
24
33
38
41
5
8
9
11
12
14
24
31
34
36
2
7
10
11
12
14
16
21
24
25
21
28
30
31
32
33
35
39
44
45
19
28
31
32
33
35
37
42
45
46
5
10
11
13
18
22
27
39
42
44
5
8
11
14
16
18
27
36
39
45
1
4
5
7
8
10
27
32
36
40
24
31
34
37
38
39
41
44
47
50
9
13
15
17
18
19
31
40
44
46
0
5
7
14
16
20
30
41
45
47
20
26
28
29
30
31
33
45
47
48
4
7
8
10
11
13
26
32
36
39
0
5
7
16
18
20
29
34
39
41
9
14
17
20
22
23
32
43
46
49
4
11
13
21
23
25
32
47
49
51
22
28
30
32
33
35
36
39
41
43
7
13
17
19
21
23
29
35
41
49
15
21
27
30
32
33
35
40
43
46
27
35
37
38
39
40
42
48
50
51
17
24
27
30
32
33
35
40
43
47
3
8
10
12
14
16
18
23
25
34
24
32
35
38
40
42
44
47
50
53
2
6
8
10
14
16
37
50
53
55
7
26
28
30
32
34
36
46
48
50
6
11
13
15
17
19
29
36
46
48
25
33
38
39
40
41
43
47
49
51
15
19
23
25
26
28
30
35
41
44
23
29
33
36
37
38
40
43
46
49
2
6
9
11
13
14
30
37
47
49
19
25
28
31
34
36
38
41
44
48
25
34
37
40
42
44
46
49
52
55
19
25
32
35
37
38
40
45
48
51
24
29
35
37
39
41
43
48
50
52
4
9
12
13
14
16
18
23
26
27
13
24
26
28
30
32
35
50
52
54
27
37
40
42
43
45
47
52
54
56
20
27
30
32
33
35
37
43
49
51
2
16
23
26
28
30
39
52
55
58
8
13
16
19
21
23
37
52
55
58
0
3
38
41
42
43
45
48
51
54
9
15
17
19
20
25
40
55
58
60
28
33
39
41
42
43
45
49
52
54
27
37
41
43
45
47
49
54
56
58
23
32
37
42
44
46
47
52
53
55
3
8
11
12
14
16
32
37
43
44
31
41
43
45
46
48
50
55
58
60
3
9
11
13
16
18
34
38
51
53
61
