time_cost:2630908ms
ontime_proportion:0.755556
max_delay:30
avg_delay:4.200000
avg_flowtime:29.966667
object function value:2443.333333
0
0
1
3
6
7
9
24
27
29
32
0
0
0
0
0
0
0
0
1
6
0
0
1
5
7
9
13
17
19
22
0
0
0
1
2
4
7
10
12
17
0
0
2
3
4
6
13
18
21
22
0
0
0
0
0
0
0
0
0
2
0
0
0
0
0
1
24
29
32
33
0
0
0
1
15
18
39
44
46
49
0
0
0
0
0
1
2
9
12
13
0
0
0
2
4
5
36
43
46
49
0
0
0
0
0
0
17
22
26
27
0
0
0
0
0
1
44
49
51
56
0
3
5
6
7
8
42
46
48
49
0
0
0
1
2
4
45
51
54
55
0
0
0
0
0
0
10
17
18
22
0
1
4
5
9
11
39
46
49
50
0
0
2
3
6
7
36
42
45
46
0
0
0
0
0
0
13
19
29
32
0
0
0
0
0
0
0
0
0
3
0
5
7
9
10
11
12
17
19
21
0
0
0
0
0
0
0
0
1
3
0
0
0
0
0
0
0
0
0
0
0
0
0
0
0
0
42
47
49
52
0
0
0
0
0
0
0
0
0
0
0
0
0
0
4
6
27
34
37
38
0
4
6
7
8
10
19
24
27
28
0
0
0
0
0
0
0
0
0
0
0
0
0
0
0
0
0
3
6
7
0
0
0
0
0
1
37
44
47
48
0
0
0
0
0
0
3
6
9
12
0
5
7
10
11
12
30
38
40
43
0
0
0
0
0
0
13
18
20
21
0
0
0
0
1
3
16
24
26
28
0
0
0
0
2
4
45
48
51
54
0
0
0
0
0
0
8
12
15
17
0
0
0
0
0
0
0
0
1
2
0
1
3
4
5
7
10
16
18
19
0
0
0
0
3
5
26
31
35
37
0
0
0
0
1
2
49
54
58
59
0
0
0
0
0
0
0
0
0
0
15
20
25
28
30
32
33
39
41
44
8
11
14
15
16
21
39
42
44
45
22
30
34
35
36
38
40
49
51
52
0
3
5
8
10
12
22
28
31
34
3
8
11
12
13
15
16
21
25
26
6
12
15
16
19
21
29
35
38
39
26
30
32
35
37
39
40
44
48
51
10
13
15
16
17
18
28
31
33
34
5
11
13
15
16
17
18
23
29
31
23
28
31
34
36
37
38
44
47
50
21
26
28
29
30
32
34
39
41
42
8
15
23
25
26
27
31
42
44
46
3
8
10
12
14
16
22
27
29
31
4
8
9
12
14
16
18
22
23
26
14
18
20
23
25
27
28
32
35
39
31
35
36
39
41
43
48
53
55
58
10
15
17
20
21
23
31
37
39
42
26
31
34
36
37
39
43
54
58
59
6
12
15
16
17
19
21
26
31
33
0
4
5
7
12
14
36
43
46
48
0
3
5
7
8
9
25
29
34
35
2
6
7
16
18
20
23
39
42
45
35
39
41
44
46
48
49
52
55
58
20
24
25
27
28
30
32
36
37
39
9
14
16
18
19
20
35
40
42
44
13
20
27
30
32
34
36
41
42
44
32
37
39
41
42
43
48
54
57
59
14
19
21
22
23
25
27
32
34
37
31
36
39
40
41
43
44
49
52
54
21
26
28
29
30
32
34
40
48
49
10
15
17
19
20
21
27
38
40
42
11
18
21
23
24
25
27
34
36
39
26
32
35
36
38
40
41
49
52
53
29
33
36
37
38
40
45
51
54
55
3
8
11
12
13
15
18
23
26
27
1
6
8
11
12
13
40
46
49
51
18
21
23
26
27
29
36
41
43
46
6
11
13
14
15
23
47
50
53
54
8
13
22
25
27
28
32
46
49
52
4
15
18
19
20
22
29
36
39
40
24
29
31
32
33
35
37
42
44
45
17
25
28
31
33
34
35
40
44
47
2
6
7
10
12
14
16
20
21
24
9
13
14
16
18
20
31
35
36
38
6
10
11
14
16
18
20
25
26
29
11
16
17
20
22
24
41
48
50
53
33
36
38
41
43
45
46
49
54
58
15
21
23
24
25
27
39
44
46
47
21
28
32
34
35
36
40
47
50
53
5
10
12
14
15
16
17
22
24
26
60
