time_cost:2485854ms
ontime_proportion:0.700000
max_delay:32
avg_delay:4.544444
avg_flowtime:31.333333
object function value:3044.444444
0
0
0
0
0
0
0
5
8
12
14
0
0
0
0
0
0
0
0
0
0
0
0
0
0
0
1
25
29
32
35
0
0
0
0
0
0
0
0
0
1
0
0
0
0
0
0
12
18
21
22
0
0
0
3
5
7
31
43
46
49
0
3
5
7
8
9
11
16
18
20
0
0
0
0
0
0
0
0
2
4
0
0
0
0
0
0
11
15
18
20
0
1
4
7
13
15
39
46
51
57
0
0
0
2
4
5
27
36
39
42
0
0
0
0
0
0
0
0
0
0
0
0
2
5
6
7
26
33
37
40
0
0
0
0
0
1
16
23
25
27
0
0
0
2
4
6
23
33
35
37
0
0
0
0
0
1
9
18
20
23
0
0
0
0
0
0
0
2
3
7
0
0
2
4
5
6
31
37
40
43
0
0
0
0
0
0
0
0
0
11
0
0
0
0
0
0
15
20
22
24
0
0
0
0
0
0
0
0
0
0
0
0
0
0
0
0
14
21
23
25
0
0
3
6
8
17
29
40
43
46
0
0
0
0
0
0
17
21
23
25
0
0
0
2
3
4
31
36
38
40
0
0
0
0
0
0
0
0
1
3
0
0
0
0
0
2
24
33
36
37
0
0
0
0
0
0
0
0
0
2
0
0
0
0
0
0
0
0
0
0
0
0
0
0
0
0
0
2
3
6
0
0
0
0
1
3
20
27
30
31
0
0
0
0
0
0
0
0
0
0
0
0
0
0
2
5
25
33
36
37
0
3
5
7
12
14
26
36
38
40
0
0
0
0
0
0
0
0
0
0
0
0
0
0
1
3
25
34
36
37
0
5
8
9
10
12
14
23
26
27
0
3
5
7
8
9
29
35
37
39
0
0
0
0
0
0
40
47
49
51
0
0
0
0
0
0
0
0
0
0
13
17
20
23
24
27
36
46
50
53
12
17
20
25
30
32
42
51
54
57
7
13
16
19
21
22
37
45
48
51
4
7
10
21
23
25
37
42
45
48
8
12
15
17
18
19
29
38
40
42
3
6
9
12
13
14
22
27
30
33
6
9
14
17
18
19
23
30
33
36
20
26
29
32
34
36
44
54
57
60
15
20
22
24
26
28
35
42
44
46
20
27
29
31
33
35
39
48
50
52
5
9
11
12
14
15
44
53
55
56
2
10
13
16
18
19
23
30
33
37
6
14
16
18
21
23
31
38
43
47
11
16
18
20
25
27
35
44
48
50
15
19
21
23
24
26
33
40
42
44
16
24
26
28
31
38
47
55
57
59
0
15
18
21
22
23
27
35
40
43
4
9
10
12
14
16
17
22
25
28
1
5
7
9
10
11
28
37
39
41
12
21
24
27
29
31
36
42
45
50
0
3
4
6
7
9
25
29
31
34
3
6
7
9
10
12
28
32
40
42
20
25
28
31
35
37
46
54
57
60
0
4
6
8
9
10
23
32
35
37
20
24
27
31
32
33
35
38
42
45
19
25
27
29
30
31
33
39
48
50
4
7
9
11
12
14
17
22
23
27
8
11
14
16
19
21
28
32
36
38
11
16
19
20
22
24
32
39
42
43
16
22
25
26
28
34
42
50
53
54
1
4
7
10
11
13
26
31
32
35
9
14
17
19
21
24
29
41
45
47
7
12
15
16
17
19
21
28
31
32
7
11
13
15
16
17
19
23
25
27
18
26
29
32
34
35
37
46
49
52
3
6
7
9
10
12
14
20
24
26
9
13
16
18
23
25
32
46
49
51
2
7
12
14
16
17
30
41
43
45
0
4
6
7
9
10
47
57
59
60
12
18
20
22
28
30
42
49
51
53
3
8
11
14
16
17
32
39
42
45
29
34
37
40
41
42
44
51
54
57
19
25
27
29
31
33
37
45
47
49
4
9
10
12
14
16
18
23
27
30
6
10
13
18
20
22
24
29
32
35
9
14
17
18
19
21
32
43
47
48
6
11
14
15
16
26
34
48
51
52
16
20
23
25
27
29
40
49
52
54
23
30
33
36
37
38
40
43
46
49
9
13
16
18
19
21
28
33
34
36
62
