time_cost:2556253ms
ontime_proportion:0.644444
max_delay:30
avg_delay:4.588889
avg_flowtime:33.533333
object function value:3673.333333
0
0
0
2
5
6
7
10
17
23
25
0
0
2
4
5
7
10
19
21
25
0
0
0
0
0
0
5
11
14
17
0
0
0
0
0
1
8
11
13
15
0
2
6
11
13
15
24
29
35
38
0
0
0
0
0
4
25
31
37
43
0
0
0
0
0
0
10
16
17
20
0
0
2
4
6
8
30
38
41
43
0
0
0
1
2
4
23
28
32
34
0
0
0
2
3
4
16
22
26
28
0
0
2
4
5
6
16
20
24
26
0
0
0
2
4
5
39
46
50
53
0
0
0
0
0
0
0
0
0
0
0
0
0
0
0
0
0
0
0
2
0
0
0
0
0
0
0
2
4
6
0
0
0
0
0
0
0
2
4
6
0
0
0
0
0
0
0
2
4
6
0
0
2
4
5
6
29
33
40
42
0
0
4
7
9
10
23
28
36
39
0
0
0
0
1
3
10
16
20
23
0
0
0
0
0
0
0
0
0
3
0
0
0
0
1
3
34
42
46
48
6
10
12
14
15
16
20
25
30
32
0
0
0
0
2
3
17
21
25
28
0
0
0
0
0
1
26
31
34
38
0
0
0
0
0
0
15
18
20
23
0
4
6
7
9
10
20
25
27
28
0
3
4
7
9
10
21
27
34
37
8
13
16
18
19
22
30
35
44
46
0
1
3
6
8
9
18
24
28
36
0
0
0
0
0
0
14
18
23
25
0
2
6
9
11
12
44
49
54
58
0
0
0
0
0
0
0
0
0
0
0
0
0
0
0
0
0
0
0
0
0
0
0
0
0
0
21
28
34
37
13
21
23
25
26
28
29
34
39
41
0
0
0
0
0
1
22
27
36
39
0
0
0
0
0
0
0
0
0
0
0
0
0
0
0
0
9
15
17
21
0
0
0
0
0
0
0
0
0
0
2
7
10
12
13
15
36
43
48
50
8
14
18
20
21
23
24
29
32
34
16
22
25
27
29
30
32
39
43
45
6
11
13
21
23
28
37
43
50
53
1
5
7
10
12
14
18
29
31
34
0
5
7
9
10
12
23
29
34
36
18
24
27
30
32
33
35
41
43
46
14
19
22
24
26
27
29
33
37
39
14
25
28
31
33
34
40
47
51
55
12
16
22
24
27
29
31
36
39
41
5
9
11
13
20
22
47
54
61
63
9
14
16
19
21
23
24
28
31
34
3
9
12
14
16
17
30
36
41
45
17
23
28
32
33
34
37
43
50
52
5
9
11
13
16
20
31
35
42
44
9
17
19
22
24
25
44
53
58
61
17
22
25
27
28
29
33
38
46
50
5
10
12
14
15
16
26
31
41
43
7
12
14
15
17
18
33
39
43
47
14
19
25
28
30
31
35
38
47
50
4
13
14
17
19
20
33
37
42
45
18
23
26
28
29
31
40
47
54
56
27
36
39
41
43
44
46
50
56
58
22
27
30
32
33
35
44
52
57
59
6
12
13
16
18
19
21
26
28
33
0
4
9
14
16
24
35
40
49
51
2
7
9
12
14
15
39
45
48
52
4
8
10
12
13
14
16
20
23
26
2
6
8
10
11
13
20
24
29
31
25
31
34
36
38
39
44
51
58
60
5
12
14
16
17
19
26
32
37
39
36
42
45
48
50
51
53
57
60
63
13
17
19
22
24
25
37
44
49
52
1
7
9
13
14
18
29
35
42
44
2
6
9
13
15
19
40
46
52
54
3
6
8
9
11
12
13
16
19
20
1
8
11
15
23
25
32
37
45
47
14
19
27
31
33
34
36
40
47
51
6
13
15
17
18
21
34
43
47
49
9
15
17
19
20
22
42
50
56
58
20
26
31
33
34
36
37
41
48
51
21
26
33
35
36
37
39
44
51
53
0
4
6
9
14
17
25
30
37
41
20
26
31
34
36
37
44
54
59
62
18
22
24
29
31
32
34
41
44
47
9
14
16
19
22
24
40
48
53
56
13
18
20
23
25
26
33
37
44
53
11
16
20
23
25
26
28
34
39
42
11
14
16
17
19
20
27
34
36
40
28
32
40
42
43
45
46
50
53
55
65
