time_cost:1528853ms
ontime_proportion:0.666667
max_delay:37
avg_delay:6.111111
avg_flowtime:29.888889
object function value:3329.629630
0
0
0
2
5
7
9
31
43
49
52
0
0
0
0
0
1
12
19
22
25
0
0
0
0
0
0
0
0
0
0
0
0
0
1
3
4
15
23
25
29
0
0
1
3
4
5
21
29
32
34
0
0
0
0
1
2
28
38
40
43
0
12
14
16
17
18
31
37
43
45
0
0
0
0
0
0
0
0
1
2
0
0
0
0
1
3
11
24
26
28
0
0
0
0
0
0
0
0
0
2
0
0
0
0
0
0
0
0
0
0
0
4
6
8
9
11
13
17
19
23
0
0
1
4
6
7
12
31
34
40
0
0
0
1
3
5
9
23
25
28
0
0
0
0
0
6
23
31
34
37
34
39
46
49
51
52
54
59
60
63
0
0
0
0
0
0
0
0
3
7
0
0
0
0
2
8
30
40
48
54
0
0
0
0
0
0
0
0
0
0
0
1
3
5
6
8
18
26
30
32
0
3
5
7
8
10
38
43
52
54
0
0
0
3
5
6
18
26
29
32
0
0
0
0
0
0
30
40
45
48
0
0
0
0
1
2
11
17
20
21
16
22
28
30
31
32
37
42
52
54
0
0
0
0
0
0
0
0
10
14
0
0
0
0
0
0
7
13
15
19
0
0
0
0
0
0
13
19
21
24
0
0
0
0
0
0
28
35
42
47
0
0
0
0
0
0
10
17
20
22
0
0
0
2
3
4
14
21
25
27
0
0
0
0
0
0
0
0
2
5
0
0
0
0
0
0
0
0
0
0
0
0
0
0
0
0
0
0
5
11
0
0
0
0
0
0
9
15
19
21
0
0
0
0
0
0
0
0
0
3
7
13
15
17
18
19
21
25
27
29
0
0
0
0
0
0
0
0
2
14
4
9
11
13
14
16
17
22
24
27
0
0
0
0
0
0
0
0
0
0
30
38
43
46
48
49
51
56
57
60
1
8
10
11
13
14
39
44
54
57
12
24
26
28
29
30
32
36
38
42
28
35
38
41
43
44
46
50
51
54
1
5
8
10
11
13
14
18
21
23
4
10
12
14
15
17
20
29
32
34
0
6
8
10
11
12
14
19
21
25
5
11
13
17
19
20
38
44
54
55
3
8
10
12
14
16
25
33
38
39
8
15
18
20
21
23
30
45
47
49
6
13
15
18
20
21
23
29
31
34
18
26
30
32
33
35
36
40
43
45
4
11
13
16
17
18
24
35
37
39
22
32
36
38
39
41
42
46
49
51
31
37
45
47
48
50
51
55
58
60
4
9
11
13
14
15
17
21
23
25
4
7
9
10
12
14
15
18
21
22
8
15
17
20
23
25
26
32
37
40
21
29
33
36
38
39
41
45
55
58
22
31
34
36
37
39
40
44
47
51
32
40
47
50
52
53
55
60
61
64
13
20
24
26
27
28
32
39
45
47
6
13
15
18
20
22
23
27
29
32
0
4
6
9
11
13
14
18
20
23
9
15
18
20
21
23
24
28
31
33
27
34
40
42
44
45
47
51
54
56
8
14
16
19
22
23
25
31
35
38
0
6
9
11
13
14
16
20
23
25
35
42
50
52
53
56
58
62
64
66
28
33
39
43
45
46
47
50
56
57
7
15
17
19
20
22
33
47
51
53
8
17
18
21
23
24
26
34
36
39
24
31
36
38
39
41
43
47
49
51
18
25
28
30
32
33
35
42
45
47
0
4
6
8
9
10
30
36
41
43
15
24
28
31
33
34
36
41
42
45
1
4
6
7
9
10
11
15
17
18
4
11
13
14
16
17
25
35
39
40
1
5
8
10
13
14
20
26
33
38
28
35
40
43
45
47
48
52
55
58
20
28
29
32
34
35
37
41
42
45
4
8
11
13
14
16
17
21
24
26
1
9
12
14
16
17
26
37
40
45
5
12
15
17
18
20
26
37
40
42
22
29
32
34
35
37
38
42
45
48
9
20
22
23
25
26
27
33
35
36
35
41
49
52
54
55
57
60
62
66
35
40
47
49
50
54
56
60
63
65
4
7
9
10
12
13
18
24
32
33
5
10
13
15
16
18
19
23
26
28
68
