time_cost:1990703ms
ontime_proportion:0.833333
max_delay:27
avg_delay:1.566667
avg_flowtime:28.244444
object function value:1608.148148
0
0
0
1
3
4
6
10
14
16
18
0
0
0
0
0
0
14
17
20
23
0
0
0
0
0
0
0
0
0
1
0
0
0
1
2
4
7
12
15
16
0
0
0
0
0
0
15
19
21
27
0
0
2
5
6
8
10
13
15
18
0
0
0
0
1
3
12
15
18
22
0
0
0
0
0
0
0
0
0
2
0
0
0
0
0
0
0
0
0
0
0
0
0
0
0
0
0
0
1
3
0
0
0
2
4
6
10
14
16
21
0
0
1
2
3
5
6
10
13
15
0
0
0
0
0
0
13
17
19
22
0
0
0
0
0
2
7
12
14
15
0
0
0
0
0
0
0
0
0
0
0
2
4
5
6
7
12
16
18
19
0
0
0
0
0
0
0
1
3
4
0
0
0
0
0
1
10
17
20
23
0
3
6
7
8
10
13
18
21
22
0
0
0
0
0
0
13
19
22
23
0
0
0
0
0
0
0
0
0
1
0
0
0
0
0
0
0
20
24
25
0
0
0
0
0
0
0
0
0
1
0
0
0
0
0
0
0
0
0
0
6
10
11
13
14
16
21
26
27
29
0
0
0
2
3
5
18
23
25
28
0
2
3
6
8
10
23
28
31
34
0
2
4
7
9
11
18
21
24
27
0
0
0
0
1
2
18
23
25
26
0
0
0
0
0
0
16
22
24
25
9
13
15
16
17
19
28
35
41
42
0
1
3
4
5
6
15
20
23
24
0
0
0
0
0
0
0
0
0
0
0
0
0
0
0
0
0
0
0
0
0
3
5
6
7
9
13
18
20
21
0
0
0
0
0
0
18
22
23
37
0
0
0
0
0
1
25
28
32
37
0
0
0
0
0
1
25
30
35
38
0
0
0
0
1
3
10
14
16
18
0
1
3
6
7
9
22
26
28
31
8
15
17
18
19
21
23
28
31
32
15
19
21
24
25
27
29
32
35
38
18
25
29
30
31
33
34
39
42
43
7
11
12
14
19
21
30
35
38
40
3
6
8
12
13
15
25
30
33
36
17
23
26
29
31
32
33
38
43
46
2
6
7
10
13
15
27
32
34
37
15
21
22
25
27
29
31
35
37
40
13
17
18
20
21
23
31
37
42
44
17
24
26
27
28
30
32
37
39
40
0
3
14
17
19
21
28
33
36
39
5
10
13
16
18
19
20
25
28
36
5
8
10
11
12
13
15
22
25
26
2
7
10
13
15
16
27
33
39
42
18
24
27
28
29
31
32
36
40
41
22
28
30
33
34
36
38
41
44
47
3
7
8
10
11
13
14
18
19
21
11
15
17
20
22
24
35
43
48
51
19
26
27
30
32
34
36
40
41
44
17
23
26
31
33
34
35
40
43
46
20
27
30
31
34
36
37
42
45
46
21
27
29
32
34
36
38
42
47
50
1
4
6
9
10
12
27
33
36
39
25
29
34
35
36
38
39
44
51
52
30
36
40
41
42
44
46
51
54
55
8
15
23
24
25
27
38
45
53
54
4
8
10
13
16
20
37
44
50
53
27
32
36
39
40
42
44
47
49
52
5
10
12
15
16
17
29
35
40
44
25
31
34
36
38
40
41
45
46
48
6
9
11
12
13
14
35
40
46
47
25
36
41
42
45
47
48
52
55
56
22
30
33
34
35
37
38
43
46
47
22
27
31
34
37
38
39
44
48
51
1
5
6
8
9
11
29
36
42
45
21
34
38
41
43
45
47
51
52
55
29
34
39
42
44
46
47
50
52
55
0
5
7
8
10
17
41
47
58
59
5
11
14
18
20
22
39
45
56
59
28
33
42
45
46
48
50
53
55
58
6
10
11
15
17
19
30
37
47
50
3
8
10
11
12
13
17
21
24
29
0
5
9
11
27
29
41
48
59
60
3
6
29
32
36
38
39
42
44
47
1
4
6
9
15
17
35
43
55
58
32
38
45
48
49
51
53
56
58
61
2
7
10
11
12
14
22
30
35
36
32
42
47
49
50
51
52
57
59
61
10
15
18
19
23
25
42
49
60
61
25
30
32
35
38
40
42
46
47
53
62
