time_cost:8694ms
ontime_proportion:0.544444
max_delay:34
avg_delay:6.611111
avg_flowtime:31.988889
object function value:4621.851852
0
0
0
0
0
0
0
22
28
29
31
0
0
0
0
0
1
26
32
33
35
0
0
0
0
1
2
35
39
41
43
0
3
5
6
7
8
26
30
32
33
11
16
19
20
21
23
25
30
33
34
0
0
1
2
3
5
10
15
18
22
0
0
0
0
0
0
0
1
4
7
0
0
0
0
0
0
0
0
0
0
0
0
0
0
1
2
14
19
23
24
0
0
0
0
0
0
0
0
0
1
0
0
0
3
5
6
28
35
38
41
0
0
0
0
0
0
0
0
0
1
0
0
0
0
0
0
45
51
54
55
0
0
0
0
3
5
29
36
39
43
0
0
0
0
0
0
0
0
0
0
0
0
0
0
0
0
0
0
2
4
0
0
0
1
2
4
30
36
39
40
0
0
0
0
0
0
0
0
0
4
0
0
2
5
6
8
37
45
47
49
0
0
0
0
0
0
17
19
22
23
0
0
0
0
2
9
45
53
56
59
0
0
0
0
1
3
21
28
30
38
0
0
0
0
0
1
35
41
45
46
0
5
7
9
11
13
15
22
24
26
0
0
0
0
0
0
24
30
32
34
0
0
0
2
4
6
34
39
42
45
0
0
2
4
5
7
38
44
47
49
0
0
0
0
0
0
0
0
1
3
0
0
1
3
5
7
18
29
30
32
0
0
0
0
0
0
0
0
0
2
0
0
0
0
2
4
9
15
17
21
0
0
0
0
0
0
0
2
4
6
0
0
0
0
0
3
40
46
49
51
0
0
0
0
0
0
0
0
0
0
0
4
7
10
18
28
32
43
46
49
0
0
0
0
0
0
0
1
3
5
0
0
0
0
0
0
26
32
35
38
0
0
0
0
0
0
28
35
37
39
14
25
31
34
35
36
39
45
48
51
0
0
0
0
0
0
0
0
0
0
24
30
32
34
35
37
39
43
45
48
5
10
13
16
18
19
21
26
29
32
21
26
31
33
35
37
47
56
58
60
3
11
13
20
23
29
36
45
47
49
12
17
20
28
30
32
34
37
40
43
0
5
8
12
15
27
42
48
51
54
10
15
17
20
21
24
36
43
45
47
0
3
6
9
11
13
43
48
51
54
20
27
29
30
31
33
35
39
41
42
4
9
11
14
16
18
30
35
36
38
13
18
21
22
25
32
46
56
59
60
1
4
5
7
8
10
38
43
45
47
18
22
26
28
29
30
37
43
45
47
8
13
16
18
31
36
51
59
60
62
17
22
24
25
30
34
50
58
60
61
17
20
23
26
28
30
32
36
40
43
0
5
7
9
10
11
47
54
56
58
14
19
22
25
26
27
31
40
43
47
5
9
11
12
17
19
23
30
34
35
16
21
22
24
26
28
29
34
35
37
3
12
15
18
19
20
24
29
37
41
6
10
11
13
14
16
17
20
21
23
0
4
6
8
9
11
32
41
43
46
6
11
12
14
16
18
19
24
25
27
4
7
10
14
16
18
20
23
26
29
13
24
27
28
29
31
33
38
42
43
9
14
18
19
20
22
27
33
36
37
15
24
27
29
30
32
35
40
43
45
9
13
15
18
19
22
32
41
43
45
8
13
14
16
18
21
23
28
29
31
4
8
18
20
23
25
31
38
40
42
13
17
19
21
22
24
26
32
34
36
7
11
13
16
22
26
31
37
41
43
8
13
15
17
18
20
22
26
28
30
30
35
38
41
43
44
46
51
54
58
11
16
19
20
21
23
26
32
35
36
6
11
13
15
27
33
42
51
54
56
10
16
19
22
24
25
27
33
36
39
27
32
34
36
37
39
41
46
48
50
1
6
9
12
14
15
41
48
51
54
5
10
13
14
15
17
19
24
27
31
2
6
8
10
13
15
17
21
25
27
14
19
20
22
24
26
35
42
43
45
11
14
16
18
33
38
51
54
60
62
39
44
46
47
48
49
51
55
57
59
20
25
27
29
32
35
50
57
58
60
3
8
10
12
14
16
18
23
25
29
35
41
47
48
49
51
53
58
61
62
7
13
16
19
20
21
23
27
30
33
2
7
10
11
12
14
16
21
24
25
64
