time_cost:2436288ms
ontime_proportion:0.788889
max_delay:25
avg_delay:3.455556
avg_flowtime:26.633333
object function value:1998.888889
0
0
0
0
0
0
0
14
17
19
22
0
0
0
1
4
6
14
17
19
20
0
5
8
10
11
14
16
20
23
25
0
6
9
11
13
15
17
21
25
27
0
0
0
0
0
0
8
13
16
18
0
0
0
0
0
0
8
15
16
20
0
0
0
0
0
0
8
13
15
16
0
0
0
0
0
0
11
16
19
25
0
0
0
0
0
0
0
1
3
8
0
0
0
0
0
0
0
0
0
0
0
0
0
1
3
5
13
19
21
24
0
0
0
0
0
0
0
0
2
5
0
0
0
0
0
0
0
0
2
3
0
0
0
0
0
0
0
0
1
3
0
1
4
5
6
7
11
19
23
25
0
0
0
0
0
0
0
0
0
0
0
0
0
0
0
0
0
3
6
8
0
0
0
0
1
2
12
23
24
27
0
0
0
0
0
0
22
30
32
35
0
0
0
0
0
0
11
17
18
19
0
0
0
0
2
4
12
19
22
26
0
0
0
0
0
0
0
0
0
3
0
2
3
5
7
9
18
23
24
26
0
0
0
0
0
1
18
22
23
25
0
0
0
0
0
0
0
0
0
0
0
0
0
0
0
0
0
0
3
6
0
0
1
2
7
8
15
18
20
21
0
0
1
2
3
4
11
16
17
18
0
0
0
0
0
0
0
0
0
8
0
1
3
6
8
10
22
29
31
37
0
0
0
0
0
0
0
0
0
0
0
0
0
0
0
1
2
9
10
16
0
0
0
0
1
3
19
25
26
28
0
0
0
0
0
0
0
0
0
0
0
0
0
3
5
7
17
20
22
23
0
0
0
2
3
4
25
34
38
40
0
0
0
0
0
0
0
0
1
4
0
0
0
0
0
1
26
36
39
40
0
0
0
0
0
0
0
0
0
0
0
0
0
0
0
1
26
34
37
39
18
24
27
30
31
32
33
37
40
43
3
8
11
12
13
14
15
24
27
28
1
6
9
10
11
12
17
24
27
28
13
25
28
29
30
31
32
37
40
41
7
11
14
17
18
19
20
24
27
31
16
21
24
27
28
29
30
34
37
40
6
12
13
14
16
18
26
39
41
42
0
3
5
6
10
11
27
32
34
35
3
6
8
11
13
15
24
28
30
31
20
26
29
31
32
33
35
39
42
44
1
5
8
11
12
13
14
18
21
24
22
27
28
29
30
31
32
37
39
40
14
22
25
26
27
28
29
37
40
41
11
14
17
20
22
24
27
33
36
41
21
30
31
33
34
36
38
42
43
45
11
15
16
18
19
21
32
40
41
43
7
10
11
13
14
15
30
39
40
41
20
27
30
32
33
34
36
40
43
45
0
4
5
7
8
10
12
16
17
19
24
31
32
33
34
36
37
42
44
45
6
11
13
16
18
20
31
40
42
45
2
5
6
7
9
11
28
38
40
43
23
30
33
36
37
38
39
44
47
48
3
12
14
16
17
19
27
40
41
44
5
10
13
14
15
16
17
22
25
26
4
11
12
14
18
20
28
40
42
44
8
14
20
23
25
27
33
42
44
47
20
28
31
34
36
38
39
42
45
48
1
4
6
7
10
12
34
41
43
44
22
31
34
37
38
39
40
44
47
50
23
32
34
35
37
38
39
43
45
47
8
14
15
17
19
21
29
41
44
46
27
33
36
37
38
39
40
46
49
50
7
13
14
15
20
22
29
41
46
49
0
3
6
9
11
13
14
17
20
23
3
7
10
12
20
22
37
44
45
47
22
31
35
38
39
40
41
45
48
51
25
30
33
37
39
41
42
45
48
51
28
36
37
39
40
42
44
49
50
52
10
27
30
33
34
35
36
43
46
49
18
27
35
39
40
41
42
46
49
52
4
8
9
11
12
18
38
50
51
53
24
34
38
41
42
43
44
48
51
54
3
8
10
13
15
17
31
47
50
53
10
15
17
18
21
23
31
49
53
54
22
36
39
40
41
42
43
48
51
52
6
11
14
15
16
17
36
47
50
51
0
3
5
6
8
9
10
13
15
16
2
9
18
21
22
23
31
49
52
55
5
8
9
15
16
17
34
43
45
46
56
