time_cost:2756399ms
ontime_proportion:0.655556
max_delay:33
avg_delay:5.266667
avg_flowtime:36.144444
object function value:3649.259259
0
0
3
5
6
8
9
15
19
25
26
0
0
0
0
0
0
0
4
6
8
0
0
0
0
0
1
3
7
9
12
0
0
0
0
0
1
14
18
21
24
0
0
0
0
0
0
0
1
3
6
0
0
0
0
0
0
16
21
25
27
0
0
0
0
0
0
0
0
0
0
0
0
0
0
0
0
9
13
19
21
0
0
0
2
3
6
23
28
38
40
0
0
0
4
7
9
43
48
52
55
0
0
0
2
3
5
18
22
29
31
0
0
0
0
0
0
0
0
0
2
0
2
4
8
10
11
20
24
27
33
0
0
0
0
0
0
0
0
2
5
0
0
0
0
1
3
20
25
27
29
0
0
0
0
0
0
22
26
34
36
0
0
0
0
0
0
0
0
3
6
0
0
0
0
0
4
26
31
40
42
0
0
0
0
1
4
21
26
31
36
13
17
23
26
30
32
38
43
56
59
0
0
0
0
0
0
15
20
26
28
0
0
0
0
1
2
22
26
34
38
0
0
0
0
0
0
0
1
5
7
0
0
0
2
4
5
16
20
24
28
0
0
0
0
2
3
17
21
25
27
0
0
0
0
0
0
0
0
0
0
0
0
1
4
6
7
23
31
33
37
0
0
0
2
3
6
28
34
38
40
0
0
0
0
1
3
24
29
38
40
0
0
7
10
12
13
32
36
42
46
0
0
0
0
0
0
36
42
46
49
0
0
0
0
0
1
18
23
27
29
0
0
0
0
0
0
0
4
10
17
0
0
0
0
2
6
33
37
48
51
0
0
0
0
0
0
32
36
40
42
0
0
0
0
0
0
0
0
2
5
0
2
5
10
11
13
41
45
50
52
0
0
0
0
5
7
41
46
52
55
0
0
2
5
7
8
38
43
49
54
0
0
0
0
0
0
0
0
39
42
8
12
16
21
24
27
45
48
55
58
8
12
15
16
18
19
24
28
31
32
3
7
12
14
16
20
34
38
50
52
10
14
19
21
22
24
31
37
48
50
1
4
6
13
15
16
26
31
40
43
20
24
29
31
32
33
37
42
48
50
11
15
19
21
22
25
45
49
55
57
8
12
16
19
21
22
28
33
42
46
26
30
37
41
43
44
46
50
57
60
11
16
23
26
27
29
30
36
39
41
23
27
30
32
33
35
37
41
46
48
12
17
23
25
26
28
29
34
36
38
0
6
21
27
28
30
44
49
55
57
11
15
21
23
24
26
28
33
43
45
5
9
12
15
17
18
26
30
40
43
4
10
13
16
18
19
30
35
45
48
4
8
11
13
14
16
25
31
35
37
13
18
23
25
26
28
30
34
37
39
17
22
28
31
33
34
36
41
50
56
3
7
10
12
13
15
37
42
54
58
5
8
10
13
15
16
19
24
31
41
15
30
33
35
36
38
39
44
47
49
4
11
13
16
21
23
40
45
49
52
22
26
34
37
39
40
42
46
58
62
2
5
7
10
12
13
21
24
31
34
11
18
21
23
25
26
28
33
37
43
5
9
13
15
16
17
35
39
44
47
7
10
14
18
20
21
30
35
45
48
7
12
17
19
23
31
41
45
60
62
22
27
36
38
39
40
42
46
52
54
1
4
7
8
10
11
25
29
32
33
9
13
16
22
24
26
41
46
52
55
20
26
29
31
33
34
45
51
57
59
15
19
26
28
29
31
34
39
53
57
18
23
28
31
33
34
36
41
42
45
2
7
9
12
13
15
27
32
36
39
2
5
7
10
12
13
19
22
31
34
7
11
16
18
19
21
24
29
32
34
15
20
28
30
31
33
35
40
45
47
17
21
26
29
31
36
41
45
59
62
9
14
18
21
23
24
32
38
41
44
2
6
8
15
16
20
33
37
42
44
4
8
11
14
19
22
34
39
44
46
6
11
13
16
18
19
27
32
34
37
14
18
24
26
27
28
32
36
48
50
11
15
20
24
26
29
38
42
55
58
11
16
19
23
29
31
45
50
57
59
11
16
21
25
28
30
34
38
51
54
7
11
14
18
20
25
38
42
54
57
8
12
17
20
22
23
30
36
45
50
64
