time_cost:3118813ms
ontime_proportion:0.733333
max_delay:31
avg_delay:4.900000
avg_flowtime:29.888889
object function value:2662.962963
0
0
0
2
4
5
7
9
13
15
18
0
0
0
0
0
0
30
39
46
50
0
0
0
0
0
0
0
0
1
3
0
0
0
0
0
0
0
2
4
6
0
0
0
0
0
2
10
14
19
22
0
0
0
0
0
0
0
2
3
12
0
3
6
8
9
11
12
18
21
24
0
0
0
0
0
0
15
21
24
26
0
0
7
8
10
11
23
28
33
37
0
0
0
0
0
0
0
35
40
42
0
0
0
0
0
0
0
0
2
4
0
0
0
0
0
0
0
2
25
28
0
0
0
0
4
6
18
25
38
40
0
0
0
0
0
0
0
0
1
7
0
0
0
0
4
7
30
35
41
45
0
0
0
0
0
0
0
0
3
6
0
0
0
2
4
5
36
42
45
48
0
0
0
1
3
4
9
12
17
19
0
0
0
5
7
8
26
32
34
40
0
0
0
0
0
6
42
51
57
59
0
0
0
0
0
0
0
3
5
7
0
0
0
0
0
0
0
0
0
0
0
0
0
0
0
0
31
39
47
49
0
0
0
0
1
2
21
26
30
33
0
0
0
0
1
2
6
10
17
19
0
0
0
0
0
0
0
0
3
6
0
0
0
1
3
4
25
32
40
42
0
0
0
0
0
0
0
0
0
1
0
0
0
0
7
16
30
37
45
47
0
0
0
0
2
4
5
9
11
16
0
0
0
0
0
0
0
0
0
0
0
0
0
0
2
3
34
41
45
48
23
30
33
35
36
38
40
44
49
51
0
0
0
2
6
9
30
36
44
46
0
0
0
0
0
0
0
0
0
4
0
0
0
0
0
1
5
11
16
20
0
0
0
3
5
7
8
12
14
17
0
0
0
0
2
5
11
16
19
21
0
0
0
0
0
0
41
47
56
59
0
0
0
0
0
0
0
1
4
5
6
11
12
16
18
19
21
26
27
35
20
27
30
33
35
37
39
42
46
49
14
19
27
30
32
33
35
40
42
45
21
27
33
35
37
38
40
44
48
50
29
33
37
40
42
44
45
49
51
54
5
9
15
17
19
21
27
33
38
47
19
27
31
33
34
35
37
41
43
47
29
35
38
40
42
43
45
49
54
58
16
21
26
32
34
35
38
43
55
58
16
23
26
29
31
32
34
37
40
43
23
29
32
34
35
36
38
42
44
46
16
24
35
37
39
40
42
46
50
53
13
19
22
25
27
29
38
47
52
55
12
17
20
22
23
25
27
31
33
35
26
32
35
38
40
41
43
47
49
52
0
3
5
9
11
12
28
31
35
41
8
15
18
21
26
28
37
43
48
51
9
14
16
18
19
20
22
26
30
32
22
27
32
35
37
38
40
44
45
48
29
35
38
40
43
45
46
51
55
57
13
17
21
23
25
26
27
30
35
36
0
5
6
9
12
13
15
22
23
26
1
6
9
11
13
14
25
33
36
43
4
8
10
12
13
14
16
20
22
25
16
23
28
30
32
33
35
39
42
44
3
9
12
14
15
16
18
22
24
27
3
7
9
11
12
14
16
20
22
24
12
18
21
24
26
27
33
43
52
54
8
14
15
18
20
21
23
28
29
32
13
18
21
23
24
27
33
40
43
45
31
38
40
42
44
45
46
49
51
55
12
16
18
20
21
23
25
29
31
35
11
15
18
20
22
23
25
29
34
39
1
4
6
13
19
21
38
45
52
55
3
8
10
13
15
17
33
40
51
56
7
12
14
16
17
18
20
24
29
31
9
15
19
21
22
24
33
40
43
45
2
5
9
10
13
15
27
33
37
38
8
14
17
22
26
27
34
42
48
50
3
6
8
9
11
12
13
16
18
19
2
5
8
11
14
20
31
38
42
45
2
6
8
10
11
12
14
21
23
25
29
34
38
41
43
44
46
50
51
57
26
31
36
38
39
41
42
46
49
51
4
8
11
13
14
16
17
21
24
26
7
12
14
16
17
19
20
25
29
31
3
10
11
14
16
18
20
25
26
29
5
11
13
15
16
17
19
23
25
28
0
3
5
6
8
9
33
38
41
44
0
5
7
10
17
20
30
36
40
43
61
