time_cost:2546437ms
ontime_proportion:0.655556
max_delay:35
avg_delay:6.833333
avg_flowtime:33.588889
object function value:3564.074074
0
0
0
0
0
0
0
0
0
0
1
0
0
0
1
3
5
16
21
26
29
0
0
0
0
1
2
33
41
44
47
0
0
0
0
0
0
0
1
3
4
0
0
1
3
5
7
10
15
19
23
0
0
0
0
0
0
0
0
3
7
0
4
6
8
9
10
13
18
20
22
0
0
0
0
4
22
31
40
46
50
0
0
2
6
18
42
49
57
60
63
0
0
2
3
4
6
14
27
31
32
0
0
2
4
6
8
13
19
24
26
0
1
3
5
7
9
11
16
18
20
0
0
0
0
0
0
0
0
0
3
0
0
0
0
0
0
29
36
39
44
0
0
0
0
0
0
0
0
0
2
0
3
5
11
13
15
29
40
44
46
0
0
0
0
0
0
0
1
22
25
0
0
0
0
0
0
32
43
47
50
0
0
0
0
0
1
20
28
30
32
0
0
1
5
7
9
48
59
61
63
0
0
0
2
3
5
44
55
57
59
0
0
0
0
3
6
19
26
28
29
0
0
0
2
5
8
47
57
59
61
0
0
0
0
0
0
21
25
28
30
0
0
0
0
0
0
50
60
63
64
0
2
4
5
6
7
40
49
51
52
0
0
0
0
4
26
33
46
51
52
0
0
0
0
0
1
29
37
40
41
0
0
0
0
0
0
0
0
0
0
0
3
4
7
8
10
34
43
48
50
0
0
0
0
0
0
0
0
0
0
0
0
0
0
0
0
8
13
16
19
0
0
0
0
0
0
0
0
0
0
0
0
0
0
2
4
10
16
18
20
0
0
0
0
0
0
0
4
8
10
0
0
0
0
1
3
6
11
14
16
0
0
0
0
0
0
34
47
52
55
0
0
0
0
1
2
9
14
17
18
0
0
0
0
0
0
0
0
0
0
0
0
0
0
0
8
24
33
39
43
17
24
27
30
32
33
35
40
43
46
6
9
12
15
16
17
22
27
30
33
19
26
29
32
34
36
38
41
44
51
5
14
17
20
22
23
28
37
40
43
3
6
9
15
18
23
32
44
49
52
17
22
25
27
28
29
37
47
49
53
5
9
11
12
13
14
24
30
32
33
1
5
7
9
10
12
24
32
37
39
4
8
10
13
14
16
18
22
24
26
4
9
11
13
15
17
19
24
26
28
3
9
12
14
17
19
28
39
44
46
7
11
13
15
16
18
23
32
37
39
7
12
15
19
20
21
25
36
39
41
15
20
22
23
24
25
27
38
50
51
3
8
9
11
13
15
16
21
23
25
21
30
33
34
35
37
39
44
47
48
8
12
14
16
17
18
25
32
34
36
21
27
30
32
33
34
46
55
58
59
0
3
4
6
8
11
22
31
32
34
1
5
7
9
10
12
14
19
21
23
21
29
32
35
37
39
41
47
52
55
14
18
21
24
26
28
30
33
36
39
19
24
27
28
29
31
33
47
50
51
1
6
7
9
11
13
27
37
42
44
12
18
21
22
23
25
27
33
36
37
17
23
34
37
38
39
41
44
49
52
22
29
30
32
33
35
36
44
46
48
8
11
14
20
23
41
48
57
60
63
10
15
20
23
25
27
44
52
55
58
25
35
37
38
39
40
42
51
53
54
2
6
8
10
15
21
37
47
49
52
17
25
28
31
33
34
36
41
46
49
14
20
23
26
28
29
31
36
41
44
0
5
6
9
11
13
16
21
28
30
13
19
22
25
27
29
31
34
37
40
9
16
19
20
21
23
32
40
43
44
3
7
9
11
12
14
27
38
42
44
25
30
32
34
35
37
39
45
47
49
29
39
41
42
43
44
46
53
56
57
1
6
8
9
12
19
36
45
48
49
11
22
25
28
30
31
40
50
53
58
5
10
12
13
17
27
45
55
57
58
11
16
19
22
23
24
26
30
34
37
25
32
35
36
37
39
41
49
52
54
24
34
39
42
43
44
46
49
52
55
9
14
16
18
20
25
43
53
55
57
9
13
15
17
18
20
32
43
45
47
0
4
6
8
9
11
13
17
19
21
6
11
14
17
19
20
22
28
31
35
5
8
11
14
15
16
18
22
25
28
65
