time_cost:3008316ms
ontime_proportion:0.811111
max_delay:22
avg_delay:2.700000
avg_flowtime:24.388889
object function value:1701.851852
0
0
0
0
1
3
4
39
44
45
46
0
0
0
0
0
0
1
2
4
5
0
0
0
0
0
0
0
0
0
0
0
0
0
0
0
0
7
10
13
14
0
0
0
0
0
0
0
1
3
5
0
0
0
0
0
0
0
0
0
0
0
0
0
0
0
0
0
0
0
1
0
0
0
0
0
0
42
45
46
48
0
0
1
2
5
6
32
35
38
49
0
0
0
1
2
3
10
14
15
18
0
0
0
0
0
0
0
0
2
6
0
0
0
0
0
1
6
11
12
15
0
0
0
0
0
0
0
1
2
3
0
0
0
0
0
0
0
3
5
7
0
0
0
0
0
0
0
0
0
0
0
0
0
0
0
0
0
0
0
2
0
0
0
0
0
0
1
4
5
7
0
0
0
0
0
0
0
0
0
4
0
4
5
6
7
8
42
46
48
49
0
0
2
5
6
8
21
26
32
35
0
0
0
0
0
0
1
4
6
7
0
4
5
6
7
9
37
42
43
44
0
0
0
1
3
5
20
23
25
27
0
0
0
0
0
0
38
43
44
45
0
0
0
0
0
1
23
30
32
35
0
3
4
6
7
9
40
45
46
47
0
1
3
4
6
7
35
38
40
47
0
0
0
0
0
0
0
0
0
0
0
1
2
3
4
5
32
36
37
38
0
3
4
5
6
7
13
17
19
20
0
0
0
0
2
3
9
12
14
15
0
0
0
0
0
0
10
16
19
21
0
0
0
0
0
1
38
43
45
47
0
0
0
0
0
1
23
28
30
33
0
0
0
0
0
0
0
0
0
0
0
0
0
0
1
3
24
28
29
30
0
0
0
0
0
0
0
0
3
5
0
0
1
2
4
6
30
34
37
38
0
0
0
0
0
0
0
0
0
0
0
0
0
0
0
0
0
0
0
0
20
25
26
27
28
30
32
37
38
39
0
5
7
10
11
13
14
19
21
24
5
9
10
11
12
13
15
19
20
21
10
15
16
20
21
22
27
32
33
36
2
7
9
11
13
14
15
20
22
25
6
10
11
12
14
16
19
24
25
29
35
38
40
41
43
44
45
48
50
51
27
31
34
35
37
39
41
45
48
49
2
7
9
11
12
13
14
19
21
23
22
27
29
32
33
35
38
43
45
48
8
13
15
18
19
21
26
31
37
40
11
15
18
19
21
23
26
34
37
40
13
18
24
28
29
32
34
40
41
45
2
6
9
10
13
16
18
22
25
26
34
37
38
39
41
43
44
47
48
49
22
26
29
30
32
34
36
40
43
44
4
7
10
11
16
19
35
40
42
43
5
9
10
13
14
15
17
21
22
23
8
13
15
18
19
22
38
43
46
49
5
9
10
11
15
18
34
38
39
44
6
10
13
14
16
18
23
28
31
32
9
14
16
21
22
24
27
32
34
37
31
34
36
37
41
43
44
49
51
52
19
22
24
25
27
28
29
32
35
43
11
16
18
21
24
26
27
32
34
37
22
27
28
31
32
33
36
41
47
50
15
20
21
22
23
25
28
33
35
36
4
8
9
10
12
14
16
20
21
22
31
35
36
37
39
41
43
48
49
50
22
25
27
28
30
31
32
41
47
51
3
6
7
8
9
11
14
18
19
20
29
33
36
37
39
41
43
47
50
51
19
23
26
27
29
31
33
37
40
41
9
15
18
19
22
24
32
38
41
42
9
14
16
19
20
22
27
36
38
41
7
11
12
13
16
18
28
31
32
34
0
5
6
9
10
11
13
18
22
25
12
17
19
22
25
27
31
39
41
43
25
30
31
32
33
35
37
42
43
44
3
6
8
12
13
15
16
19
21
23
18
22
23
24
26
28
30
34
36
45
22
27
29
32
33
35
36
41
43
46
19
22
24
30
35
36
40
43
45
49
26
29
31
33
34
36
37
40
42
44
3
9
11
14
17
20
38
43
44
47
10
14
15
16
18
20
25
29
30
31
7
11
12
13
15
17
20
25
27
28
23
26
28
30
31
33
41
44
47
50
4
9
11
14
15
16
18
23
24
27
17
22
23
24
25
27
33
38
39
40
54
