time_cost:2324048ms
ontime_proportion:0.688889
max_delay:29
avg_delay:3.844444
avg_flowtime:31.133333
object function value:3148.888889
0
0
0
0
0
1
2
25
35
41
45
0
0
2
5
7
9
15
22
24
27
0
0
0
0
0
1
15
18
19
20
0
0
0
0
0
0
0
0
0
1
0
0
0
0
1
2
18
21
23
24
0
0
0
0
0
0
0
0
2
3
0
0
0
0
0
0
12
16
17
18
0
0
0
0
1
2
24
28
31
33
0
0
0
2
3
4
35
42
45
47
0
0
0
2
4
6
25
28
31
36
0
0
0
0
1
2
10
13
14
15
0
1
2
3
4
5
17
20
22
23
0
0
0
0
0
0
0
0
0
0
0
0
0
0
0
1
21
24
26
27
0
0
0
0
0
0
7
10
11
16
0
0
0
0
0
0
11
14
16
17
0
2
5
8
9
10
31
38
41
44
0
3
5
6
8
9
12
16
18
23
0
0
1
2
3
4
15
19
20
22
0
0
0
0
0
0
0
0
0
2
0
1
2
3
4
6
10
16
18
19
0
0
0
0
0
0
0
0
1
3
0
0
0
0
0
1
17
21
23
25
16
19
21
24
26
28
35
45
47
50
0
0
0
0
0
0
0
2
3
6
7
9
12
15
17
19
29
35
38
41
0
0
0
0
0
0
0
0
0
0
0
0
1
2
5
6
27
31
33
34
0
0
0
0
2
3
24
28
31
34
0
0
0
0
0
0
0
0
0
0
0
0
0
0
0
0
31
35
38
41
0
0
0
0
0
0
20
24
27
29
0
2
3
4
5
7
20
26
27
28
0
0
0
0
0
0
29
33
35
36
0
0
0
0
0
0
0
0
0
3
0
0
0
0
0
1
37
46
51
54
0
0
0
0
2
4
34
40
43
46
0
0
0
0
0
0
0
0
0
4
0
0
3
7
8
9
25
30
33
35
0
0
0
0
0
0
0
5
19
22
15
20
23
24
26
27
34
42
45
46
4
8
9
10
11
12
13
17
18
20
0
3
4
5
6
7
22
27
28
32
2
6
7
9
10
12
18
23
24
26
0
4
5
7
12
14
25
32
35
37
5
9
10
12
13
15
17
21
22
24
0
4
7
9
10
11
25
31
34
36
10
15
16
17
18
20
22
27
28
30
3
8
9
10
11
13
15
20
21
22
13
17
20
23
25
27
44
51
54
57
9
12
13
14
15
17
28
31
33
34
13
17
20
22
23
24
32
39
42
44
0
5
8
10
14
16
29
34
36
38
18
22
25
29
30
31
33
41
44
47
24
28
30
31
33
36
41
51
53
56
19
26
29
31
32
33
44
56
59
60
7
11
12
14
16
18
33
41
44
48
6
11
13
16
18
20
32
38
41
42
11
15
16
18
24
26
35
42
43
46
1
5
6
8
9
11
21
26
28
30
7
12
15
20
21
22
31
38
41
42
9
14
17
19
20
21
23
30
33
35
15
20
22
23
27
29
45
56
58
59
20
24
26
27
30
32
45
54
57
58
3
6
9
12
20
22
30
35
38
43
16
24
27
28
29
30
32
40
44
45
9
12
15
18
21
24
38
47
50
53
5
14
17
18
20
21
28
34
37
38
3
7
10
13
21
22
37
43
46
48
6
11
12
13
14
16
20
25
26
27
8
12
15
17
19
20
28
33
36
38
0
5
8
14
22
24
33
39
42
48
12
15
17
18
22
23
39
48
50
51
0
4
5
7
23
25
41
50
54
56
16
20
23
26
28
30
35
43
46
49
19
23
26
29
31
33
44
53
56
59
0
3
5
6
8
9
36
43
45
46
13
17
19
20
24
26
41
49
51
55
4
7
9
11
16
18
32
38
40
41
1
6
7
8
9
11
27
34
35
36
3
9
12
17
18
19
25
32
35
36
9
13
14
16
19
24
40
50
54
56
21
27
30
32
33
34
37
46
49
53
22
29
32
33
34
35
42
53
56
57
4
9
10
11
12
14
27
33
34
35
2
7
11
14
16
17
29
36
39
40
6
10
11
13
14
16
27
33
36
38
8
13
14
15
16
18
20
26
27
28
14
18
20
21
23
27
42
51
53
54
12
17
19
22
24
26
30
37
39
43
61
