time_cost:1508237ms
ontime_proportion:0.644444
max_delay:35
avg_delay:7.344444
avg_flowtime:34.700000
object function value:3712.222222
0
0
0
0
0
1
3
12
17
21
23
0
0
2
5
7
11
36
44
49
52
0
0
0
0
0
0
36
51
56
61
0
0
0
1
3
4
11
15
17
20
0
0
0
0
0
0
0
0
2
4
0
0
0
0
0
0
36
43
53
56
0
0
0
1
2
4
14
20
23
25
30
39
44
47
49
50
52
57
58
61
0
0
0
0
4
7
32
38
43
46
0
0
0
0
0
0
17
23
30
32
0
0
0
0
0
2
17
21
27
29
0
0
0
0
0
0
0
0
3
5
0
0
0
0
5
11
38
44
52
54
0
0
0
0
0
0
0
2
4
6
0
0
0
0
0
0
0
0
0
3
0
0
0
0
0
0
25
31
35
37
0
0
0
0
2
4
25
30
34
42
0
0
0
0
0
0
0
0
2
6
25
32
35
38
40
41
43
47
48
51
0
0
0
2
5
8
35
40
48
50
0
0
0
2
4
5
12
16
18
22
0
0
0
0
0
0
21
28
32
35
28
36
42
44
46
47
49
53
56
58
0
0
0
4
6
8
39
48
58
59
0
0
0
0
0
0
0
0
0
0
0
0
0
2
3
6
38
52
59
61
0
0
0
0
0
1
9
13
16
19
0
0
0
0
1
2
14
22
24
28
0
0
0
0
0
6
32
41
51
54
0
0
0
0
1
5
28
34
39
40
0
0
0
0
0
0
8
15
16
19
0
0
0
0
3
6
34
40
46
48
0
0
1
4
6
9
35
43
48
56
0
0
0
0
5
9
41
54
62
63
0
0
0
0
2
3
14
19
21
24
0
0
0
0
1
2
4
8
11
20
0
0
0
0
4
8
40
54
61
62
0
0
0
0
0
0
0
1
3
6
0
0
0
0
0
0
0
3
5
6
0
0
0
0
0
0
0
3
5
10
1
4
6
9
11
12
14
17
19
22
13
17
22
25
27
28
30
34
38
42
8
12
15
17
19
25
38
45
50
57
10
14
19
21
23
27
36
45
56
58
11
16
18
22
24
25
31
40
47
50
24
31
37
39
41
42
44
48
51
53
13
17
28
30
31
32
34
38
40
42
3
6
8
11
13
14
16
19
21
24
31
40
45
48
50
51
53
58
61
64
10
15
38
40
41
44
46
50
54
58
1
10
14
18
20
21
28
36
42
44
6
13
15
18
20
22
23
27
29
32
8
13
14
17
19
20
22
27
28
33
21
28
33
35
37
38
40
44
47
49
2
6
9
13
14
16
17
21
24
26
9
14
17
19
20
22
32
40
52
54
27
32
37
39
40
42
43
48
54
58
6
12
13
16
18
19
21
26
32
40
27
35
41
43
44
46
47
51
54
56
5
10
13
15
16
18
19
24
26
28
7
12
35
38
42
45
46
52
59
62
5
9
12
14
16
17
19
23
26
28
5
9
11
13
17
23
34
38
46
49
6
11
12
15
17
18
20
25
26
29
0
20
24
26
28
29
31
35
40
42
17
24
31
33
34
36
37
42
44
46
24
29
35
37
39
40
42
46
49
51
2
6
11
15
19
20
27
33
40
42
18
26
34
35
37
38
39
42
44
45
9
13
15
17
18
21
23
27
29
31
1
4
6
7
9
10
31
36
42
43
25
30
34
40
42
44
45
49
51
55
10
17
21
23
25
26
35
43
54
56
9
14
17
20
22
23
29
34
39
44
5
10
13
16
18
19
21
25
28
30
6
11
13
14
16
17
25
29
33
35
13
19
25
27
28
30
31
35
40
42
28
32
37
38
40
41
42
45
48
53
21
28
31
34
36
38
39
43
45
48
21
28
30
32
33
35
37
41
45
47
25
32
38
40
42
43
45
49
52
54
3
8
10
12
13
15
16
21
23
26
2
5
7
10
12
13
15
18
20
23
0
3
5
8
10
11
29
39
42
45
2
6
8
11
15
17
28
33
37
42
3
8
10
13
17
19
20
26
30
33
4
8
10
12
13
14
32
41
50
52
17
22
25
28
30
32
33
38
42
45
13
17
19
21
22
24
26
30
32
35
1
5
8
10
11
13
17
23
28
30
66
