time_cost:2996507ms
ontime_proportion:0.700000
max_delay:35
avg_delay:5.544444
avg_flowtime:33.688889
object function value:3122.962963
0
0
0
0
2
3
5
35
42
49
51
0
0
0
0
0
0
41
49
60
61
17
21
25
28
30
31
33
37
41
44
0
0
0
1
3
4
16
24
30
33
0
0
0
0
0
0
0
0
2
4
35
41
46
49
51
52
54
59
60
63
0
0
0
0
0
0
0
0
0
0
0
0
0
2
4
5
9
15
22
25
0
0
0
0
0
0
0
0
49
52
0
0
3
5
7
8
12
16
20
24
0
0
0
0
1
2
23
29
35
38
0
0
0
0
0
0
33
41
50
55
0
0
3
6
8
9
20
31
35
39
0
0
0
0
0
0
0
0
0
2
0
1
19
21
22
23
30
37
41
43
0
0
0
0
0
2
28
35
40
42
0
0
0
3
5
6
41
48
57
60
0
0
0
0
0
0
25
32
39
42
0
0
0
0
0
1
2
6
8
11
0
1
3
5
6
8
15
21
25
27
0
2
4
6
7
10
21
31
37
39
0
0
0
0
0
0
34
42
49
51
0
0
0
0
0
0
0
5
14
18
0
0
0
0
0
0
0
0
2
5
0
0
0
0
0
0
0
0
2
5
0
0
0
0
1
3
26
32
36
38
10
21
22
25
27
29
41
49
57
60
0
0
0
0
2
6
25
34
40
42
0
0
0
0
0
0
0
0
0
0
0
0
0
0
0
0
0
0
0
0
0
0
0
0
0
0
0
0
0
0
0
0
0
0
1
3
5
9
11
14
0
3
5
20
27
28
34
41
50
53
0
0
0
0
0
0
0
0
0
0
0
0
0
0
0
0
13
19
22
23
0
0
0
0
0
0
0
19
24
28
0
4
5
8
10
11
13
18
19
23
0
0
0
0
0
0
0
0
1
3
0
0
0
4
5
7
32
39
47
50
0
0
0
0
0
0
36
45
52
54
16
22
29
32
34
35
37
41
46
49
34
41
45
48
50
52
53
57
59
62
1
8
10
12
15
17
27
35
39
41
7
12
14
15
17
18
19
23
25
33
16
22
28
30
31
33
34
40
48
50
12
19
22
26
28
30
35
43
51
54
9
15
17
18
23
24
29
36
42
50
4
10
12
16
21
25
31
37
42
44
10
17
22
24
26
27
29
33
38
41
2
11
13
14
17
19
26
33
39
40
3
7
9
10
12
13
20
26
28
31
9
14
15
18
20
21
23
28
32
36
14
19
21
22
24
26
33
39
45
47
1
5
8
11
13
14
16
20
24
27
6
11
13
16
18
19
27
33
38
43
3
6
8
11
13
14
18
26
32
37
3
7
11
13
14
16
17
22
27
29
5
9
11
13
14
15
24
31
35
37
27
34
44
46
47
49
50
54
57
59
1
4
6
9
11
12
14
17
19
22
9
14
17
20
24
25
32
39
45
51
0
3
5
8
10
11
13
16
18
21
6
10
13
15
16
18
19
23
26
28
16
25
27
28
30
31
32
37
44
45
9
14
18
20
21
23
24
28
35
37
8
13
17
19
20
22
24
28
30
34
28
36
41
44
46
47
49
53
54
57
10
15
18
19
23
29
38
45
51
52
0
5
8
13
19
27
38
45
51
56
3
6
8
11
13
17
31
39
43
49
10
17
20
22
24
26
29
38
45
47
21
27
29
32
34
36
40
47
54
57
17
27
31
34
36
37
39
43
47
52
9
15
17
19
21
23
25
30
34
36
0
3
5
8
11
13
22
28
32
35
6
13
16
18
20
21
23
30
37
39
13
21
23
25
26
28
29
34
37
39
15
22
28
31
33
34
36
40
44
48
8
13
15
17
18
19
22
29
40
42
0
4
5
13
15
16
21
28
37
42
6
11
15
17
18
20
21
25
28
30
6
12
14
18
20
21
23
30
34
37
4
8
9
12
14
15
29
38
42
46
0
7
14
20
22
24
25
29
32
38
19
25
28
31
33
34
39
47
54
57
18
27
31
34
36
37
39
44
48
51
5
9
12
14
16
17
19
23
26
30
12
19
22
24
25
27
28
37
43
45
5
9
11
14
16
18
19
23
25
28
13
17
21
22
24
25
32
39
44
47
65
