time_cost:2111320ms
ontime_proportion:0.788889
max_delay:16
avg_delay:2.011111
avg_flowtime:26.855556
object function value:2006.296296
0
0
0
0
0
0
0
11
15
16
17
0
0
1
3
4
7
17
20
22
24
0
0
0
0
2
3
18
23
25
27
0
0
0
0
0
0
0
0
0
4
0
0
0
0
0
0
0
0
0
1
0
0
0
1
3
5
9
13
16
19
0
0
0
0
0
1
15
20
21
24
0
0
0
0
0
0
0
3
4
5
0
0
0
1
6
8
21
26
28
31
0
0
2
3
5
6
10
13
15
16
0
0
0
0
0
0
0
0
0
1
0
0
0
0
0
0
0
0
0
0
0
0
1
4
5
6
17
22
23
26
0
0
0
0
0
0
0
0
1
2
0
0
1
3
4
5
17
22
24
26
0
0
0
0
0
0
20
24
25
26
0
0
0
0
0
2
17
21
22
24
0
0
0
0
0
1
9
14
15
18
0
0
1
4
5
7
8
13
15
18
0
0
0
0
8
10
25
29
32
35
0
0
0
0
0
0
19
22
23
24
0
0
0
0
0
0
0
0
0
0
0
0
0
0
0
0
0
1
3
11
0
0
0
0
2
4
21
24
25
26
0
0
0
0
0
0
1
4
6
9
0
0
0
0
0
2
12
18
20
23
0
0
0
0
0
0
0
0
0
0
0
0
0
0
1
3
18
23
25
28
0
0
2
3
10
12
25
30
33
34
0
0
0
0
9
11
23
26
28
30
0
0
0
0
0
0
0
0
0
0
0
0
0
0
0
0
25
27
30
31
0
2
3
5
6
8
22
25
26
27
0
3
4
5
7
8
24
29
31
32
0
0
0
0
1
3
14
18
19
21
0
0
0
0
0
0
0
1
3
6
0
0
0
0
0
0
28
32
35
36
0
3
4
5
7
9
16
20
21
22
5
9
10
13
14
15
29
35
36
39
0
0
0
1
3
5
27
31
34
37
8
13
15
18
19
21
28
33
36
39
7
10
12
14
15
17
27
30
32
39
6
10
11
12
13
14
28
33
34
35
20
25
26
27
28
30
32
37
39
44
4
7
9
12
14
15
16
19
21
22
3
7
8
9
10
11
13
17
18
19
20
25
27
29
30
31
32
37
39
41
0
4
5
7
11
13
29
35
39
40
1
6
7
8
9
11
13
18
19
20
13
16
18
19
21
22
27
33
38
40
13
16
18
20
21
23
24
27
29
33
0
5
6
7
8
13
30
35
36
37
7
12
13
16
17
18
34
39
40
43
3
6
8
10
11
13
14
17
19
21
23
27
28
29
30
31
33
37
38
39
20
25
27
30
31
32
33
38
40
42
1
4
6
7
16
19
34
38
40
41
14
19
21
23
24
25
32
37
39
41
2
8
10
13
14
16
32
37
39
42
25
30
32
34
35
36
37
42
44
46
13
17
20
21
23
25
36
40
43
44
6
9
11
13
15
17
33
36
41
43
22
27
29
31
32
33
34
39
41
44
26
32
34
36
37
38
40
45
47
49
11
21
30
33
34
36
37
42
44
47
3
6
8
9
15
16
33
40
43
44
30
34
35
36
38
40
42
46
49
50
16
21
31
34
35
37
39
44
46
49
10
15
17
19
20
21
35
40
42
44
4
8
9
10
13
17
39
43
44
45
5
9
10
11
17
20
37
42
43
44
0
3
5
9
11
16
31
34
36
38
2
5
7
11
18
20
41
44
46
48
23
28
30
33
34
36
37
42
44
47
9
13
14
15
20
24
46
50
52
53
7
11
12
13
17
19
37
41
42
43
8
11
12
15
24
27
46
49
52
53
4
8
9
10
12
14
16
20
21
24
26
31
33
37
38
40
41
46
48
51
27
32
33
34
36
38
40
45
46
47
5
9
12
13
15
17
19
23
26
27
25
28
36
38
40
42
44
47
50
52
22
28
31
32
34
35
43
47
49
50
1
5
6
7
22
26
45
49
51
52
36
39
41
42
44
45
46
49
51
52
3
7
8
9
14
22
44
48
50
51
6
12
14
15
17
18
30
34
36
45
9
14
15
16
18
22
39
44
47
48
9
15
16
19
20
21
38
43
44
47
37
41
42
43
44
45
47
51
52
53
54
