time_cost:5493ms
ontime_proportion:0.588889
max_delay:45
avg_delay:7.477778
avg_flowtime:32.133333
object function value:4182.222222
0
0
0
0
1
3
4
32
37
41
43
0
0
0
0
0
0
0
3
6
8
0
0
0
0
0
0
0
1
6
9
0
0
0
0
0
0
0
0
0
0
0
0
0
0
0
0
0
0
2
3
0
0
0
0
0
0
0
0
0
1
0
0
0
0
0
0
46
56
60
62
0
0
0
0
0
0
0
0
0
1
0
0
0
0
2
3
9
16
18
21
0
0
0
0
0
0
0
0
0
0
0
0
0
0
0
1
57
62
67
70
0
0
0
0
0
0
0
0
0
2
0
0
0
0
0
0
0
0
0
0
0
0
3
5
6
8
24
29
33
35
0
0
0
2
4
5
21
28
30
33
0
0
0
0
5
7
25
31
35
37
0
4
7
9
11
12
14
22
25
27
39
44
50
52
53
54
56
60
63
65
0
0
0
0
0
0
0
0
0
0
0
0
0
0
0
0
0
0
0
2
0
0
0
0
0
0
0
52
58
60
0
2
5
7
8
10
36
41
45
47
0
0
0
0
0
0
0
0
2
5
0
1
4
6
8
30
58
65
71
73
0
0
0
0
1
3
24
29
34
36
0
3
4
7
9
10
15
19
27
30
0
0
0
0
0
1
50
55
59
62
0
0
0
0
0
0
0
0
1
4
0
0
0
0
0
0
19
25
54
56
0
0
0
0
0
0
0
1
3
6
0
0
1
4
6
7
19
25
26
29
0
0
0
0
1
2
43
47
51
56
12
22
25
27
28
30
31
35
38
40
0
0
0
0
0
0
0
0
0
0
0
0
1
3
4
6
21
29
32
34
0
0
0
0
0
0
8
14
16
20
0
0
0
0
0
0
18
27
30
32
0
0
0
0
0
0
53
59
65
67
0
0
0
0
0
2
8
14
17
19
11
17
19
21
28
32
57
64
70
72
1
5
7
9
10
12
30
35
39
41
34
40
41
44
46
47
49
54
55
58
9
14
17
19
20
22
23
28
31
33
8
12
14
16
17
19
21
27
29
31
2
6
7
10
12
14
37
42
45
48
11
16
18
20
21
23
28
35
37
39
3
7
9
11
12
14
16
20
22
24
4
8
11
13
14
16
17
21
24
26
43
49
52
54
56
57
59
63
68
70
5
10
12
13
15
17
18
24
26
27
8
13
15
17
19
20
21
26
29
30
10
15
18
20
22
24
35
41
44
46
25
32
34
36
37
39
40
45
47
49
5
11
13
15
16
18
20
25
27
29
4
9
10
16
18
21
23
29
31
41
7
12
15
17
18
21
24
30
33
35
18
23
25
26
28
29
50
57
62
63
28
33
36
38
39
41
42
46
49
51
21
28
30
33
35
37
50
58
62
66
13
19
21
23
24
26
33
39
43
45
6
12
14
16
17
19
21
27
29
31
27
31
33
35
37
38
50
57
61
65
2
6
8
10
11
12
14
18
20
22
35
39
43
45
46
48
49
53
56
58
0
9
13
15
16
17
19
25
27
29
46
52
57
59
60
61
63
67
69
71
10
14
16
18
19
20
38
43
46
48
2
5
7
8
10
11
12
15
17
18
6
10
12
15
19
22
46
55
58
61
1
5
8
10
11
13
14
18
21
23
8
13
15
17
18
20
31
36
38
40
26
32
33
36
38
39
53
59
62
65
0
3
5
6
8
9
12
17
19
20
14
20
22
24
25
27
28
33
35
37
4
8
9
12
14
15
17
21
22
25
2
7
10
13
15
16
42
46
48
51
1
4
6
7
9
10
41
47
51
52
30
37
39
41
42
44
45
50
52
54
12
18
20
22
23
25
39
44
48
50
5
9
12
14
15
17
18
22
25
27
15
23
24
27
29
30
32
38
40
46
23
34
36
39
41
42
53
62
65
68
22
26
28
31
33
34
54
60
65
68
3
8
10
12
13
15
16
21
23
25
25
30
32
33
35
36
39
49
54
55
7
12
15
18
26
28
44
51
54
57
11
17
20
22
23
25
26
31
34
36
4
7
9
11
13
14
58
66
68
69
15
20
23
25
27
28
54
62
70
72
6
10
13
15
17
18
20
24
27
29
75
